-130898.307    56.789     0.00    6.34
-130612.193    54.726    -7.21    6.88
-130326.083    52.338    -8.34    7.42
-130039.977    49.280   -10.69    7.80
-129753.875    45.200   -14.26    7.24
-129467.777    41.631   -12.47    6.97
-129181.683    38.086   -12.39    6.38
-128895.592    35.090   -10.47    5.66
-128609.506    32.664    -8.48    4.87
-128323.424    30.608    -7.19    4.06
-128037.346    28.879    -6.04    3.52
-127751.272    27.264    -5.65    3.49
-127465.201    25.807    -5.09    3.80
-127179.135    24.606    -4.20    4.46
-126893.073    23.278    -4.64    5.15
-126607.015    21.650    -5.69    5.74
-126320.960    20.092    -5.45    5.68
-126034.910    18.866    -4.29    5.36
-125748.864    18.275    -2.07    4.90
-125462.821    18.190    -0.30    4.60
-125176.783    18.641     1.58    4.53
-124890.748    18.909     0.94    4.37
-124604.718    18.399    -1.78    4.52
-124318.691    17.638    -2.66    4.75
-124032.669    16.464    -4.10    5.36
-123746.650    14.446    -7.06    6.37
-123460.504    11.090   -11.73    7.06
-123173.549     7.786   -11.51    6.87
-122886.599     4.706   -10.73    6.63
-122599.654     2.000    -9.43    6.54
-122312.713    -0.705    -9.43    6.28
-122025.777    -3.734   -10.56    5.76
-121738.846    -5.856    -7.40    5.03
-121451.920    -7.881    -7.06    4.18
-121164.998    -9.230    -4.70    3.64
-120878.081    -9.607    -1.31    3.25
-120591.169    -9.266     1.19    3.80
-120304.262    -8.483     2.73    4.40
-120017.359    -7.463     3.56    4.74
-119730.461    -6.725     2.57    4.95
-119443.568    -5.914     2.83    4.95
-119156.680    -5.129     2.73    4.77
-118869.796    -4.510     2.16    4.85
-118582.917    -3.469     3.63    5.06
-118296.043    -2.014     5.07    4.91
-118009.173    -0.703     4.57    4.50
-117722.309     0.529     4.29    4.55
-117435.449     1.637     3.86    4.67
-117148.593     1.986     1.22    4.64
-116861.743     1.703    -0.99    5.10
-116574.897     0.827    -3.05    5.93
-116288.056    -0.479    -4.55    6.23
-116001.220    -1.681    -4.19    6.39
-115714.389    -3.558    -6.54    6.24
-115427.562    -5.007    -5.05    5.79
-115140.740    -6.685    -5.85    5.39
-114853.922    -8.086    -4.88    4.34
-114567.110    -8.835    -2.61    4.08
-114280.302    -9.465    -2.20    3.90
-113993.499   -10.459    -3.46    2.94
-113706.701   -11.319    -3.00    1.61
-113419.907   -11.770    -1.57    0.95
-113133.118   -11.836    -0.23    0.91
-112846.334   -11.782     0.19    0.90
-112559.555   -11.719     0.22    0.88
-112272.780   -11.667     0.18    0.87
-111986.010   -11.586     0.28    0.83
-111699.245   -11.557     0.10    0.82
-111412.485   -11.521     0.12    0.80
-111125.729   -11.479     0.15    0.78
-110838.978   -11.434     0.16    0.75
-110552.232   -11.366     0.23    0.69
-110265.490   -11.262     0.36    0.72
-109978.754   -11.070     0.67    1.18
-109692.022   -11.021     0.17    1.22
-109405.294   -10.413     2.12    2.27
-109118.572    -8.608     6.29    4.84
-108831.854    -5.950     9.27    6.53
-108545.141    -2.993    10.32    7.67
-108258.433     0.275    11.40    7.82
-107971.729     3.752    12.13    7.29
-107685.030     7.846    14.28    6.93
-107398.336    10.561     9.47    7.53
-107111.647    12.629     7.21    8.29
-106824.962    14.619     6.94    8.48
-106538.282    16.669     7.15    8.67
-106251.607    19.896    11.26    9.11
-105964.936    23.951    14.15   10.50
-105678.271    28.540    16.01   12.11
-105391.610    32.600    14.16   12.41
-105104.953    37.106    15.72   12.05
-104818.302    41.294    14.61    9.73
-104531.655    43.993     9.42    7.68
-104245.013    44.857     3.01    7.32
-103958.376    44.779    -0.27    7.16
-103671.743    44.908     0.45    7.16
-103385.115    45.139     0.81    7.16
-103098.492    45.952     2.84    7.07
-102811.873    46.803     2.97    6.84
-102525.260    48.257     5.07    7.18
-102238.651    49.979     6.01    8.01
-101952.046    52.154     7.59    8.19
-101665.447    54.438     7.97    8.30
-101378.852    57.133     9.40    8.23
-101092.262    59.396     7.90    7.85
-100805.676    60.410     3.54    7.48
-100519.096    60.769     1.25    7.28
-100232.520    60.514    -0.89    6.95
 -99945.949    59.303    -4.22    6.62
 -99659.382    57.856    -5.05    6.25
 -99372.820    55.619    -7.81    6.07
 -99086.263    53.471    -7.49    6.23
 -98799.711    53.129    -1.19    7.41
 -98513.164    51.946    -4.13    8.15
 -98226.621    51.483    -1.62    8.12
 -97940.083    50.500    -3.43    8.17
 -97653.549    49.223    -4.46    8.21
 -97367.020    48.745    -1.67    8.11
 -97080.497    47.315    -4.99    7.73
 -96793.977    44.669    -9.24    8.55
 -96507.463    40.892   -13.18   10.19
 -96220.953    36.457   -15.48   10.85
 -95934.448    33.310   -10.99    9.92
 -95647.947    31.565    -6.09    8.42
 -95361.452    32.372     2.82    9.41
 -95074.961    36.514    14.46   12.89
 -94788.475    42.179    19.77   14.73
 -94501.993    49.978    27.23   15.91
 -94215.516    58.715    30.50   15.76
 -93929.044    67.042    29.07   15.22
 -93642.577    74.077    24.56   13.46
 -93356.114    78.796    16.47   11.54
 -93069.657    81.697    10.13   10.33
 -92783.203    84.408     9.47    9.93
 -92496.755    86.524     7.39   11.24
 -92210.311    89.329     9.79   12.57
 -91923.872    93.514    14.61   12.01
 -91637.438    97.450    13.74   12.14
 -91351.008   101.234    13.21    9.88
 -91064.583   103.641     8.40    7.61
 -90778.163   105.289     5.75    5.68
 -90491.748   106.184     3.13    4.48
 -90205.337   106.343     0.55    4.10
 -89918.931   104.950    -4.86    4.43
 -89632.530   103.007    -6.78    5.21
 -89346.133   101.562    -5.04    7.11
 -89059.741    99.725    -6.41    8.96
 -88773.354    97.817    -6.66    9.65
 -88486.971    94.873   -10.28   10.71
 -88200.594    91.944   -10.23   11.50
 -87914.221    88.636   -11.55   12.39
 -87627.852    84.458   -14.59   14.01
 -87341.489    79.729   -16.52   15.77
 -87055.130    72.071   -26.74   18.34
 -86768.776    62.921   -31.95   19.93
 -86482.426    53.639   -32.42   19.51
 -86196.081    45.150   -29.65   18.59
 -85909.741    37.232   -27.65   15.88
 -85623.406    32.150   -17.75   12.12
 -85337.075    28.748   -11.88    8.28
 -85050.749    29.359     2.13    8.19
 -84764.428    31.359     6.99    9.18
 -84478.111    34.041     9.37   10.23
 -84191.800    37.558    12.28   10.18
 -83905.493    41.246    12.88    9.76
 -83619.190    44.562    11.58    9.09
 -83332.892    47.469    10.15    7.80
 -83046.599    50.637    11.06    8.88
 -82760.311    53.957    11.60   11.42
 -82474.028    59.187    18.27   13.83
 -82187.749    65.036    20.43   15.33
 -81901.475    69.614    15.99   15.27
 -81615.205    75.393    20.19   14.16
 -81328.940    80.331    17.25   14.01
 -81042.680    85.170    16.91   14.68
 -80756.425    89.809    16.20   14.90
 -80470.174    93.455    12.74   15.22
 -80183.928    97.587    14.44   13.49
 -79897.687    99.937     8.21   10.53
 -79611.451   100.464     1.84    7.58
 -79325.219   100.064    -1.40    6.11
 -79038.992    98.759    -4.56    5.95
 -78752.769    96.929    -6.39    6.76
 -78466.551    94.184    -9.59    8.46
 -78180.338    90.093   -14.30   11.74
 -77894.130    86.439   -12.77   13.11
 -77607.926    81.971   -15.61   14.27
 -77321.728    76.340   -19.68   14.66
 -77035.533    72.819   -12.30   12.41
 -76749.344    71.261    -5.45   10.10
 -76463.159    71.866     2.12   10.35
 -76176.979    74.563     9.42   13.03
 -75890.803    77.853    11.50   14.44
 -75604.633    82.063    14.71   13.83
 -75318.467    85.542    12.16   11.62
 -75032.305    88.379     9.91    9.65
 -74746.149    89.864     5.19    9.05
 -74459.997    90.915     3.67    9.18
 -74173.850    93.685     9.68    9.42
 -73887.707    97.211    12.32   10.24
 -73601.569   101.881    16.32    9.82
 -73315.436   106.174    15.00    8.86
 -73029.308   110.324    14.50    7.93
 -72743.184   113.110     9.74    8.31
 -72457.065   115.276     7.57    8.16
 -72170.950   117.166     6.60    7.35
 -71884.841   118.820     5.78    6.48
 -71598.736   119.374     1.94    6.22
 -71312.635   119.732     1.25    5.68
 -71026.540   120.286     1.93    4.94
 -70740.449   120.667     1.33    4.24
 -70454.363   121.621     3.34    3.73
 -70168.281   122.993     4.79    3.32
 -69882.204   124.576     5.53    3.06
 -69596.132   126.292     6.00    3.45
 -69310.065   127.643     4.73    4.00
 -69024.002   128.524     3.08    4.32
 -68737.944   129.585     3.71    4.46
 -68451.891   130.532     3.31    4.22
 -68165.842   131.359     2.89    4.16
 -67879.798   131.812     1.58    4.69
 -67593.759   132.688     3.06    5.49
 -67307.724   133.543     2.99    5.96
 -67021.694   134.302     2.65    6.69
 -66735.669   135.787     5.19    7.57
 -66449.649   137.587     6.29    7.68
 -66163.633   139.415     6.39    6.16
 -65877.622   140.433     3.56    4.54
 -65591.615   141.193     2.66    3.40
 -65305.613   141.865     2.35    3.28
 -65019.616   141.500    -1.28    3.92
 -64733.624   141.103    -1.39    4.42
 -64447.636   140.924    -0.63    4.92
 -64161.653   141.417     1.73    5.14
 -63875.675   142.457     3.64    5.99
 -63589.701   143.685     4.29    6.51
 -63303.732   144.918     4.31    6.37
 -63017.768   146.493     5.51    5.65
 -62731.808   147.583     3.81    4.78
 -62445.853   147.336    -0.86    4.99
 -62159.903   146.058    -4.47    5.76
 -61873.958   144.103    -6.83    5.37
 -61587.781   141.980    -7.42    4.58
 -61300.747   140.140    -6.41    3.53
 -61013.718   137.899    -7.81    4.64
 -60726.694   135.621    -7.94    6.50
 -60439.676   132.752   -10.00    7.95
 -60152.664   129.917    -9.88    8.78
 -59865.656   127.065    -9.94    8.65
 -59578.655   124.787    -7.94    7.45
 -59291.659   122.761    -7.06    6.76
 -59004.668   121.308    -5.06    7.17
 -58717.683   119.958    -4.70    7.98
 -58430.703   118.180    -6.20    8.91
 -58143.729   114.614   -12.42   10.36
 -57856.760   109.510   -17.79   11.34
 -57569.797   104.170   -18.61   11.56
 -57282.839    98.652   -19.23   11.36
 -56995.887    95.236   -11.91    9.83
 -56708.940    93.369    -6.51    9.33
 -56421.998    93.394     0.09    9.90
 -56135.062    95.007     5.62   11.59
 -55848.132    98.612    12.56   12.74
 -55561.207   102.277    12.77   12.03
 -55274.287   105.490    11.20    9.66
 -54987.373   107.143     5.76    8.02
 -54700.465   107.438     1.03    7.15
 -54413.561   106.050    -4.83    7.67
 -54126.664   103.187    -9.98    8.40
 -53839.772    99.331   -13.44    9.21
 -53552.885    96.490    -9.90    9.22
 -53266.003    94.629    -6.49    8.56
 -52979.128    92.500    -7.42    7.36
 -52692.257    90.529    -6.87    7.43
 -52405.392    89.027    -5.23    8.14
 -52118.533    87.757    -4.43    8.98
 -51831.679    85.827    -6.73    9.62
 -51544.831    82.350   -12.12    9.09
 -51257.987    79.021   -11.61    7.94
 -50971.150    76.690    -8.13    7.00
 -50684.318    75.364    -4.62    6.52
 -50397.491    74.979    -1.34    6.09
 -50110.670    75.214     0.82    6.58
 -49823.854    76.146     3.25    7.86
 -49537.044    77.511     4.76    8.41
 -49250.239    78.143     2.20    8.75
 -48963.440    79.064     3.21    8.39
 -48676.646    79.596     1.85    7.94
 -48389.857    78.440    -4.03    7.53
 -48103.074    76.923    -5.29    7.22
 -47816.297    74.050   -10.02    8.64
 -47529.525    69.574   -15.61   12.58
 -47242.758    62.657   -24.12   17.69
 -46955.997    54.476   -28.53   19.96
 -46669.241    46.839   -26.63   18.37
 -46382.491    43.432   -11.88   15.68
 -46095.746    42.050    -4.82   13.96
 -45809.007    43.465     4.93   14.78
 -45522.273    47.639    14.56   16.62
 -45235.545    52.317    16.31   15.17
 -44948.822    56.529    14.69   11.78
 -44662.104    59.021     8.69   10.25
 -44375.392    59.871     2.96    9.84
 -44088.686    59.855    -0.05    9.30
 -43801.984    59.964     0.38    8.27
 -43515.289    60.664     2.44    7.77
 -43228.598    61.979     4.59    8.32
 -42941.914    64.414     8.49    9.51
 -42655.234    67.259     9.92   10.14
 -42368.560    70.352    10.79   11.24
 -42081.892    74.638    14.95   11.67
 -41795.229    79.375    16.52   12.20
 -41508.571    83.930    15.89   13.53
 -41221.919    88.764    16.87   15.23
 -40935.273    94.978    21.68   16.63
 -40648.631   100.714    20.01   16.28
 -40361.996   104.858    14.46   15.80
 -40075.365   108.420    12.43   13.50
 -39788.740   109.829     4.92   11.87
 -39502.121   109.433    -1.38   12.51
 -39215.507   108.608    -2.88   12.58
 -38928.898   108.931     1.13   13.60
 -38642.295   111.556     9.16   14.73
 -38355.698   115.223    12.80   14.60
 -38069.106   118.022     9.77   13.55
 -37782.519   119.972     6.81   11.86
 -37495.937   120.469     1.73   10.81
 -37209.362   118.282    -7.63   12.79
 -36922.791   113.791   -15.67   14.80
 -36636.226   108.671   -17.87   15.56
 -36349.667   102.891   -20.17   16.25
 -36063.112    98.111   -16.68   16.28
 -35776.564    92.871   -18.29   17.04
 -35490.021    88.007   -16.98   17.20
 -35203.483    84.448   -12.42   16.90
 -34916.950    82.322    -7.42   16.59
 -34630.424    81.754    -1.98   16.97
 -34343.902    80.273    -5.17   16.86
 -34057.386    78.460    -6.33   17.29
 -33770.875    79.028     1.98   17.51
 -33484.370    78.944    -0.29   17.45
 -33197.871    77.794    -4.01   17.01
 -32911.376    75.879    -6.69   16.48
 -32624.887    73.414    -8.60   16.05
 -32338.404    71.294    -7.40   15.33
 -32051.926    69.486    -6.31   13.97
 -31765.453    67.714    -6.19   11.76
 -31478.986    65.129    -9.03    9.67
 -31192.525    62.190   -10.26    8.82
 -30906.068    58.726   -12.09    8.80
 -30619.618    53.643   -17.74   10.47
 -30333.172    48.652   -17.42   12.37
 -30046.732    44.913   -13.05   12.15
 -29760.298    41.215   -12.91   11.10
 -29473.869    38.144   -10.72    9.32
 -29187.445    35.063   -10.76    6.65
 -28901.027    33.164    -6.63    4.95
 -28614.614    32.705    -1.60    5.28
 -28328.207    31.965    -2.58    5.92
 -28041.805    31.021    -3.30    6.09
 -27755.408    30.621    -1.40    6.17
 -27469.017    31.200     2.02    6.44
 -27182.632    31.629     1.50    6.70
 -26896.251    31.831     0.70    6.80
 -26609.877    31.678    -0.53    6.79
 -26323.507    31.093    -2.04    6.74
 -26037.143    29.879    -4.24    6.94
 -25750.785    27.364    -8.79    7.63
 -25464.432    25.042    -8.11    7.15
 -25178.084    22.613    -8.48    6.13
 -24891.742    20.607    -7.00    4.92
 -24605.405    19.561    -3.65    3.89
 -24319.074    18.932    -2.20    3.48
 -24032.748    18.680    -0.88    3.21
 -23746.427    18.403    -0.97    3.06
 -23460.112    18.252    -0.53    2.97
 -23173.802    17.986    -0.93    2.95
 -22887.498    17.333    -2.28    3.23
 -22601.199    16.790    -1.90    3.34
 -22314.906    16.029    -2.66    3.72
 -22028.618    14.935    -3.82    4.11
 -21742.335    14.486    -1.57    4.52
 -21456.058    13.825    -2.31    4.86
 -21169.786    13.373    -1.58    5.03
 -20883.520    13.115    -0.90    4.88
 -20597.259    12.662    -1.58    4.74
 -20311.004    12.387    -0.96    4.68
 -20024.754    11.887    -1.75    4.52
 -19738.509    11.302    -2.04    4.40
 -19452.270    10.629    -2.35    4.37
 -19166.036     9.901    -2.54    4.29
 -18879.808     9.203    -2.44    3.95
 -18593.585     8.762    -1.54    3.27
 -18307.367     8.878     0.40    2.82
 -18021.155     8.964     0.30    2.55
 -17734.948     9.119     0.54    2.37
 -17448.747     9.386     0.93    2.42
 -17162.551     9.880     1.73    2.59
 -16876.361    10.783     3.15    2.40
 -16590.176    11.460     2.37    2.14
 -16303.996    11.424    -0.13    2.65
 -16017.822    11.000    -1.48    3.34
 -15731.653    10.407    -2.07    3.68
 -15445.489     9.650    -2.65    3.62
 -15159.331     9.214    -1.52    3.54
 -14873.179     9.077    -0.48    3.17
 -14587.032     9.667     2.06    3.25
 -14300.890    10.193     1.84    3.42
 -14014.753    10.442     0.87    3.90
 -13728.622    10.021    -1.47    4.83
 -13442.497     9.203    -2.86    5.45
 -13156.377     7.810    -4.87    5.54
 -12870.262     6.362    -5.06    4.94
 -12584.153     6.302    -0.21    5.18
 -12298.049     7.070     2.68    5.98
 -12011.950     8.395     4.63    6.45
 -11725.857     9.704     4.58    6.39
 -11439.770    10.329     2.18    6.08
 -11153.687    10.293    -0.12    5.88
 -10867.610     8.939    -4.73    5.50
 -10581.539     7.264    -5.85    4.09
 -10295.473     6.388    -3.06    3.28
 -10009.412     6.986     2.09    4.34
  -9723.357     8.713     6.04    6.02
  -9437.307    11.035     8.12    6.99
  -9151.263    14.063    10.59    7.30
  -8865.224    16.633     8.98    6.95
  -8579.190    18.482     6.46    6.08
  -8293.162    19.190     2.48    5.18
  -8007.139    19.099    -0.32    3.91
  -7721.121    19.284     0.65    2.96
  -7435.109    19.843     1.96    3.09
  -7149.103    20.554     2.49    3.29
  -6863.101    22.357     6.30    4.60
  -6577.106    24.840     8.68    6.93
  -6291.115    27.986    11.00    9.32
  -6005.130    31.388    11.90   10.46
  -5719.151    35.239    13.47   10.20
  -5433.176    38.918    12.86    8.49
  -5147.207    42.559    12.73    6.49
  -4861.244    45.482    10.22    5.09
  -4575.286    47.532     7.17    4.80
  -4289.333    48.951     4.96    4.40
  -4003.386    50.357     4.91    3.52
  -3717.444    51.199     2.94    3.44
  -3431.508    50.364    -2.92    6.11
  -3145.577    46.750   -12.64   12.12
  -2859.651    41.830   -17.21   16.28
  -2573.731    35.664   -21.56   19.03
  -2287.816    29.568   -21.32   20.11
  -2001.906    23.579   -20.95   19.84
  -1716.002    17.113   -22.61   18.69
  -1430.103    12.455   -16.30   16.87
  -1144.210     8.378   -14.26   14.71
   -858.322     4.446   -13.75   11.26
   -572.440     1.439   -10.52    5.59
   -286.562     0.077    -4.76    0.84
     -0.691     0.021    -0.20    0.25
    285.542     0.369     1.22    1.46
    572.655     1.094     2.52    2.28
    859.762     1.674     2.02    2.46
   1146.863     2.083     1.43    2.38
   1433.957     2.399     1.10    2.29
   1721.045     2.543     0.50    2.09
   2008.127     2.583     0.14    1.98
   2295.203     1.957    -2.18    1.46
   2582.273     1.497    -1.61    0.98
   2869.336     1.565     0.24    1.03
   3156.394     1.929     1.27    1.71
   3443.445     2.531     2.10    2.29
   3730.490     3.231     2.44    2.53
   4017.528     4.094     3.01    3.06
   4304.561     5.245     4.01    3.94
   4591.587     6.875     5.68    5.30
   4878.607     8.705     6.38    6.09
   5165.621     9.978     4.43    6.09
   5452.629    11.072     3.81    6.11
   5739.630    11.924     2.97    6.02
   6026.626    12.646     2.52    5.70
   6313.615    13.417     2.69    5.52
   6600.598    14.000     2.03    5.35
   6887.574    14.832     2.90    5.18
   7174.545    16.007     4.09    4.43
   7461.509    16.851     2.94    4.04
   7748.467    18.129     4.46    4.59
   8035.419    19.592     5.10    4.66
   8322.365    20.867     4.45    4.54
   8609.305    22.383     5.28    4.50
   8896.238    23.671     4.49    3.97
   9183.166    24.585     3.18    3.48
   9470.087    25.389     2.80    3.37
   9757.001    25.979     2.06    3.36
  10043.910    26.719     2.58    3.50
  10330.813    27.764     3.64    4.04
  10617.709    29.422     5.78    5.12
  10904.599    31.469     7.13    5.96
  11191.483    34.137     9.30    6.40
  11478.361    36.493     8.21    6.77
  11765.232    39.090     9.05    7.05
  12052.098    42.361    11.40    7.66
  12338.957    46.007    12.71    8.22
  12625.810    48.345     8.15    7.82
  12912.657    50.858     8.76    7.21
  13199.497    52.837     6.90    5.55
  13486.332    53.727     3.10    4.46
  13773.160    54.270     1.89    3.89
  14059.982    54.790     1.82    4.48
  14346.798    57.042     7.85    6.05
  14633.608    60.835    13.22    8.14
  14920.412    65.819    17.38   10.95
  15207.209    72.028    21.65   13.44
  15494.000    77.170    17.93   14.14
  15780.785    82.514    18.63   13.60
  16067.564    87.597    17.72   11.56
  16354.337    91.217    12.62   10.19
  16641.104    94.664    12.02    9.27
  16927.864    97.050     8.32    9.25
  17214.618    98.771     6.00    9.04
  17501.366    99.535     2.66    9.90
  17788.108   101.754     7.74   10.03
  18074.844   104.525     9.66   10.08
  18361.573   107.590    10.69   10.28
  18648.297   111.129    12.34   10.30
  18935.014   114.301    11.06    9.32
  19221.725   116.944     9.22    7.19
  19508.430   118.114     4.08    5.22
  19795.128   117.871    -0.85    5.42
  20081.821   115.442    -8.47    6.89
  20368.507   112.028   -11.91    7.48
  20655.187   108.377   -12.73    7.00
  20941.861   104.928   -12.03    6.72
  21228.529   102.294    -9.19    6.39
  21515.191   100.189    -7.34    5.58
  21801.846    98.453    -6.05    4.69
  22088.496    97.486    -3.38    4.25
  22375.139    96.817    -2.33    4.10
  22661.776    97.071     0.89    4.36
  22948.407    97.314     0.85    4.36
  23235.032    96.550    -2.67    4.63
  23521.650    95.559    -3.46    5.22
  23808.262    94.259    -4.54    5.52
  24094.869    92.763    -5.22    5.64
  24381.469    90.691    -7.23    5.58
  24668.063    88.085    -9.09    5.08
  24954.650    85.651    -8.49    5.59
  25241.232    83.411    -7.81    5.74
  25527.807    81.391    -7.05    5.19
  25814.377    80.254    -3.97    4.61
  26100.940    79.776    -1.67    4.28
  26387.497    80.070     1.03    4.50
  26674.048    81.333     4.41    4.81
  26960.592    83.236     6.64    4.86
  27247.131    85.127     6.60    5.09
  27533.663    87.063     6.76    5.48
  27820.189    89.429     8.25    6.07
  28106.709    92.201     9.68    6.65
  28393.223    94.993     9.74    6.97
  28679.731    97.697     9.44    6.72
  28966.232    99.746     7.15    5.72
  29252.728   101.268     5.31    4.46
  29539.217   102.130     3.01    4.15
  29825.700   102.667     1.87    4.47
  30112.177   101.863    -2.80    5.51
  30398.648    99.777    -7.28    6.59
  30685.113    97.608    -7.57    7.03
  30971.571    95.255    -8.21    6.50
  31258.024    93.518    -6.06    5.35
  31544.470    92.014    -5.25    4.04
  31830.910    90.768    -4.35    4.12
  32117.344    89.394    -4.79    5.10
  32403.772    87.929    -5.12    6.24
  32690.194    86.194    -6.06    6.93
  32976.609    83.427    -9.66    6.64
  33263.018    80.829    -9.07    5.39
  33549.422    79.077    -6.11    3.55
  33835.819    78.964    -0.40    3.24
  34122.210    80.255     4.51    4.80
  34408.594    82.951     9.41    6.95
  34694.973    85.685     9.55    7.65
  34981.346    88.707    10.55    6.84
  35267.712    90.741     7.10    5.49
  35554.072    91.218     1.67    5.43
  35840.426    90.550    -2.33    6.51
  36126.774    88.833    -6.00    7.70
  36413.116    86.572    -7.90    8.34
  36699.452    83.718    -9.97    8.94
  36985.781    80.490   -11.28    8.65
  37272.105    76.986   -12.24    8.14
  37558.422    74.072   -10.17    7.83
  37844.733    71.276    -9.77    7.05
  38131.038    69.075    -7.69    5.58
  38417.337    67.086    -6.95    3.77
  38703.630    65.914    -4.10    2.97
  38989.917    65.211    -2.45    2.96
  39276.197    64.894    -1.11    2.91
  39562.471    64.777    -0.41    3.06
  39848.740    64.754    -0.08    3.21
  40135.002    64.809     0.19    3.32
  40421.258    65.255     1.56    3.18
  40707.507    65.843     2.05    2.78
  40993.751    66.371     1.85    2.73
  41279.989    66.197    -0.61    3.23
  41566.220    65.414    -2.74    3.71
  41852.445    63.936    -5.16    4.41
  42138.665    62.439    -5.23    4.91
  42424.878    60.943    -5.23    5.40
  42711.085    59.834    -3.87    5.47
  42997.285    59.797    -0.13    5.21
  43283.480    60.471     2.36    5.70
  43569.669    61.108     2.22    5.99
  43855.851    62.386     4.46    5.73
  44142.027    63.070     2.39    4.89
  44428.197    62.717    -1.23    5.35
  44714.362    60.580    -7.47    7.23
  45000.519    57.608   -10.38    8.26
  45286.671    54.552   -10.68    7.85
  45572.817    52.561    -6.96    7.71
  45858.957    51.196    -4.77    7.65
  46145.090    50.462    -2.56    7.52
  46431.217    49.456    -3.52    7.50
  46717.338    48.540    -3.20    7.81
  47003.454    47.421    -3.91    8.13
  47289.563    46.552    -3.04    7.82
  47575.665    46.355    -0.69    7.67
  47861.762    46.279    -0.27    7.93
  48147.853    46.087    -0.67    7.84
  48433.937    45.768    -1.12    7.38
  48720.016    46.007     0.84    6.70
  49006.088    45.535    -1.65    6.12
  49292.154    44.319    -4.25    5.92
  49578.214    41.305   -10.54    6.55
  49864.268    38.747    -8.94    6.76
  50150.316    37.383    -4.77    7.03
  50436.358    36.460    -3.23    7.63
  50722.393    35.820    -2.24    7.43
  51008.423    35.413    -1.42    7.80
  51294.446    35.448     0.12    8.92
  51580.463    36.167     2.51   10.66
  51866.474    36.029    -0.48   11.86
  52152.479    34.371    -5.79   12.60
  52438.478    32.741    -5.70   11.39
  52724.471    30.812    -6.75    9.18
  53010.458    29.165    -5.76    7.38
  53296.438    27.860    -4.56    5.53
  53582.413    27.171    -2.41    4.70
  53868.381    27.098    -0.25    4.57
  54154.344    27.257     0.55    5.23
  54440.300    27.542     1.00    6.01
