# NaN NaN NaN ;Mean Elev.(m), Avg Gradient(m/km), RMS Gradient(m/km) - SRTM1     
#   15.670  -2.202   5.900 ;Mean Elev.(m), Avg Gradient(m/km), RMS Gradient(m/km) - ASTER GDEM
#   39.703  -2.721  11.033 ;Mean Elev.(m), Avg Gradient(m/km), RMS Gradient(m/km) - GMTED2010 
   1    78.156 54665.41956793  3.86  55.107986  65.907885  5.472 -100.00 -100.00 -100.00
   1    72.766 54665.41956852  6.00  55.114347  65.907514  5.803 -100.00 -100.00 -100.00
   2    71.976 54675.33521160 23.71  55.097627  65.909497  8.923  275.78  274.21  273.41
   2    64.053 54675.33521219 27.69  55.103989  65.909126 17.021  275.78  274.21  273.41
   2    67.214 54675.33521278 19.70  55.110351  65.908755   -100  275.78  274.21  273.41
   2    69.187 54675.33521337  5.43  55.116712  65.908384   -100  275.78  274.21  273.41
   3    -2.613 54685.25085534 26.76  55.103348  65.910789 10.770 -100.00 -100.00 -100.00
   3     7.327 54685.25085593 20.42  55.109710  65.910418  9.714 -100.00 -100.00 -100.00
   3     8.309 54685.25085652 18.18  55.116072  65.910047  4.253 -100.00 -100.00 -100.00
   4    67.450 54695.16649679 22.70  55.100442  65.912045 14.899 -100.00 -100.00 -100.00
   4    92.532 54695.16649738 18.36  55.106804  65.911674 10.332 -100.00 -100.00 -100.00
   4    67.348 54695.16649797 26.96  55.113167  65.911303 20.948 -100.00 -100.00 -100.00
   4    70.983 54695.16649856 30.05  55.119529  65.910932 30.482 -100.00 -100.00 -100.00
   5     0.919 54705.08213629 29.09  55.102943  65.911226 20.085 -100.00 -100.00 -100.00
   5     0.999 54705.08213688 29.24  55.109306  65.910855 15.484 -100.00 -100.00 -100.00
   5    10.046 54705.08213747 19.06  55.115667  65.910484  5.165 -100.00 -100.00 -100.00
   6    76.053 54714.99778755 23.54  55.096918  65.909022  8.758 -100.00 -100.00 -100.00
   6    68.404 54714.99778814 29.19  55.103280  65.908652 24.287 -100.00 -100.00 -100.00
   6    68.145 54714.99778873 25.02  55.109641  65.908281   -100 -100.00 -100.00 -100.00
   6    70.199 54714.99778932 20.67  55.116002  65.907910   -100 -100.00 -100.00 -100.00
   7     9.529 54724.91343777 28.61  55.095766  65.906609 26.769 -100.00 -100.00 -100.00
   7    11.731 54724.91343836 24.56  55.102127  65.906238 16.014 -100.00 -100.00 -100.00
   7    12.317 54724.91343895 21.36  55.108487  65.905867  7.810 -100.00 -100.00 -100.00
   7    12.271 54724.91343954 20.77  55.114848  65.905496  6.710 -100.00 -100.00 -100.00
   8    60.887 54734.82908593  3.42  55.095398  65.905850  6.194 -100.00 -100.00 -100.00
   8    62.556 54734.82908653  3.86  55.101758  65.905480  6.155 -100.00 -100.00 -100.00
   8    65.545 54734.82908712  3.03  55.108119  65.905109  4.045 -100.00 -100.00 -100.00
   8    82.080 54734.82908771  2.48  55.114479  65.904737  2.840 -100.00 -100.00 -100.00
   9    60.604 54744.74473282  7.61  55.094208  65.907254  8.378 -100.00 -100.00 -100.00
   9    61.414 54744.74473341  6.07  55.100569  65.906883  6.773 -100.00 -100.00 -100.00
   9    64.580 54744.74473400  5.67  55.106930  65.906512  5.174 -100.00 -100.00 -100.00
   9    73.185 54744.74473459 16.39  55.113290  65.906141 10.969 -100.00 -100.00 -100.00
  10    73.475 54754.66037960 25.79  55.096400  65.908583 19.215 -100.00 -100.00 -100.00
  10    71.907 54754.66038019 22.69  55.102761  65.908212 13.130 -100.00 -100.00 -100.00
  10    70.778 54754.66038078 29.88  55.109123  65.907841   -100 -100.00 -100.00 -100.00
  10    72.854 54754.66038137 20.77  55.115484  65.907469   -100 -100.00 -100.00 -100.00
  11    29.809 54764.57602516 24.30  55.095916  65.908411 11.718 -100.00 -100.00 -100.00
  11    29.637 54764.57602575 23.42  55.102278  65.908041  9.782 -100.00 -100.00 -100.00
  11    29.222 54764.57602634 24.85  55.108640  65.907669 14.090 -100.00 -100.00 -100.00
  11    28.801 54764.57602693 24.79  55.115001  65.907298 12.864 -100.00 -100.00 -100.00
  12    89.084 54774.49166817  2.10  55.097229  65.906321  8.205 -100.00 -100.00 -100.00
  12    66.977 54774.49166876  0.98  55.103590  65.905950  5.300 -100.00 -100.00 -100.00
  12    81.400 54774.49166935  0.89  55.109952  65.905579  3.547 -100.00 -100.00 -100.00
  13    94.662 54784.40730823  4.34  55.094446  65.904708  4.760  260.85  259.15  259.87
  13    71.358 54784.40730882  1.23  55.100807  65.904337  4.789  260.85  259.15  259.87
  13    67.098 54784.40730941 18.19  55.107168  65.903966 15.903  260.85  259.15  259.87
  13    72.606 54784.40731000 13.21  55.113529  65.903595  8.218  260.85  259.15  259.87
  14    85.146 54794.32294635 11.83  55.091136  65.905186 14.075 -100.00 -100.00 -100.00
  14    80.539 54794.32294694 12.60  55.097498  65.904816 15.270 -100.00 -100.00 -100.00
  14    85.107 54794.32294753  6.20  55.103859  65.904445  6.716 -100.00 -100.00 -100.00
  14    88.561 54794.32294812  1.34  55.110220  65.904074  6.011 -100.00 -100.00 -100.00
  15    23.779 54804.23858432 32.98  55.095751  65.907233   -100 -100.00 -100.00 -100.00
  15    23.785 54804.23858491 32.28  55.102113  65.906862   -100 -100.00 -100.00 -100.00
  15    23.674 54804.23858550 32.67  55.108475  65.906491   -100 -100.00 -100.00 -100.00
  15    23.614 54804.23858609 29.37  55.114836  65.906120 31.599 -100.00 -100.00 -100.00
  18    69.203 54833.98550661  4.23  55.100054  65.908369  3.640  244.60  238.06  227.17
  18    67.271 54833.98550721  3.94  55.106415  65.907999  3.411  244.60  238.06  227.17
  18    66.117 54833.98550780  4.99  55.112777  65.907628  4.096  244.60  238.06  227.17
  19    69.763 54843.90115642  3.06  55.098294  65.908089  3.336 -100.00 -100.00 -100.00
  19    68.303 54843.90115701  3.31  55.104656  65.907718  3.661 -100.00 -100.00 -100.00
  19    67.508 54843.90115760  3.40  55.111017  65.907347  3.733 -100.00 -100.00 -100.00
  19    66.744 54843.90115819  3.53  55.117378  65.906976  3.713 -100.00 -100.00 -100.00
  20    69.367 54853.81680565  3.10  55.101286  65.908838  3.317 -100.00 -100.00 -100.00
  20    67.506 54853.81680624  3.46  55.107647  65.908467  3.273 -100.00 -100.00 -100.00
  20    67.122 54853.81680683  3.62  55.114009  65.908096  3.637 -100.00 -100.00 -100.00
  21    70.122 54863.73245405  2.78  55.098245  65.910739  3.494 -100.00 -100.00 -100.00
  21    68.425 54863.73245464  2.75  55.104606  65.910368  3.374 -100.00 -100.00 -100.00
  21    66.839 54863.73245523  3.06  55.110968  65.909997  4.252 -100.00 -100.00 -100.00
  21    66.947 54863.73245582  2.42  55.117330  65.909625  2.773 -100.00 -100.00 -100.00
  22    70.076 54873.64810287  5.41  55.101568  65.911228  3.837 -100.00 -100.00 -100.00
  22    68.444 54873.64810346  5.52  55.107931  65.910857  4.124 -100.00 -100.00 -100.00
  22    66.675 54873.64810405  5.71  55.114293  65.910485  4.564 -100.00 -100.00 -100.00
  22    66.648 54873.64810464  5.45  55.120655  65.910113  3.499 -100.00 -100.00 -100.00
  23    70.541 54883.56374875  4.13  55.098325  65.910334  3.664 -100.00 -100.00 -100.00
  23    68.018 54883.56374934  3.66  55.104687  65.909963  3.023 -100.00 -100.00 -100.00
  23    66.987 54883.56374993  3.84  55.111049  65.909591  3.644 -100.00 -100.00 -100.00
  23    66.710 54883.56375052  3.98  55.117411  65.909220  3.560 -100.00 -100.00 -100.00
  24    69.552 54893.47939148  5.42  55.097051  65.907795  4.839  252.17  244.64  227.86
  24    68.477 54893.47939207  5.03  55.103413  65.907424  3.901  252.17  244.64  227.86
  24    67.063 54893.47939266  4.69  55.109774  65.907053  4.011  252.17  244.64  227.86
  24    66.946 54893.47939325  4.96  55.116136  65.906681  4.042  252.17  244.64  227.86
  25    70.195 54903.39503128  6.52  55.093416  65.905759  4.581  250.21  241.78  223.29
  25    68.970 54903.39503187  6.24  55.099777  65.905389  4.715  250.21  241.78  223.29
  25    68.014 54903.39503246  5.72  55.106138  65.905018  3.754  250.21  241.78  223.29
  25    67.172 54903.39503306  5.67  55.112499  65.904646  3.351  250.21  241.78  223.29
  26    70.288 54913.31067012  4.94  55.093319  65.905630  3.844 -100.00 -100.00 -100.00
  26    68.215 54913.31067071  5.35  55.099680  65.905260  5.458 -100.00 -100.00 -100.00
  26    67.462 54913.31067130  4.85  55.106042  65.904889  3.906 -100.00 -100.00 -100.00
  26    67.166 54913.31067189  5.03  55.112402  65.904517  4.414 -100.00 -100.00 -100.00
  27    70.405 54923.22630824  7.51  55.094103  65.907141  3.788 -100.00 -100.00 -100.00
  27    69.198 54923.22630883  7.14  55.100464  65.906770  3.737 -100.00 -100.00 -100.00
  27    67.772 54923.22630942  7.57  55.106825  65.906399  4.105 -100.00 -100.00 -100.00
  27    67.320 54923.22631001  8.10  55.113186  65.906028  4.413 -100.00 -100.00 -100.00
  28    69.711 54933.14194602  6.53  55.099707  65.908395  3.781 -100.00 -100.00 -100.00
  28    68.030 54933.14194661  6.53  55.106068  65.908024  3.481 -100.00 -100.00 -100.00
  28    66.248 54933.14194720  7.00  55.112429  65.907652  4.142 -100.00 -100.00 -100.00
  29    69.367 54943.05758140  2.09  55.098924  65.908430  3.388  238.66  225.37  205.90
  29    68.886 54943.05758200  1.99  55.105285  65.908059  2.954  238.66  225.37  205.90
  29    67.426 54943.05758259  2.23  55.111646  65.907688  2.990  238.66  225.37  205.90
  29    67.681 54943.05758318  2.33  55.118007  65.907317  3.259  238.66  225.37  205.90
  30    71.798 54952.97321446  4.32  55.093464  65.907192  3.617 -100.00 -100.00 -100.00
  30    69.452 54952.97321505  4.14  55.099824  65.906822  3.433 -100.00 -100.00 -100.00
  30    68.864 54952.97321564  3.78  55.106185  65.906451  2.878 -100.00 -100.00 -100.00
  30    66.992 54952.97321623  4.27  55.112546  65.906081  3.096 -100.00 -100.00 -100.00
  31    21.311 54962.88885820 23.30  55.093111  65.905345 25.529 -100.00 -100.00 -100.00
  31    22.273 54962.88885879 21.51  55.099472  65.904975 18.688 -100.00 -100.00 -100.00
  31    21.856 54962.88885938 25.81  55.105832  65.904605   -100 -100.00 -100.00 -100.00
  31    22.189 54962.88885997 27.13  55.112192  65.904234 31.044 -100.00 -100.00 -100.00
  32    27.484 54972.80450649 35.17  55.090326  65.905554 25.377 -100.00 -100.00 -100.00
  32    27.012 54972.80450708 39.02  55.096687  65.905184   -100 -100.00 -100.00 -100.00
  32    26.801 54972.80450767 38.21  55.103047  65.904814  1.173 -100.00 -100.00 -100.00
  32    27.028 54972.80450826 38.24  55.109407  65.904443   -100 -100.00 -100.00 -100.00
  33    68.759 54982.72015473 13.60  55.097610  65.906918  4.619  245.44  245.50  248.49
  33    66.848 54982.72015532 13.32  55.103971  65.906548  4.251  245.44  245.50  248.49
  33    85.414 54982.72015591 17.10  55.110331  65.906177  6.318  245.44  245.50  248.49
  33    85.426 54982.72015650 14.96  55.116692  65.905806  4.853  245.44  245.50  248.49
  34    62.835 54992.63580232  7.76  55.101102  65.908749  6.054 -100.00 -100.00 -100.00
  34    76.224 54992.63580291  6.66  55.107463  65.908378  5.020 -100.00 -100.00 -100.00
  34    65.295 54992.63580350  6.53  55.113824  65.908007  4.547 -100.00 -100.00 -100.00
  35    76.824 55002.55144840  1.63  55.096737  65.909630  3.690 -100.00 -100.00 -100.00
  35    73.745 55002.55144899  2.11  55.103099  65.909259  5.470 -100.00 -100.00 -100.00
  35    77.493 55002.55144958  9.90  55.109460  65.908888  6.506 -100.00 -100.00 -100.00
  35    79.253 55002.55145017 12.62  55.115822  65.908517  7.888 -100.00 -100.00 -100.00
  36    79.976 55012.46709301 16.66  55.096508  65.909221 12.891  267.80  265.89  266.68
  36    61.923 55012.46709360  3.18  55.102869  65.908850  7.147  267.80  265.89  266.68
  36    63.041 55012.46709419  1.54  55.109231  65.908479  6.440  267.80  265.89  266.68
  36    75.896 55012.46709479  1.08  55.115593  65.908108  4.664  267.80  265.89  266.68
  37    28.530 55022.38273617 36.13  55.095626  65.908619   -100 -100.00 -100.00 -100.00
  37    29.417 55022.38273676 25.72  55.101988  65.908248 11.515 -100.00 -100.00 -100.00
  37    28.716 55022.38273735 30.56  55.108350  65.907877 25.615 -100.00 -100.00 -100.00
  37    23.953 55022.38273794 32.53  55.114711  65.907506 30.088 -100.00 -100.00 -100.00
  38    80.106 55032.29837857 20.85  55.095978  65.909192 17.734  270.03  268.14  268.51
  38    62.326 55032.29837916  1.46  55.102340  65.908822  5.447  270.03  268.14  268.51
  38    87.966 55032.29837975  0.94  55.108702  65.908451  4.741  270.03  268.14  268.51
  38    70.665 55032.29838034  1.05  55.115063  65.908079  4.536  270.03  268.14  268.51
  39    28.375 55042.21402051 32.19  55.099085  65.910291   -100 -100.00 -100.00 -100.00
  39    29.186 55042.21402110 25.45  55.105447  65.909920 13.465 -100.00 -100.00 -100.00
  39    23.727 55042.21402169 31.19  55.111809  65.909549 29.002 -100.00 -100.00 -100.00
  39    24.014 55042.21402228 33.52  55.118170  65.909177 26.057 -100.00 -100.00 -100.00
  40    29.160 55052.12966117 29.71  55.104647  65.910780 19.372 -100.00 -100.00 -100.00
  40    23.552 55052.12966176 32.36  55.111009  65.910409 27.563 -100.00 -100.00 -100.00
  40    23.504 55052.12966235 37.47  55.117370  65.910038   -100 -100.00 -100.00 -100.00
  41    29.042 55062.04529850 38.68  55.097405  65.910234   -100  271.10  270.78  269.73
  41    29.232 55062.04529909 30.01  55.103767  65.909863 21.458  271.10  270.78  269.73
  41    28.910 55062.04529968 30.63  55.110128  65.909493 21.436  271.10  270.78  269.73
  41    23.381 55062.04530027 36.38  55.116490  65.909122   -100  271.10  270.78  269.73
  42    28.020 55071.96094182 43.49  55.096393  65.907914   -100 -100.00 -100.00 -100.00
  42    28.037 55071.96094241 32.28  55.102754  65.907544 23.893 -100.00 -100.00 -100.00
  42    22.249 55071.96094300 34.67  55.109115  65.907173   -100 -100.00 -100.00 -100.00
  42    22.362 55071.96094359 34.53  55.115476  65.906802 31.692 -100.00 -100.00 -100.00
  43    27.982 55081.87658993 35.71  55.090535  65.906036   -100 -100.00 -100.00 -100.00
  43    27.518 55081.87659052 34.31  55.096895  65.905665   -100 -100.00 -100.00 -100.00
  43    22.430 55081.87659111 37.81  55.103256  65.905295   -100 -100.00 -100.00 -100.00
  43    22.284 55081.87659170 39.67  55.109616  65.904924   -100 -100.00 -100.00 -100.00
  44    27.977 55091.79223719 28.08  55.093960  65.905469 27.429 -100.00 -100.00 -100.00
  44    27.747 55091.79223778 29.24  55.100320  65.905099 26.791 -100.00 -100.00 -100.00
  44    22.389 55091.79223838 32.34  55.106680  65.904728   -100 -100.00 -100.00 -100.00
  44    22.293 55091.79223897 36.32  55.113040  65.904356   -100 -100.00 -100.00 -100.00
  45    67.614 55101.70788387  4.41  55.096721  65.906534  4.310  260.67  259.75  260.48
  45    63.099 55101.70788446  4.27  55.103082  65.906163  4.310  260.67  259.75  260.48
  45    64.669 55101.70788505  4.01  55.109442  65.905792  3.999  260.67  259.75  260.48
  45    80.608 55101.70788564  3.37  55.115803  65.905421  4.141  260.67  259.75  260.48
  46    71.794 55111.62353010 29.34  55.098878  65.907870 31.299  257.04  256.22  257.54
  46    68.593 55111.62353069 15.61  55.105239  65.907499 18.286  257.04  256.22  257.54
  46    70.210 55111.62353128 23.04  55.111601  65.907128   -100  257.04  256.22  257.54
  47    62.574 55121.53917398  4.72  55.098284  65.907855  5.505 -100.00 -100.00 -100.00
  47    62.531 55121.53917457  5.01  55.104646  65.907484  8.084 -100.00 -100.00 -100.00
  47    62.703 55121.53917516  4.67  55.111007  65.907113  4.883 -100.00 -100.00 -100.00
  47    75.496 55121.53917575  4.53  55.117369  65.906742  4.616 -100.00 -100.00 -100.00
  48    28.002 55131.45481447 42.55  55.091331  65.906736   -100 -100.00 -100.00 -100.00
  48    23.016 55131.45481506 43.89  55.097693  65.906365   -100 -100.00 -100.00 -100.00
  48    23.097 55131.45481565 47.18  55.104055  65.905994  3.969 -100.00 -100.00 -100.00
  48    22.989 55131.45481624 42.44  55.110416  65.905623   -100 -100.00 -100.00 -100.00
  49    94.901 55141.37045347 16.68  55.089619  65.905201  7.163  259.54  256.83  254.36
  49    95.156 55141.37045406 19.75  55.095981  65.904830  8.377  259.54  256.83  254.36
  49    87.327 55141.37045465 15.72  55.102342  65.904460   -100  259.54  256.83  254.36
  49    58.126 55141.37045524  4.65  55.108704  65.904089   -100  259.54  256.83  254.36
  50    85.987 55151.28609225  6.36  55.093400  65.905176  7.934 -100.00 -100.00 -100.00
  50    81.683 55151.28609284  5.22  55.099761  65.904806  8.611 -100.00 -100.00 -100.00
  50    86.602 55151.28609343  1.60  55.106123  65.904435  4.942 -100.00 -100.00 -100.00
  50    84.797 55151.28609402  2.51  55.112484  65.904064  5.166 -100.00 -100.00 -100.00
  51    28.418 55161.20173069 28.95  55.092757  65.907134 12.536 -100.00 -100.00 -100.00
  51    27.598 55161.20173128 29.96  55.099119  65.906764 16.333 -100.00 -100.00 -100.00
  51    27.223 55161.20173187 28.58  55.105481  65.906393 14.885 -100.00 -100.00 -100.00
  51    27.331 55161.20173246 26.44  55.111842  65.906022 10.843 -100.00 -100.00 -100.00
  52    95.695 55171.11737030  0.88  55.108959  65.908307  2.474 -100.00 -100.00 -100.00
  52    74.402 55171.11737089  2.24  55.115321  65.907936  3.167 -100.00 -100.00 -100.00
  54    70.162 55190.94865479  2.51  55.098181  65.909427  4.373  250.61  245.75  235.09
  54    69.432 55190.94865538  1.95  55.104543  65.909056  3.232  250.61  245.75  235.09
  54    67.338 55190.94865597  2.71  55.110904  65.908685  4.418  250.61  245.75  235.09
  54    66.346 55190.94865656  2.68  55.117266  65.908314  4.153  250.61  245.75  235.09
  55    29.189 55200.86430516 16.90  55.099218  65.909068  5.550 -100.00 -100.00 -100.00
  55    29.091 55200.86430575 16.56  55.105579  65.908697  4.620 -100.00 -100.00 -100.00
  55    28.626 55200.86430635 17.52  55.111940  65.908326  6.902 -100.00 -100.00 -100.00
  55    28.016 55200.86430694 17.93  55.118302  65.907954  7.270 -100.00 -100.00 -100.00
  57    70.663 55220.69560369  0.44  55.097669  65.910120  3.632  257.25  251.60  239.22
  57    69.020 55220.69560428  0.46  55.104031  65.909749  3.367  257.25  251.60  239.22
  57    67.670 55220.69560487  0.60  55.110392  65.909378  3.433  257.25  251.60  239.22
  57    67.061 55220.69560546  0.71  55.116754  65.909007  3.493  257.25  251.60  239.22
  58    70.281 55230.61125177  1.77  55.097761  65.909714  4.970 -100.00 -100.00 -100.00
  58    68.849 55230.61125236  1.44  55.104123  65.909343  3.548 -100.00 -100.00 -100.00
  58    67.356 55230.61125295  1.57  55.110485  65.908972  3.723 -100.00 -100.00 -100.00
  58    66.241 55230.61125354  1.59  55.116846  65.908600  3.919 -100.00 -100.00 -100.00
  59    70.697 55240.52689643  1.24  55.095396  65.908639  3.892 -100.00 -100.00 -100.00
  59    69.084 55240.52689702  2.09  55.101758  65.908268  4.243 -100.00 -100.00 -100.00
  59    67.189 55240.52689761  1.30  55.108120  65.907897  2.980 -100.00 -100.00 -100.00
  59    66.225 55240.52689820  2.35  55.114481  65.907526  3.942 -100.00 -100.00 -100.00
  60    70.117 55250.44253788  4.44  55.096760  65.906771  4.273 -100.00 -100.00 -100.00
  60    68.492 55250.44253847  5.10  55.103121  65.906401  5.398 -100.00 -100.00 -100.00
  60    66.383 55250.44253906  4.80  55.109483  65.906029  4.214 -100.00 -100.00 -100.00
  60    67.096 55250.44253965  4.78  55.115844  65.905658  4.084 -100.00 -100.00 -100.00
  61    69.262 55260.35817672  3.41  55.094654  65.905733  4.325 -100.00 -100.00 -100.00
  61    67.146 55260.35817731  3.50  55.101016  65.905362  4.864 -100.00 -100.00 -100.00
  61    66.875 55260.35817790  3.43  55.107377  65.904991  3.984 -100.00 -100.00 -100.00
  61    67.134 55260.35817849  3.34  55.113738  65.904620  3.587 -100.00 -100.00 -100.00
  62    69.538 55270.27381466  2.56  55.091834  65.906090  3.938 -100.00 -100.00 -100.00
  62    67.987 55270.27381525  3.12  55.098195  65.905719  3.955 -100.00 -100.00 -100.00
  62    66.645 55270.27381584  3.24  55.104557  65.905348  4.561 -100.00 -100.00 -100.00
  62    66.251 55270.27381643  4.22  55.110917  65.904977  5.149 -100.00 -100.00 -100.00
  63    71.651 55280.18945287  4.75  55.092913  65.907020  3.275 -100.00 -100.00 -100.00
  63    68.812 55280.18945346  4.77  55.099275  65.906649  3.374 -100.00 -100.00 -100.00
  63    68.189 55280.18945405  4.86  55.105636  65.906278  3.498 -100.00 -100.00 -100.00
  63    66.965 55280.18945464  5.16  55.111997  65.905907  3.639 -100.00 -100.00 -100.00
  64    71.701 55290.10508989  4.79  55.094529  65.907708  3.472 -100.00 -100.00 -100.00
  64    69.783 55290.10509048  4.98  55.100890  65.907338  3.527 -100.00 -100.00 -100.00
  64    68.770 55290.10509107  4.96  55.107251  65.906967  2.957 -100.00 -100.00 -100.00
  64    67.520 55290.10509166  5.12  55.113612  65.906596  3.592 -100.00 -100.00 -100.00
  65    28.248 55300.02072450 22.79  55.095278  65.907696 25.316 -100.00 -100.00 -100.00
  65    28.751 55300.02072509 18.22  55.101639  65.907326 13.006 -100.00 -100.00 -100.00
  65    28.709 55300.02072568 18.51  55.108000  65.906955 14.053 -100.00 -100.00 -100.00
  65    28.201 55300.02072628 23.64  55.114361  65.906584 27.470 -100.00 -100.00 -100.00
  66    23.171 55309.93637007 39.11  55.097564  65.906437 23.856 -100.00 -100.00 -100.00
  66    22.534 55309.93637066 41.36  55.103924  65.906067 29.685 -100.00 -100.00 -100.00
  66    23.173 55309.93637125 38.01  55.110284  65.905696 26.904 -100.00 -100.00 -100.00
  67    76.720 55319.85201572 25.00  55.096288  65.905600 14.183 -100.00 -100.00 -100.00
  67    67.730 55319.85201632 15.61  55.102648  65.905229  4.984 -100.00 -100.00 -100.00
  67    66.004 55319.85201691 15.81  55.109008  65.904858  5.127 -100.00 -100.00 -100.00
  68    75.565 55329.76766017 25.26  55.093881  65.905976 19.792  258.01  259.61  259.09
  68    75.223 55329.76766076 26.67  55.100241  65.905605 29.828  258.01  259.61  259.09
  68    75.424 55329.76766135 29.99  55.106601  65.905234   -100  258.01  259.61  259.09
  68    75.287 55329.76766194 20.90  55.112961  65.904863 27.906  258.01  259.61  259.09
  69    76.410 55339.68330478 10.75  55.096341  65.907259 15.590  253.56  252.32  254.43
  69    77.640 55339.68330537  3.34  55.102702  65.906888  6.621  253.56  252.32  254.43
  69    76.555 55339.68330596 10.21  55.109062  65.906517  9.223  253.56  252.32  254.43
  69    78.518 55339.68330655 17.63  55.115423  65.906146  8.388  253.56  252.32  254.43
  70    68.740 55349.59894928  2.53  55.100757  65.908456  5.859 -100.00 -100.00 -100.00
  70    66.513 55349.59894987  1.35  55.107118  65.908085  3.864 -100.00 -100.00 -100.00
  70    83.099 55349.59895046  1.24  55.113479  65.907714  2.428 -100.00 -100.00 -100.00
  71    68.065 55359.51459147  6.68  55.101864  65.909170  5.370  265.10  263.49  264.14
  71    79.735 55359.51459206  5.44  55.108226  65.908799  3.225  265.10  263.49  264.14
  71    82.691 55359.51459265  4.96  55.114587  65.908428  2.931  265.10  263.49  264.14
  72    83.569 55369.43023127  2.66  55.100088  65.909358  4.246 -100.00 -100.00 -100.00
  72    81.080 55369.43023186  0.67  55.106450  65.908987  2.510 -100.00 -100.00 -100.00
  72    78.441 55369.43023245  0.39  55.112811  65.908616  2.675 -100.00 -100.00 -100.00
  72    74.089 55369.43023304  9.48  55.119173  65.908245  7.388 -100.00 -100.00 -100.00
  73    75.850 55379.34586976 18.63  55.100087  65.909466  8.309 -100.00 -100.00 -100.00
  73    68.941 55379.34587035 23.05  55.106448  65.909095 16.750 -100.00 -100.00 -100.00
  73    68.510 55379.34587094 15.67  55.112810  65.908724 31.475 -100.00 -100.00 -100.00
  73    70.322 55379.34587153 16.19  55.119172  65.908353   -100 -100.00 -100.00 -100.00
  74    77.129 55389.26150754  9.12  55.100155  65.909944 11.648 -100.00 -100.00 -100.00
  74    63.830 55389.26150813  0.18  55.106517  65.909573  6.214 -100.00 -100.00 -100.00
  74    71.914 55389.26150931 11.68  55.119240  65.908831 19.581 -100.00 -100.00 -100.00
  75    77.001 55399.17714409 20.59  55.097698  65.910405  8.926  275.22  274.25  273.79
  75    72.017 55399.17714468 23.05  55.104060  65.910035 12.035  275.22  274.25  273.79
  75    66.747 55399.17714527 27.99  55.110422  65.909664 19.166  275.22  274.25  273.79
  75    68.333 55399.17714586 15.14  55.116784  65.909293   -100  275.22  274.25  273.79
  76    75.686 55409.09279060  8.08  55.099988  65.909483 17.946  276.43  276.55  274.96
  76    88.555 55409.09279119  0.61  55.106349  65.909113  8.348  276.43  276.55  274.96
  76    67.847 55409.09279178  1.10  55.112711  65.908742  5.776  276.43  276.55  274.96
  76    72.540 55409.09279237 13.80  55.119072  65.908371  7.946  276.43  276.55  274.96
  77    75.616 55419.00844096  6.84  55.096036  65.907874 12.903 -100.00 -100.00 -100.00
  77    61.653 55419.00844155  4.33  55.102397  65.907504  8.767 -100.00 -100.00 -100.00
  77    66.075 55419.00844214  4.27  55.108758  65.907133  8.362 -100.00 -100.00 -100.00
  77    70.974 55419.00844273 16.84  55.115118  65.906762 12.905 -100.00 -100.00 -100.00
  78    94.796 55428.92408800  2.63  55.092836  65.906380  8.421 -100.00 -100.00 -100.00
  78    66.779 55428.92408859  2.28  55.099196  65.906009  5.778 -100.00 -100.00 -100.00
  78    68.128 55428.92408918  1.89  55.105557  65.905639  6.104 -100.00 -100.00 -100.00
  78    70.139 55428.92408977 13.54  55.111917  65.905268 20.364 -100.00 -100.00 -100.00
  79    68.764 55438.83973282  2.90  55.094631  65.905910  4.597  262.26  260.86  260.63
  79    63.461 55438.83973341  2.28  55.100991  65.905540  2.908  262.26  260.86  260.63
  79    82.313 55438.83973400  4.03  55.107352  65.905169  4.712  262.26  260.86  260.63
  79    82.068 55438.83973459 11.18  55.113712  65.904798  8.034  262.26  260.86  260.63
  80    61.347 55448.75537599  4.50  55.094363  65.906685  4.821 -100.00 -100.00 -100.00
  80    67.050 55448.75537658  4.04  55.100724  65.906315  3.825 -100.00 -100.00 -100.00
  80    82.490 55448.75537717  4.37  55.107085  65.905944  4.238 -100.00 -100.00 -100.00
  80    81.436 55448.75537776  3.97  55.113445  65.905573  3.507 -100.00 -100.00 -100.00
  81    68.536 55458.67101912 19.38  55.097068  65.907218 30.287  264.32  263.96  264.36
  81    68.514 55458.67101971 22.29  55.103429  65.906847   -100  264.32  263.96  264.36
  81    68.824 55458.67102030 26.74  55.109790  65.906476 27.435  264.32  263.96  264.36
  81    71.170 55458.67102089 25.37  55.116150  65.906105 15.865  264.32  263.96  264.36
  82    61.742 55468.58666116  7.65  55.095955  65.907281  7.178 -100.00 -100.00 -100.00
  82    61.473 55468.58666175  7.30  55.102316  65.906910  8.629 -100.00 -100.00 -100.00
  82    61.826 55468.58666234  7.28  55.108677  65.906539  5.915 -100.00 -100.00 -100.00
  82    62.592 55468.58666293  6.87  55.115038  65.906168  5.025 -100.00 -100.00 -100.00
  83    60.072 55478.50229974  5.17  55.092289  65.906738  6.461  265.25  264.38  265.29
  83    61.013 55478.50230033  4.40  55.098651  65.906368  6.127  265.25  264.38  265.29
  83    64.629 55478.50230092  3.11  55.105012  65.905997  3.670  265.25  264.38  265.29
  83    61.884 55478.50230151  3.36  55.111373  65.905626  3.989  265.25  264.38  265.29
  84    60.528 55488.41793600  5.89  55.095849  65.905933  5.683 -100.00 -100.00 -100.00
  84    61.152 55488.41793659  4.77  55.102211  65.905563  3.880 -100.00 -100.00 -100.00
  84    64.602 55488.41793718  4.80  55.108572  65.905192  4.065 -100.00 -100.00 -100.00
  84    65.651 55488.41793777  4.45  55.114933  65.904821  3.643 -100.00 -100.00 -100.00
  85    68.585 55498.33356958  5.66  55.094995  65.906083  4.634 -100.00 -100.00 -100.00
  85    31.150 55498.33357017 13.35  55.101356  65.905712 16.225 -100.00 -100.00 -100.00
  85    29.596 55498.33357076 15.10  55.107718  65.905342 17.243 -100.00 -100.00 -100.00
  85    26.900 55498.33357135 17.43  55.114079  65.904971   -100 -100.00 -100.00 -100.00
  86    23.497 55508.24920843 45.49  55.098058  65.907043   -100 -100.00 -100.00 -100.00
  86    23.584 55508.24920902 45.77  55.104420  65.906672   -100 -100.00 -100.00 -100.00
  86    23.472 55508.24920961 47.62  55.110781  65.906302 20.301 -100.00 -100.00 -100.00
  87    27.802 55518.16485867 42.10  55.098083  65.908045   -100 -100.00 -100.00 -100.00
  87    23.726 55518.16485926 45.50  55.104445  65.907675   -100 -100.00 -100.00 -100.00
  87    23.749 55518.16485985 47.74  55.110807  65.907304 16.787 -100.00 -100.00 -100.00
  87    23.832 55518.16486044 45.73  55.117168  65.906932   -100 -100.00 -100.00 -100.00
  88    74.691 55528.08050786  9.23  55.096626  65.908926  7.506 -100.00 -100.00 -100.00
  88    72.904 55528.08050845  7.65  55.102988  65.908555  7.265 -100.00 -100.00 -100.00
  88    73.522 55528.08050904  6.12  55.109349  65.908184  7.167 -100.00 -100.00 -100.00
  88    75.944 55528.08050963  3.92  55.115711  65.907813  4.418 -100.00 -100.00 -100.00
  89    27.687 55537.99615554 27.90  55.099298  65.908969 12.443 -100.00 -100.00 -100.00
  89    28.831 55537.99615613 27.52  55.105660  65.908598 11.912 -100.00 -100.00 -100.00
  89    28.773 55537.99615672 26.22  55.112022  65.908227  9.443 -100.00 -100.00 -100.00
  89    28.212 55537.99615731 27.10  55.118383  65.907856 11.078 -100.00 -100.00 -100.00
  90    90.618 55547.91180093  0.83  55.101799  65.908906  2.349  248.83  243.76  238.06
  90    91.342 55547.91180152  0.90  55.108161  65.908535  2.589  248.83  243.76  238.06
  90    91.735 55547.91180211  0.94  55.114522  65.908164  2.886  248.83  243.76  238.06
  91    92.029 55557.82744495  0.04  55.108808  65.908900  2.236 -100.00 -100.00 -100.00
  91    91.654 55557.82744554  0.31  55.115170  65.908529  2.514 -100.00 -100.00 -100.00
  92    87.998 55567.74308647  1.22  55.098674  65.910161  2.949 -100.00 -100.00 -100.00
  92    76.827 55567.74308707  1.23  55.105036  65.909790  3.761 -100.00 -100.00 -100.00
  92    80.571 55567.74308766  1.07  55.111398  65.909419  3.091 -100.00 -100.00 -100.00
  92    75.858 55567.74308825  1.60  55.117760  65.909047  3.586 -100.00 -100.00 -100.00
  95    70.440 55597.49000387  1.39  55.093482  65.906917  4.145 -100.00 -100.00 -100.00
  95    69.505 55597.49000446  1.70  55.099844  65.906546  4.238 -100.00 -100.00 -100.00
  95    67.774 55597.49000505  1.23  55.106206  65.906176  3.753 -100.00 -100.00 -100.00
  95    66.841 55597.49000564  1.68  55.112567  65.905805  3.606 -100.00 -100.00 -100.00
  96    70.166 55607.40563776  3.24  55.094985  65.905827  3.535  248.88  240.88  224.08
  96    68.050 55607.40563835  3.58  55.101346  65.905457  4.615  248.88  240.88  224.08
  96    66.940 55607.40563894  2.59  55.107708  65.905086  2.959  248.88  240.88  224.08
  96    67.072 55607.40563953  2.74  55.114069  65.904715  3.144  248.88  240.88  224.08
  98    69.930 55627.23691451  0.70  55.099091  65.907603  3.344 -100.00 -100.00 -100.00
  98    67.957 55627.23691510  0.85  55.105453  65.907232  3.165 -100.00 -100.00 -100.00
  98    67.716 55627.23691569  0.95  55.111814  65.906861  4.162 -100.00 -100.00 -100.00
 100    70.250 55647.06821569  2.59  55.099148  65.907337  3.378  254.49  245.97  226.96
 100    67.430 55647.06821628  2.98  55.105509  65.906966  4.109  254.49  245.97  226.96
 100    67.502 55647.06821687  2.72  55.111870  65.906595  4.266  254.49  245.97  226.96
 101    76.020 55656.98386194  3.27  55.093577  65.906075  4.778 -100.00 -100.00 -100.00
 101    71.924 55656.98386253  7.39  55.099937  65.905704  8.206 -100.00 -100.00 -100.00
 101    67.762 55656.98386312 12.18  55.106298  65.905334 14.631 -100.00 -100.00 -100.00
 101    68.781 55656.98386371 13.05  55.112658  65.904963 17.457 -100.00 -100.00 -100.00
 102    29.887 55666.89950401 24.33  55.089760  65.905569 13.457  267.47  266.63  266.63
 102    28.999 55666.89950460 27.35  55.096120  65.905199 23.914  267.47  266.63  266.63
 102    27.720 55666.89950519 27.75  55.102480  65.904828 24.042  267.47  266.63  266.63
 102    29.057 55666.89950578 25.67  55.108840  65.904457 16.375  267.47  266.63  266.63
 103    29.565 55676.81514396 25.25  55.094419  65.906091 11.321 -100.00 -100.00 -100.00
 103    29.383 55676.81514455 25.71  55.100779  65.905720 12.638 -100.00 -100.00 -100.00
 103    28.792 55676.81514514 27.28  55.107140  65.905349 16.256 -100.00 -100.00 -100.00
 103    25.430 55676.81514573 30.20  55.113500  65.904978 24.918 -100.00 -100.00 -100.00
 104    77.766 55686.73078192 20.20  55.098196  65.907713 10.700 -100.00 -100.00 -100.00
 104    67.279 55686.73078251 19.11  55.104557  65.907342  9.704 -100.00 -100.00 -100.00
 104    67.159 55686.73078310 15.86  55.110918  65.906971  4.046 -100.00 -100.00 -100.00
 104    65.796 55686.73078369 17.57  55.117279  65.906600  7.966 -100.00 -100.00 -100.00
 105    73.854 55696.64641843 21.66  55.099186  65.909183 27.565 -100.00 -100.00 -100.00
 105    74.986 55696.64641902  5.38  55.105547  65.908813  4.645 -100.00 -100.00 -100.00
 105    74.687 55696.64641961  5.65  55.111908  65.908442  4.527 -100.00 -100.00 -100.00
 105    77.331 55696.64642020 12.71  55.118269  65.908071  7.512 -100.00 -100.00 -100.00
 106    74.467 55706.56205379 19.20  55.101141  65.909537  9.324  273.23  273.27  274.01
 106    73.688 55706.56205438 17.00  55.107502  65.909167 13.410  273.23  273.27  274.01
 106    91.192 55706.56205497  3.94  55.113864  65.908796  3.689  273.23  273.27  274.01
 107    77.800 55716.47770351  6.24  55.097645  65.909153  5.655 -100.00 -100.00 -100.00
 107    74.785 55716.47770411  0.65  55.104007  65.908783  5.172 -100.00 -100.00 -100.00
 107    77.462 55716.47770529  9.86  55.116730  65.908041  5.894 -100.00 -100.00 -100.00
 109    28.481 55736.30899908 44.08  55.097399  65.909600   -100 -100.00 -100.00 -100.00
 109    23.837 55736.30899967 35.30  55.103761  65.909230   -100 -100.00 -100.00 -100.00
 109    23.859 55736.30900026 34.63  55.110123  65.908859   -100 -100.00 -100.00 -100.00
 109    24.105 55736.30900085 42.43  55.116484  65.908487  7.784 -100.00 -100.00 -100.00
 110    29.375 55746.22464529 30.72  55.103521  65.910099 29.944  268.73  267.39  267.76
 110    28.840 55746.22464588 31.27  55.109883  65.909728 32.684  268.73  267.39  267.76
 110    23.821 55746.22464647 35.46  55.116245  65.909357   -100  268.73  267.39  267.76
 111    28.322 55756.14028850 44.79  55.097339  65.910214   -100  276.58  276.07  274.98
 111    29.043 55756.14028909 30.22  55.103701  65.909843 22.626  276.58  276.07  274.98
 111    22.523 55756.14028968 35.80  55.110062  65.909472   -100  276.58  276.07  274.98
 111    22.697 55756.14029027 36.65  55.116424  65.909101   -100  276.58  276.07  274.98
 112    22.173 55766.05592960 52.75  55.094640  65.908576  9.441 -100.00 -100.00 -100.00
 112    22.054 55766.05593019 50.94  55.101002  65.908206   -100 -100.00 -100.00 -100.00
 112    22.154 55766.05593078 47.62  55.107363  65.907835 10.396 -100.00 -100.00 -100.00
 112    22.135 55766.05593137 37.84  55.113724  65.907464   -100 -100.00 -100.00 -100.00
 113    22.392 55775.97156790 41.83  55.092962  65.906335   -100 -100.00 -100.00 -100.00
 113    27.960 55775.97156849 29.25  55.099322  65.905965 17.270 -100.00 -100.00 -100.00
 113    27.623 55775.97156908 31.97  55.105683  65.905594 30.918 -100.00 -100.00 -100.00
 113    22.064 55775.97156967 39.14  55.112043  65.905223   -100 -100.00 -100.00 -100.00
 114    29.180 55785.88720364 25.97  55.095355  65.905020 19.402  271.71  271.35  270.45
 114    27.410 55785.88720423 27.21  55.101715  65.904649 18.270  271.71  271.35  270.45
 114    22.564 55785.88720482 26.34  55.108075  65.904279 16.611  271.71  271.35  270.45
 114    22.344 55785.88720541 30.85  55.114435  65.903908 27.539  271.71  271.35  270.45
 115    27.950 55795.80283682 31.61  55.092144  65.906420   -100  268.58  267.12  267.07
 115    28.945 55795.80283741 28.87  55.098505  65.906050 24.653  268.58  267.12  267.07
 115    21.854 55795.80283800 31.03  55.104865  65.905679   -100  268.58  267.12  267.07
 115    21.854 55795.80283859 34.72  55.111226  65.905309   -100  268.58  267.12  267.07
 116    21.801 55805.71847702 48.76  55.095837  65.908157  6.601 -100.00 -100.00 -100.00
 116    21.832 55805.71847761 51.95  55.102198  65.907787   -100 -100.00 -100.00 -100.00
 116    22.140 55805.71847820 49.45  55.108559  65.907416   -100 -100.00 -100.00 -100.00
 116    21.865 55805.71847879 36.12  55.114920  65.907045   -100 -100.00 -100.00 -100.00
 117    28.202 55815.63412630 39.65  55.097440  65.908915   -100 -100.00 -100.00 -100.00
 117    29.021 55815.63412689 28.35  55.103802  65.908544 24.976 -100.00 -100.00 -100.00
 117    21.876 55815.63412748 31.04  55.110164  65.908174   -100 -100.00 -100.00 -100.00
 117    23.726 55815.63412807 33.03  55.116525  65.907803 25.804 -100.00 -100.00 -100.00
 118    28.198 55825.54977243 30.61  55.093862  65.907934   -100 -100.00 -100.00 -100.00
 118    27.992 55825.54977302 30.64  55.100224  65.907564   -100 -100.00 -100.00 -100.00
 118    21.644 55825.54977361 28.55  55.106586  65.907193 28.728 -100.00 -100.00 -100.00
 118    22.059 55825.54977420 28.81  55.112947  65.906822 26.360 -100.00 -100.00 -100.00
 119    29.383 55835.46541439 24.96  55.093575  65.906177  6.113 -100.00 -100.00 -100.00
 119    28.497 55835.46541498 27.31  55.099937  65.905806  9.370 -100.00 -100.00 -100.00
 119    22.402 55835.46541557 30.49  55.106298  65.905436 16.470 -100.00 -100.00 -100.00
 119    22.747 55835.46541616 34.47  55.112659  65.905065 21.798 -100.00 -100.00 -100.00
 120    29.413 55845.38105269 24.31  55.091709  65.905396 10.611 -100.00 -100.00 -100.00
 120    28.410 55845.38105328 26.86  55.098071  65.905026 15.474 -100.00 -100.00 -100.00
 120    23.054 55845.38105387 32.79  55.104432  65.904655 31.735 -100.00 -100.00 -100.00
 120    22.987 55845.38105446 34.68  55.110793  65.904284 28.050 -100.00 -100.00 -100.00
 121    29.661 55855.29668874 19.26  55.096079  65.906526  7.839  261.28  260.66  261.63
 121    29.376 55855.29668934 17.71  55.102441  65.906156  5.464  261.28  260.66  261.63
 121    29.271 55855.29668993 19.08  55.108802  65.905785  6.776  261.28  260.66  261.63
 121    27.582 55855.29669052 23.33  55.115164  65.905414 13.875  261.28  260.66  261.63
 122    28.022 55865.21232907 41.04  55.095034  65.908857   -100  254.32  251.14  249.21
 122    23.492 55865.21232966 42.29  55.101396  65.908487   -100  254.32  251.14  249.21
 122    23.555 55865.21233025 44.35  55.107758  65.908116   -100  254.32  251.14  249.21
 122    23.420 55865.21233085 46.77  55.114120  65.907745  4.302  254.32  251.14  249.21
 123    23.441 55875.12798273 37.43  55.102265  65.909888 25.169 -100.00 -100.00 -100.00
 123    23.015 55875.12798332 36.23  55.108627  65.909518   -100 -100.00 -100.00 -100.00
 123    23.206 55875.12798391 31.46  55.114989  65.909147 21.288 -100.00 -100.00 -100.00
 124    23.106 55885.04362996 31.41  55.101202  65.909863 24.047 -100.00 -100.00 -100.00
 124    27.012 55885.04363055 30.13  55.107564  65.909492 19.155 -100.00 -100.00 -100.00
 124    26.721 55885.04363114 28.19  55.113926  65.909121 16.432 -100.00 -100.00 -100.00
 125    95.116 55894.95927157  2.49  55.103471  65.909033  3.643 -100.00 -100.00 -100.00
 125    72.482 55894.95927216  2.88  55.109833  65.908662  4.785 -100.00 -100.00 -100.00
 125    94.842 55894.95927275  0.68  55.116194  65.908291  3.384 -100.00 -100.00 -100.00
 128    69.101 55924.70620247  4.77  55.103483  65.909862  4.106 -100.00 -100.00 -100.00
 128    67.406 55924.70620306  4.31  55.109845  65.909491  3.735 -100.00 -100.00 -100.00
 128    66.255 55924.70620365  5.32  55.116206  65.909120  4.610 -100.00 -100.00 -100.00
 129    68.875 55934.62185302  2.09  55.102387  65.909869  3.022 -100.00 -100.00 -100.00
 129    67.872 55934.62185361  2.35  55.108749  65.909498  3.531 -100.00 -100.00 -100.00
 129    67.086 55934.62185420  2.95  55.115111  65.909127  4.182 -100.00 -100.00 -100.00
 131    68.579 55954.45314018  0.96  55.095965  65.905758  4.520 -100.00 -100.00 -100.00
 131    67.449 55954.45314077  0.74  55.102326  65.905387  4.757 -100.00 -100.00 -100.00
 131    67.303 55954.45314136  0.19  55.108687  65.905016  3.691 -100.00 -100.00 -100.00
 131    66.984 55954.45314195  0.06  55.115049  65.904645  3.110 -100.00 -100.00 -100.00
 132    70.990 55964.36877884  0.11  55.093711  65.904630  3.672 -100.00 -100.00 -100.00
 132    68.736 55964.36877943  0.71  55.100073  65.904259  4.401 -100.00 -100.00 -100.00
 132    67.293 55964.36878002  0.15  55.106434  65.903888  3.773 -100.00 -100.00 -100.00
 133    70.091 55974.28441631  0.97  55.095842  65.905693  3.550 -100.00 -100.00 -100.00
 133    69.038 55974.28441690  1.13  55.102204  65.905322  3.526 -100.00 -100.00 -100.00
 133    67.644 55974.28441749  0.68  55.108565  65.904951  3.119 -100.00 -100.00 -100.00
 133    67.322 55974.28441808  1.10  55.114926  65.904580  3.365 -100.00 -100.00 -100.00
 134    70.742 55984.20005252  3.99  55.096345  65.908123  3.752 -100.00 -100.00 -100.00
 134    68.230 55984.20005311  3.92  55.102707  65.907752  4.103 -100.00 -100.00 -100.00
 134    67.066 55984.20005371  3.97  55.109069  65.907382  3.668 -100.00 -100.00 -100.00
 134    66.622 55984.20005430  4.23  55.115430  65.907010  3.720 -100.00 -100.00 -100.00
 135    69.645 55994.11568678  2.91  55.099938  65.909302  3.437 -100.00 -100.00 -100.00
 135    67.986 55994.11568737  2.63  55.106300  65.908931  3.537 -100.00 -100.00 -100.00
 135    66.298 55994.11568796  3.05  55.112661  65.908561  3.467 -100.00 -100.00 -100.00
 135    66.991 55994.11568855  2.46  55.119023  65.908190  2.961 -100.00 -100.00 -100.00
 136    69.312 56004.03133775  4.73  55.099160  65.908117  3.889 -100.00 -100.00 -100.00
 136    67.932 56004.03133834  4.62  55.105521  65.907747  3.613 -100.00 -100.00 -100.00
 136    66.596 56004.03133893  4.44  55.111882  65.907376  3.216 -100.00 -100.00 -100.00
 137    70.146 56013.94698627  4.45  55.095263  65.905936  4.716 -100.00 -100.00 -100.00
 137    68.581 56013.94698686  4.12  55.101623  65.905566  4.509 -100.00 -100.00 -100.00
 137    67.357 56013.94698745  4.27  55.107984  65.905195  3.652 -100.00 -100.00 -100.00
 137    66.775 56013.94698804  4.35  55.114344  65.904824  4.083 -100.00 -100.00 -100.00
 138    70.217 56023.86263176  6.41  55.093812  65.904973  3.875 -100.00 -100.00 -100.00
 138    67.668 56023.86263235  7.61  55.100172  65.904602  5.070 -100.00 -100.00 -100.00
 138    67.215 56023.86263294  6.95  55.106532  65.904232  4.028 -100.00 -100.00 -100.00
 138    67.515 56023.86263353  6.77  55.112892  65.903861  3.469 -100.00 -100.00 -100.00
 139    63.997 56033.77827527  0.32  55.097219  65.906231  6.430 -100.00 -100.00 -100.00
 139    56.389 56033.77827586  2.99  55.103579  65.905860  8.162 -100.00 -100.00 -100.00
 139    30.076 56033.77827645  4.80  55.109939  65.905489  8.075 -100.00 -100.00 -100.00
 140    27.846 56043.69391626 26.78  55.096568  65.908963 20.693  261.18  262.96  264.63
 140    22.231 56043.69391685 28.27  55.102929  65.908592 24.971  261.18  262.96  264.63
 140    22.310 56043.69391744 29.66  55.109290  65.908221 24.673  261.18  262.96  264.63
 140    22.013 56043.69391803 31.56  55.115651  65.907850   -100  261.18  262.96  264.63
 141    26.718 56053.60955523 39.26  55.102824  65.910470   -100  262.56  259.97  254.42
 141    26.671 56053.60955582 38.97  55.109186  65.910099   -100  262.56  259.97  254.42
 141    27.058 56053.60955642 42.84  55.115548  65.909728   -100  262.56  259.97  254.42
 142    78.625 56063.52518996 23.40  55.098950  65.910775  9.648 -100.00 -100.00 -100.00
 142    75.745 56063.52519055 21.51  55.105313  65.910404 21.142 -100.00 -100.00 -100.00
 142    75.296 56063.52519114 10.80  55.111675  65.910033  6.077 -100.00 -100.00 -100.00
 142    75.949 56063.52519173  9.68  55.118036  65.909662  3.861 -100.00 -100.00 -100.00
 143    67.973 56073.44083243  4.79  55.102059  65.909329  4.233  264.73  264.15  265.21
 143    76.937 56073.44083302  3.85  55.108420  65.908959  3.127  264.73  264.15  265.21
 143    80.732 56073.44083361  5.74  55.114782  65.908588  3.520  264.73  264.15  265.21
 144    73.552 56083.35648208  8.43  55.098529  65.908683  7.306  269.78  269.05  269.64
 144    71.180 56083.35648267  9.45  55.104891  65.908312 13.419  269.78  269.05  269.64
 144    73.175 56083.35648326 23.05  55.111252  65.907941 14.510  269.78  269.05  269.64
 144    76.247 56083.35648385 19.24  55.117613  65.907570  6.188  269.78  269.05  269.64
 145    79.452 56093.27212963  9.59  55.098463  65.908932 10.050  273.99  274.13  273.19
 145    64.488 56093.27213022  1.19  55.104825  65.908561  5.570  273.99  274.13  273.19
 145    65.361 56093.27213081  0.94  55.111187  65.908190  4.819  273.99  274.13  273.19
 145    77.470 56093.27213140  1.41  55.117548  65.907819  4.748  273.99  274.13  273.19
 146    74.301 56103.18777483 23.49  55.097015  65.909857  8.131  268.08  267.04  267.87
 146    66.785 56103.18777542 25.67  55.103377  65.909487 16.522  268.08  267.04  267.87
 146    67.792 56103.18777601 19.07  55.109739  65.909116  7.212  268.08  267.04  267.87
 146    69.349 56103.18777660  4.26  55.116100  65.908745 21.333  268.08  267.04  267.87
 147    79.809 56113.10340622  0.91  55.102100  65.909304  4.900  269.46  268.99  269.15
 147    74.822 56113.10340681  1.05  55.108461  65.908933  5.333  269.46  268.99  269.15
 147    76.228 56113.10340740 11.10  55.114822  65.908562  9.332  269.46  268.99  269.15
 148    76.646 56123.01904474  3.45  55.098924  65.908149  8.908 -100.00 -100.00 -100.00
 148    61.908 56123.01904533  1.52  55.105285  65.907779  5.981 -100.00 -100.00 -100.00
 148    67.816 56123.01904592  3.03  55.111646  65.907408  6.344 -100.00 -100.00 -100.00
 149    76.346 56132.93467933 22.36  55.095277  65.906379 11.057 -100.00 -100.00 -100.00
 149    68.824 56132.93467992 19.75  55.101638  65.906008 32.683 -100.00 -100.00 -100.00
 149    84.528 56132.93468051  6.09  55.107998  65.905638  8.000 -100.00 -100.00 -100.00
 149    69.214 56132.93468110  8.12  55.114358  65.905267  9.884 -100.00 -100.00 -100.00
 150    69.575 56142.85031664  2.53  55.090712  65.905708  8.590  268.07  267.28  267.05
 150    69.069 56142.85031723  0.54  55.097072  65.905338  4.875  268.07  267.28  267.05
 150    79.208 56142.85031782  0.99  55.103432  65.904967  3.644  268.07  267.28  267.05
 150    76.896 56142.85031841  5.24  55.109792  65.904597  7.141  268.07  267.28  267.05
 151    23.083 56152.76596780 45.24  55.096353  65.906013 22.928 -100.00 -100.00 -100.00
 151    23.123 56152.76596839 35.40  55.102714  65.905642   -100 -100.00 -100.00 -100.00
 151    23.084 56152.76596898 36.37  55.109074  65.905271   -100 -100.00 -100.00 -100.00
 151    23.126 56152.76596957 39.33  55.115434  65.904900   -100 -100.00 -100.00 -100.00
 152    28.237 56162.68161676 39.35  55.095126  65.907809 31.352 -100.00 -100.00 -100.00
 152    22.957 56162.68161735 40.62  55.101488  65.907439   -100 -100.00 -100.00 -100.00
 152    22.720 56162.68161794 41.15  55.107849  65.907068   -100 -100.00 -100.00 -100.00
 152    22.857 56162.68161853 42.70  55.114209  65.906697   -100 -100.00 -100.00 -100.00
 153    22.149 56172.59726437 48.33  55.100490  65.908579   -100  267.14  265.81  266.39
 153    22.270 56172.59726496 41.90  55.106852  65.908208 17.002  267.14  265.81  266.39
 153    22.207 56172.59726555 36.93  55.113213  65.907837   -100  267.14  265.81  266.39
 154    69.817 56182.51290634 26.61  55.096750  65.908226 16.118 -100.00 -100.00 -100.00
 154    64.203 56182.51290693 19.43  55.103112  65.907855   -100 -100.00 -100.00 -100.00
 154    66.130 56182.51290752  5.80  55.109473  65.907485 12.190 -100.00 -100.00 -100.00
 154    69.709 56182.51290811  4.63  55.115835  65.907114  7.191 -100.00 -100.00 -100.00
 155    61.038 56192.42854459  5.79  55.093000  65.906877  7.154  269.35  268.35  269.12
 155    62.264 56192.42854518  4.44  55.099362  65.906507  4.773  269.35  268.35  269.12
 155    72.762 56192.42854577  3.61  55.105724  65.906136  4.557  269.35  268.35  269.12
 155    80.811 56192.42854636  3.42  55.112085  65.905765  3.264  269.35  268.35  269.12
 156    71.098 56202.34418026 17.24  55.090688  65.906161  8.293 -100.00 -100.00 -100.00
 156    70.535 56202.34418085 23.56  55.097050  65.905790 12.535 -100.00 -100.00 -100.00
 156    68.916 56202.34418144 27.27  55.103411  65.905420 30.378 -100.00 -100.00 -100.00
 156    70.447 56202.34418203  9.56  55.109772  65.905049 14.841 -100.00 -100.00 -100.00
 157    61.242 56212.25981457  6.23  55.094308  65.907232  6.043 -100.00 -100.00 -100.00
 157    61.578 56212.25981516  5.05  55.100669  65.906861  4.950 -100.00 -100.00 -100.00
 157    61.825 56212.25981575  5.15  55.107031  65.906491  5.184 -100.00 -100.00 -100.00
 157    75.214 56212.25981634 13.83  55.113393  65.906120 12.899 -100.00 -100.00 -100.00
 158    75.712 56222.17544698 20.23  55.098534  65.909555 13.449 -100.00 -100.00 -100.00
 158    65.107 56222.17544757  7.11  55.104896  65.909185  7.674 -100.00 -100.00 -100.00
 158    65.391 56222.17544816 25.84  55.111259  65.908814   -100 -100.00 -100.00 -100.00
 158    70.623 56222.17544875  6.09  55.117621  65.908443  5.307 -100.00 -100.00 -100.00
 159    23.079 56232.09110207 42.45  55.102068  65.910973   -100 -100.00 -100.00 -100.00
 159    23.333 56232.09110266 44.86  55.108430  65.910603   -100 -100.00 -100.00 -100.00
 159    23.154 56232.09110325 43.69  55.114792  65.910232   -100 -100.00 -100.00 -100.00
 161    68.132 56251.92240277 10.24  55.101177  65.909720  9.418 -100.00 -100.00 -100.00
 161    64.294 56251.92240337 11.74  55.107539  65.909350 13.963 -100.00 -100.00 -100.00
 161    66.234 56251.92240396 11.52  55.113900  65.908979 19.585 -100.00 -100.00 -100.00
 162    23.249 56261.83804630 32.29  55.100449  65.908742 30.628  239.84  234.93  227.79
 162    23.364 56261.83804689 32.68  55.106810  65.908371   -100  239.84  234.93  227.79
 162    23.317 56261.83804748 28.06  55.113172  65.908000 18.900  239.84  234.93  227.79
 163    22.873 56271.75368730 30.85  55.095848  65.908982   -100 -100.00 -100.00 -100.00
 163    23.158 56271.75368790 31.05  55.102210  65.908611 28.705 -100.00 -100.00 -100.00
 163    23.112 56271.75368849 30.01  55.108571  65.908241 29.420 -100.00 -100.00 -100.00
 163    22.791 56271.75368908 29.04  55.114933  65.907869 29.485 -100.00 -100.00 -100.00
 164    23.028 56281.66932863 25.17  55.097514  65.909264 16.064  242.68  236.95  225.89
 164    23.400 56281.66932922 26.60  55.103876  65.908893 19.158  242.68  236.95  225.89
 164    23.127 56281.66932981 28.13  55.110237  65.908522 24.192  242.68  236.95  225.89
 164    23.268 56281.66933040 25.16  55.116599  65.908151 16.359  242.68  236.95  225.89
 165    28.342 56291.58498080 20.08  55.097959  65.909006  7.719  248.26  243.29  230.24
 165    28.122 56291.58498140 19.23  55.104321  65.908635  6.588  248.26  243.29  230.24
 165    27.194 56291.58498199 20.88  55.110683  65.908264  8.583  248.26  243.29  230.24
 165    26.757 56291.58498258 20.58  55.117044  65.907893  8.525  248.26  243.29  230.24
 166    28.358 56301.50062824 19.73  55.095238  65.907793  7.083  245.86  238.76  221.74
 166    28.338 56301.50062883 18.94  55.101600  65.907422  5.519  245.86  238.76  221.74
 166    27.943 56301.50062943 19.39  55.107962  65.907051  6.768  245.86  238.76  221.74
 166    27.769 56301.50063002 19.38  55.114323  65.906680  5.564  245.86  238.76  221.74
 167    28.385 56311.41627161 18.63  55.093584  65.906198  5.646  247.85  240.89  223.84
 167    28.120 56311.41627220 19.00  55.099946  65.905828  5.178  247.85  240.89  223.84
 167    27.834 56311.41627279 18.44  55.106307  65.905457  4.712  247.85  240.89  223.84
 167    27.613 56311.41627338 18.83  55.112669  65.905085  5.994  247.85  240.89  223.84
 168    28.501 56321.33191298 18.77  55.094429  65.905513  5.319  247.50  239.10  219.66
 168    28.308 56321.33191357 18.40  55.100790  65.905142  5.536  247.50  239.10  219.66
 168    28.011 56321.33191416 18.94  55.107152  65.904771  6.631  247.50  239.10  219.66
 168    27.588 56321.33191476 19.61  55.113513  65.904400  7.932  247.50  239.10  219.66
 169    28.351 56331.24755347 19.61  55.092546  65.906589  8.203 -100.00 -100.00 -100.00
 169    28.168 56331.24755406 18.76  55.098907  65.906218  6.266 -100.00 -100.00 -100.00
 169    27.843 56331.24755465 18.88  55.105268  65.905848  5.795 -100.00 -100.00 -100.00
 169    27.619 56331.24755524 19.11  55.111630  65.905476  7.140 -100.00 -100.00 -100.00
 170    66.716 56341.16319424  3.81  55.099238  65.907688  4.106 -100.00 -100.00 -100.00
 170    66.711 56341.16319483  3.88  55.105600  65.907317  4.144 -100.00 -100.00 -100.00
 170    66.393 56341.16319542  4.29  55.111961  65.906946  4.131 -100.00 -100.00 -100.00
 171    69.848 56351.07883197  2.72  55.097413  65.908672  3.848 -100.00 -100.00 -100.00
 171    68.537 56351.07883256  2.44  55.103774  65.908301  3.008 -100.00 -100.00 -100.00
 171    67.800 56351.07883315  2.70  55.110136  65.907930  3.169 -100.00 -100.00 -100.00
 171    67.349 56351.07883374  2.85  55.116497  65.907559  3.150 -100.00 -100.00 -100.00
 172    69.203 56360.99447088  3.33  55.097894  65.908052  4.895  243.90  232.63  210.43
 172    67.548 56360.99447147  2.97  55.104256  65.907681  3.975  243.90  232.63  210.43
 172    66.816 56360.99447206  2.98  55.110617  65.907311  3.541  243.90  232.63  210.43
 172    67.117 56360.99447265  2.73  55.116978  65.906940  3.549  243.90  232.63  210.43
 173    70.103 56370.91012057  2.51  55.097815  65.906775  3.332 -100.00 -100.00 -100.00
 173    67.487 56370.91012116  2.66  55.104175  65.906404  3.440 -100.00 -100.00 -100.00
 173    67.100 56370.91012176  3.14  55.110536  65.906034  3.533 -100.00 -100.00 -100.00
 174    69.854 56380.82576737  3.62  55.095469  65.906624  4.458 -100.00 -100.00 -100.00
 174    67.995 56380.82576796  3.34  55.101829  65.906253  3.332 -100.00 -100.00 -100.00
 174    67.205 56380.82576855  3.79  55.108190  65.905882  3.745 -100.00 -100.00 -100.00
 174    66.762 56380.82576914  4.24  55.114550  65.905511  3.813 -100.00 -100.00 -100.00
 175    69.817 56390.74141233  3.03  55.097744  65.907829  2.859 -100.00 -100.00 -100.00
 175    67.737 56390.74141292  3.25  55.104105  65.907458  3.396 -100.00 -100.00 -100.00
 175    66.998 56390.74141351  3.31  55.110465  65.907087  3.106 -100.00 -100.00 -100.00
 175    67.221 56390.74141410  3.62  55.116826  65.906716  2.868 -100.00 -100.00 -100.00
 176    27.974 56400.65705572 27.65  55.101250  65.909389 32.578 -100.00 -100.00 -100.00
 176    27.831 56400.65705631 24.70  55.107611  65.909018 22.472 -100.00 -100.00 -100.00
 176    27.539 56400.65705690 24.37  55.113973  65.908647 21.731 -100.00 -100.00 -100.00
 177    62.599 56410.57269585 12.14  55.098350  65.910658  6.474 -100.00 -100.00 -100.00
 177    63.581 56410.57269644 11.87  55.104712  65.910288  5.713 -100.00 -100.00 -100.00
 177    63.346 56410.57269703 12.88  55.111074  65.909917  8.344 -100.00 -100.00 -100.00
 177    64.639 56410.57269762 10.18  55.117435  65.909546  4.744 -100.00 -100.00 -100.00
 178    69.995 56420.48833162 16.17  55.100045  65.910553  4.714 -100.00 -100.00 -100.00
 178    68.409 56420.48833221 16.11  55.106407  65.910182  4.390 -100.00 -100.00 -100.00
 178    66.940 56420.48833280 15.26  55.112769  65.909811  3.888 -100.00 -100.00 -100.00
 178    65.829 56420.48833339 15.41  55.119131  65.909440  3.782 -100.00 -100.00 -100.00
 179    67.641 56430.40396909  5.79  55.103065  65.909799  3.492 -100.00 -100.00 -100.00
 179    64.069 56430.40396968  6.84  55.109427  65.909429  4.811 -100.00 -100.00 -100.00
 179    65.001 56430.40397027  5.82  55.115789  65.909058  3.509 -100.00 -100.00 -100.00
 180    75.054 56440.31962208 24.55  55.101505  65.909231 11.137 -100.00 -100.00 -100.00
 180    73.165 56440.31962267 30.76  55.107867  65.908860   -100 -100.00 -100.00 -100.00
 180    73.122 56440.31962326 22.40  55.114228  65.908489  3.281 -100.00 -100.00 -100.00
 181    77.775 56450.23527249  9.97  55.098643  65.909088  8.953 -100.00 -100.00 -100.00
 181    76.682 56450.23527426  5.29  55.117728  65.907975  7.490 -100.00 -100.00 -100.00
 182    75.734 56460.15092065 17.46  55.095669  65.908927  9.606 -100.00 -100.00 -100.00
 182    75.181 56460.15092124 22.81  55.102030  65.908556 12.978 -100.00 -100.00 -100.00
 182    74.301 56460.15092183 27.76  55.108392  65.908185 24.316 -100.00 -100.00 -100.00
 182    73.908 56460.15092242 23.58  55.114753  65.907814   -100 -100.00 -100.00 -100.00
 184    23.388 56479.98220704 50.20  55.094567  65.907093   -100 -100.00 -100.00 -100.00
 184    23.076 56479.98220763 51.31  55.100927  65.906722 24.000 -100.00 -100.00 -100.00
 184    23.104 56479.98220822 55.24  55.107288  65.906351 28.748 -100.00 -100.00 -100.00
 184    22.957 56479.98220881 50.03  55.113648  65.905980   -100 -100.00 -100.00 -100.00
 185    22.091 56489.89784415 50.35  55.091807  65.906686 25.270  272.50  272.26  270.58
 185    22.247 56489.89784474 51.24  55.098168  65.906315 17.366  272.50  272.26  270.58
 185    22.125 56489.89784533 53.34  55.104528  65.905945   -100  272.50  272.26  270.58
 185    22.296 56489.89784592 40.72  55.110888  65.905574   -100  272.50  272.26  270.58
 186    21.780 56499.81347927 51.20  55.095035  65.906847 15.150 -100.00 -100.00 -100.00
 186    21.983 56499.81347986 51.01  55.101395  65.906477  2.782 -100.00 -100.00 -100.00
 186    21.891 56499.81348045 45.30  55.107756  65.906106 26.155 -100.00 -100.00 -100.00
 186    21.956 56499.81348104 38.50  55.114116  65.905735   -100 -100.00 -100.00 -100.00
 187    21.524 56509.72911273 50.37  55.095028  65.907694 23.700  271.92  271.00  269.99
 187    21.626 56509.72911332 52.03  55.101389  65.907323  2.694  271.92  271.00  269.99
 187    21.390 56509.72911391 54.33  55.107750  65.906953   -100  271.92  271.00  269.99
 187    21.563 56509.72911450 37.12  55.114111  65.906582   -100  271.92  271.00  269.99
 188    28.165 56519.64475511 28.93  55.100232  65.908078 24.675  275.49  275.81  275.69
 188    28.729 56519.64475570 29.15  55.106593  65.907707 29.659  275.49  275.81  275.69
 188    21.796 56519.64475629 32.85  55.112954  65.907337   -100  275.49  275.81  275.69
 189    28.070 56529.56040826 38.61  55.094892  65.908312   -100 -100.00 -100.00 -100.00
 189    29.076 56529.56040885 27.42  55.101254  65.907942 17.248 -100.00 -100.00 -100.00
 189    28.735 56529.56040944 29.93  55.107615  65.907571 29.992 -100.00 -100.00 -100.00
 189    21.409 56529.56041003 35.22  55.113977  65.907200   -100 -100.00 -100.00 -100.00
 190    64.945 56539.47605794 26.97  55.095627  65.907850   -100 -100.00 -100.00 -100.00
 190    65.079 56539.47605853 11.65  55.101989  65.907480   -100 -100.00 -100.00 -100.00
 190    76.137 56539.47605912  0.49  55.108351  65.907109  8.533 -100.00 -100.00 -100.00
 190    68.876 56539.47605971 11.38  55.114712  65.906738 20.923 -100.00 -100.00 -100.00
 191    22.464 56549.39170332 45.94  55.095850  65.907403   -100  270.67  269.29  269.63
 191    22.282 56549.39170391 36.58  55.102211  65.907033   -100  270.67  269.29  269.63
 191    21.969 56549.39170450 36.46  55.108573  65.906662   -100  270.67  269.29  269.63
 191    22.111 56549.39170509 40.41  55.114935  65.906291   -100  270.67  269.29  269.63
 192    83.193 56559.30734671  7.14  55.100406  65.907589  7.664 -100.00 -100.00 -100.00
 192    79.174 56559.30734730  2.84  55.106768  65.907218  4.321 -100.00 -100.00 -100.00
 192    70.744 56559.30734789 11.05  55.113130  65.906847 14.080 -100.00 -100.00 -100.00
 193    79.265 56569.22298930  1.95  55.106565  65.908403  4.895  261.29  261.58  262.99
 193    72.229 56569.22298989  8.02  55.112927  65.908032  8.459  261.29  261.58  262.99
 194    72.708 56579.13862975 20.61  55.103756  65.910026 10.740 -100.00 -100.00 -100.00
 194    68.725 56579.13863034  5.79  55.110119  65.909655  9.674 -100.00 -100.00 -100.00
 194    68.801 56579.13863093  7.47  55.116481  65.909284 13.880 -100.00 -100.00 -100.00
 195    69.932 56589.05426620 15.06  55.098847  65.910890 10.371 -100.00 -100.00 -100.00
 195    70.577 56589.05426679 16.16  55.105209  65.910520  9.499 -100.00 -100.00 -100.00
 195    65.097 56589.05426738 15.08  55.111571  65.910149 31.482 -100.00 -100.00 -100.00
 195    87.167 56589.05426797  1.53  55.117933  65.909778 32.000 -100.00 -100.00 -100.00
 196    96.986 56598.96991045 12.62  55.098480  65.910404  6.872 -100.00 -100.00 -100.00
 196    66.816 56598.96991104 15.29  55.104842  65.910034 11.390 -100.00 -100.00 -100.00
 196    61.729 56598.96991163 10.47  55.111204  65.909663 17.963 -100.00 -100.00 -100.00
 197    25.896 56608.88556165 42.09  55.101056  65.909288 25.940 -100.00 -100.00 -100.00
 197    25.483 56608.88556224 43.16  55.107418  65.908917   -100 -100.00 -100.00 -100.00
 197    25.769 56608.88556283 36.73  55.113779  65.908546 25.180 -100.00 -100.00 -100.00
 198    72.030 56618.80120721 18.58  55.096263  65.909483 12.505 -100.00 -100.00 -100.00
 198    72.023 56618.80120780 21.82  55.102624  65.909113 12.979 -100.00 -100.00 -100.00
 198    71.083 56618.80120839 26.08  55.108986  65.908742 25.773 -100.00 -100.00 -100.00
 198    91.314 56618.80120899  3.50  55.115347  65.908370 19.200 -100.00 -100.00 -100.00
 199    23.389 56628.71685026 39.03  55.099471  65.909483   -100 -100.00 -100.00 -100.00
 199    23.318 56628.71685085 40.70  55.105833  65.909112   -100 -100.00 -100.00 -100.00
 199    23.167 56628.71685144 39.87  55.112195  65.908741   -100 -100.00 -100.00 -100.00
 199    23.100 56628.71685203 34.39  55.118556  65.908370   -100 -100.00 -100.00 -100.00
 200    24.196 56638.63249010 25.63  55.100570  65.909097 14.624  253.80  249.81  241.56
 200    27.122 56638.63249070 23.30  55.106932  65.908726 10.614  253.80  249.81  241.56
 200    28.591 56638.63249129 22.32  55.113294  65.908355 10.104  253.80  249.81  241.56
 201    29.169 56648.54813394 18.14  55.098939  65.907821  5.341 -100.00 -100.00 -100.00
 201    29.053 56648.54813453 18.86  55.105300  65.907450  6.439 -100.00 -100.00 -100.00
 201    28.615 56648.54813512 18.37  55.111662  65.907079  5.270 -100.00 -100.00 -100.00
 202    70.870 56658.46378533  0.15  55.096999  65.906273  3.213  235.39  225.61  211.88
 202    69.274 56658.46378592  0.01  55.103361  65.905902  3.435  235.39  225.61  211.88
 203    69.779 56668.37943259  1.85  55.095291  65.905848  3.257 -100.00 -100.00 -100.00
 203    67.486 56668.37943318  2.44  55.101653  65.905478  4.671 -100.00 -100.00 -100.00
 203    67.538 56668.37943377  1.86  55.108014  65.905107  3.149 -100.00 -100.00 -100.00
 203    67.340 56668.37943436  1.84  55.114376  65.904735  2.931 -100.00 -100.00 -100.00
 204    70.634 56678.29507736  2.80  55.093612  65.907090  3.547 -100.00 -100.00 -100.00
 204    68.880 56678.29507795  2.93  55.099974  65.906720  3.395 -100.00 -100.00 -100.00
 204    67.563 56678.29507854  2.48  55.106336  65.906349  2.999 -100.00 -100.00 -100.00
 204    67.113 56678.29507913  2.64  55.112697  65.905977  2.804 -100.00 -100.00 -100.00
 205    69.854 56688.21072137  3.29  55.098496  65.908221  4.046 -100.00 -100.00 -100.00
 205    67.147 56688.21072196  3.07  55.104858  65.907850  3.498 -100.00 -100.00 -100.00
 205    67.067 56688.21072255  2.92  55.111219  65.907479  3.334 -100.00 -100.00 -100.00
 205    66.641 56688.21072314  2.90  55.117581  65.907108  2.980 -100.00 -100.00 -100.00
 206    68.134 56698.12636276  1.25  55.100051  65.908503  3.676 -100.00 -100.00 -100.00
 206    67.873 56698.12636335  0.88  55.106412  65.908132  2.589 -100.00 -100.00 -100.00
 206    67.122 56698.12636394  0.87  55.112774  65.907761  2.500 -100.00 -100.00 -100.00
 207    71.091 56708.04199887  2.54  55.093988  65.908160  3.374 -100.00 -100.00 -100.00
 207    69.328 56708.04199946  2.84  55.100350  65.907790  3.521 -100.00 -100.00 -100.00
 207    68.008 56708.04200005  2.49  55.106711  65.907419  3.176 -100.00 -100.00 -100.00
 207    66.659 56708.04200064  2.84  55.113072  65.907048  3.596 -100.00 -100.00 -100.00
 208    69.840 56717.95763638  5.24  55.095361  65.907279  3.717 -100.00 -100.00 -100.00
 208    68.739 56717.95763697  4.94  55.101722  65.906909  3.013 -100.00 -100.00 -100.00
 208    67.162 56717.95763756  4.83  55.108083  65.906538  3.341 -100.00 -100.00 -100.00
 208    66.500 56717.95763815  5.20  55.114444  65.906167  3.351 -100.00 -100.00 -100.00
 210    70.916 56737.78893797  2.92  55.097384  65.908636  3.055 -100.00 -100.00 -100.00
 210    68.775 56737.78893856  3.19  55.103745  65.908265  3.528 -100.00 -100.00 -100.00
 210    68.624 56737.78893915  3.31  55.110106  65.907894  3.173 -100.00 -100.00 -100.00
 210    67.150 56737.78893974  3.63  55.116467  65.907522  3.733 -100.00 -100.00 -100.00
 211    69.664 56747.70458361  4.14  55.103773  65.910048  3.009 -100.00 -100.00 -100.00
 211    68.419 56747.70458420  4.19  55.110134  65.909677  2.509 -100.00 -100.00 -100.00
 211    67.531 56747.70458479  4.32  55.116495  65.909306  2.800 -100.00 -100.00 -100.00
 212    70.654 56757.62022388  4.56  55.100369  65.910941  3.294 -100.00 -100.00 -100.00
 212    68.454 56757.62022447  4.72  55.106732  65.910570  3.077 -100.00 -100.00 -100.00
 212    67.856 56757.62022506  4.71  55.113093  65.910198  2.939 -100.00 -100.00 -100.00
 212    66.799 56757.62022565  4.85  55.119455  65.909827  2.841 -100.00 -100.00 -100.00
 213    22.581 56767.53585843 36.31  55.098862  65.910590   -100  265.69  264.85  265.49
 213    22.446 56767.53585902 38.12  55.105224  65.910219   -100  265.69  264.85  265.49
 213    22.385 56767.53585961 35.96  55.111586  65.909848   -100  265.69  264.85  265.49
 213    23.544 56767.53586020 35.82  55.117948  65.909477   -100  265.69  264.85  265.49
 214    77.546 56777.45150302  0.80  55.098094  65.909474  2.681 -100.00 -100.00 -100.00
 214    80.296 56777.45150361  0.93  55.104456  65.909104  2.630 -100.00 -100.00 -100.00
 214    74.235 56777.45150420  6.42  55.110818  65.908733  7.468 -100.00 -100.00 -100.00
 214    74.282 56777.45150479  9.46  55.117179  65.908362  8.542 -100.00 -100.00 -100.00
 215    24.789 56787.36715903 31.84  55.096269  65.909002 28.991 -100.00 -100.00 -100.00
 215    24.981 56787.36715962 35.08  55.102631  65.908631   -100 -100.00 -100.00 -100.00
 215    25.113 56787.36716021 35.01  55.108992  65.908260   -100 -100.00 -100.00 -100.00
 215    25.301 56787.36716080 38.09  55.115354  65.907889   -100 -100.00 -100.00 -100.00
 216    79.088 56797.28281165 13.93  55.096446  65.909213  4.431 -100.00 -100.00 -100.00
 216    69.218 56797.28281224 13.75  55.102808  65.908842  4.403 -100.00 -100.00 -100.00
 216    67.127 56797.28281283 13.31  55.109169  65.908471  4.278 -100.00 -100.00 -100.00
 216    66.104 56797.28281342 13.41  55.115531  65.908100  4.257 -100.00 -100.00 -100.00
 217    78.161 56807.19845924 26.04  55.098573  65.909496 12.533 -100.00 -100.00 -100.00
 217    77.412 56807.19845983 31.34  55.104935  65.909125 31.014 -100.00 -100.00 -100.00
 217    77.162 56807.19846042 19.49  55.111296  65.908753   -100 -100.00 -100.00 -100.00
 217    77.460 56807.19846101 23.11  55.117657  65.908382   -100 -100.00 -100.00 -100.00
 218    75.726 56817.11410071 22.76  55.100539  65.908767 14.102  261.73  261.35  262.03
 218    74.933 56817.11410130 15.57  55.106900  65.908396   -100  261.73  261.35  262.03
 218    74.890 56817.11410189 14.38  55.113261  65.908024 30.815  261.73  261.35  262.03
 219    76.131 56827.02973833 21.72  55.098583  65.907346 10.806  260.97  260.67  261.41
 219    75.201 56827.02973892 24.50  55.104943  65.906975 19.622  260.97  260.67  261.41
 219    75.148 56827.02973951 13.70  55.111304  65.906604 11.815  260.97  260.67  261.41
 220    71.666 56836.94537225 26.98  55.092687  65.906205   -100 -100.00 -100.00 -100.00
 220    71.716 56836.94537284 26.40  55.099048  65.905834   -100 -100.00 -100.00 -100.00
 220    72.040 56836.94537343 19.13  55.105408  65.905464 21.384 -100.00 -100.00 -100.00
 220    72.058 56836.94537402 25.93  55.111768  65.905093 31.871 -100.00 -100.00 -100.00
 221    83.509 56846.86100356 19.75  55.091895  65.906495 10.490  266.32  265.06  265.03
 221    69.578 56846.86100415 25.71  55.098256  65.906125 30.160  266.32  265.06  265.03
 221    71.475 56846.86100474 14.92  55.104616  65.905755   -100  266.32  265.06  265.03
 221    71.051 56846.86100533  1.56  55.110976  65.905384 11.636  266.32  265.06  265.03
 222    75.738 56856.77665395  1.20  55.092994  65.907660  6.766  267.54  266.67  266.41
 222    73.968 56856.77665572 11.16  55.112076  65.906548 10.615  267.54  266.67  266.41
 223    28.047 56866.69230765 47.11  55.096871  65.908932   -100  271.35  270.38  270.29
 223    22.594 56866.69230824 45.31  55.103232  65.908562   -100  271.35  270.38  270.29
 223    22.623 56866.69230883 37.46  55.109593  65.908191 21.545  271.35  270.38  270.29
 223    23.021 56866.69230942 38.15  55.115954  65.907820 22.439  271.35  270.38  270.29
 224    28.556 56876.60795966 39.20  55.096716  65.909014 27.211 -100.00 -100.00 -100.00
 224    22.785 56876.60796025 34.42  55.103077  65.908643   -100 -100.00 -100.00 -100.00
 224    23.143 56876.60796084 31.37  55.109439  65.908272 21.839 -100.00 -100.00 -100.00
 224    23.892 56876.60796143 35.36  55.115800  65.907901 32.242 -100.00 -100.00 -100.00
 225    28.269 56886.52360886 33.29  55.099499  65.907883 30.055  275.75  274.56  274.03
 225    28.991 56886.52360945 28.89  55.105861  65.907513 24.063  275.75  274.56  274.03
 225    22.829 56886.52361004 31.64  55.112222  65.907141 29.761  275.75  274.56  274.03
 226    80.508 56896.43925457  9.55  55.094265  65.906956  7.789 -100.00 -100.00 -100.00
 226    80.043 56896.43925516  6.19  55.100626  65.906586  7.555 -100.00 -100.00 -100.00
 226    76.209 56896.43925575  1.78  55.106987  65.906215  5.067 -100.00 -100.00 -100.00
 226    71.392 56896.43925634 13.35  55.113348  65.905843 13.532 -100.00 -100.00 -100.00
 227    79.334 56906.35489822  4.09  55.098659  65.906980  5.059 -100.00 -100.00 -100.00
 227    63.225 56906.35489881  4.36  55.105020  65.906609  6.091 -100.00 -100.00 -100.00
 227    61.585 56906.35489940  6.29  55.111381  65.906238  8.924 -100.00 -100.00 -100.00
 228    78.461 56916.27053926  4.80  55.098830  65.908790  6.238  263.61  261.88  262.84
 228    63.138 56916.27053985  4.62  55.105192  65.908419  7.088  263.61  261.88  262.84
 228    62.906 56916.27054044  6.44  55.111553  65.908047  9.383  263.61  261.88  262.84
 228    74.739 56916.27054103 15.71  55.117915  65.907676 16.623  263.61  261.88  262.84
 229    76.381 56926.18617842  4.54  55.099046  65.910922  5.470 -100.00 -100.00 -100.00
 229    64.410 56926.18617901  4.18  55.105409  65.910551  5.362 -100.00 -100.00 -100.00
 229    70.924 56926.18617960  9.66  55.111771  65.910180  9.011 -100.00 -100.00 -100.00
 229    75.362 56926.18618019 13.49  55.118132  65.909808  7.346 -100.00 -100.00 -100.00
 230    71.505 56936.10181449 18.93  55.101617  65.911669 15.952 -100.00 -100.00 -100.00
 230    71.204 56936.10181508 14.12  55.107979  65.911298 20.250 -100.00 -100.00 -100.00
 230    69.199 56936.10181567  3.65  55.114341  65.910927  6.189 -100.00 -100.00 -100.00
 230    70.741 56936.10181626  3.45  55.120703  65.910556  5.755 -100.00 -100.00 -100.00
 231    23.161 56946.01744511 44.28  55.102106  65.910835   -100 -100.00 -100.00 -100.00
 231    23.304 56946.01744570 46.29  55.108468  65.910465   -100 -100.00 -100.00 -100.00
 231    23.286 56946.01744629 44.95  55.114829  65.910094   -100 -100.00 -100.00 -100.00
 232    27.590 56955.93309725 34.85  55.097797  65.909070 27.435  253.41  249.97  246.81
 232    22.993 56955.93309784 36.15  55.104159  65.908699 21.927  253.41  249.97  246.81
 232    28.611 56955.93309843 33.32  55.110520  65.908328 21.461  253.41  249.97  246.81
 232    28.489 56955.93309902 31.02  55.116881  65.907957 16.911  253.41  249.97  246.81
 233    22.990 56965.84874604 37.09  55.093906  65.908259   -100 -100.00 -100.00 -100.00
 233    23.067 56965.84874663 37.28  55.100267  65.907888   -100 -100.00 -100.00 -100.00
 233    23.115 56965.84874722 37.67  55.106628  65.907517   -100 -100.00 -100.00 -100.00
 233    23.136 56965.84874782 34.34  55.112989  65.907146 22.673 -100.00 -100.00 -100.00
 234    23.303 56975.76439097 34.72  55.096035  65.908873 30.974 -100.00 -100.00 -100.00
 234    23.610 56975.76439156 37.50  55.102396  65.908502 31.847 -100.00 -100.00 -100.00
 234    23.456 56975.76439215 34.82  55.108758  65.908132 31.304 -100.00 -100.00 -100.00
 234    23.450 56975.76439274 35.30  55.115119  65.907760 30.387 -100.00 -100.00 -100.00
 235    74.970 56985.68003131  1.73  55.097532  65.910020  3.020 -100.00 -100.00 -100.00
 235    77.680 56985.68003191  1.63  55.103894  65.909649  3.049 -100.00 -100.00 -100.00
 235    78.493 56985.68003250  1.70  55.110256  65.909278  2.921 -100.00 -100.00 -100.00
 235    76.664 56985.68003309  1.73  55.116618  65.908907  3.116 -100.00 -100.00 -100.00
 236    96.063 56995.59566609  1.10  55.097735  65.909924  2.932 -100.00 -100.00 -100.00
 236    94.843 56995.59566668  0.97  55.104097  65.909554  2.887 -100.00 -100.00 -100.00
 236    93.629 56995.59566727  0.88  55.110459  65.909183  3.179 -100.00 -100.00 -100.00
 236    91.354 56995.59566786  1.04  55.116821  65.908812  3.375 -100.00 -100.00 -100.00
 237    79.381 57005.51130841  1.56  55.097699  65.907981  2.859 -100.00 -100.00 -100.00
 237    73.523 57005.51130900  1.90  55.104061  65.907611  2.762 -100.00 -100.00 -100.00
 237    76.753 57005.51130959  1.78  55.110423  65.907240  2.915 -100.00 -100.00 -100.00
 237    76.999 57005.51131018  1.96  55.116784  65.906869  2.816 -100.00 -100.00 -100.00
 238    74.894 57015.42696292 11.93  55.091901  65.905975  9.107  248.54  243.86  237.69
 238    74.595 57015.42696351 11.88  55.098263  65.905605  9.273  248.54  243.86  237.69
 238    67.213 57015.42696410  4.43  55.104624  65.905234  4.743  248.54  243.86  237.69
 238    66.585 57015.42696469  4.61  55.110986  65.904863  4.291  248.54  243.86  237.69
 239    69.173 57025.34261378  3.88  55.093348  65.905515  4.791 -100.00 -100.00 -100.00
 239    68.330 57025.34261437  3.85  55.099709  65.905144  5.005 -100.00 -100.00 -100.00
 239    66.893 57025.34261496  3.24  55.106071  65.904773  3.938 -100.00 -100.00 -100.00
 239    66.794 57025.34261555  3.62  55.112432  65.904402  3.702 -100.00 -100.00 -100.00
 240    69.704 57035.25826256  2.34  55.096313  65.907310  4.171  246.30  241.02  229.65
 240    68.853 57035.25826315  1.90  55.102675  65.906939  3.485  246.30  241.02  229.65
 240    67.389 57035.25826374  1.50  55.109037  65.906568  3.069  246.30  241.02  229.65
 240    67.119 57035.25826433  2.03  55.115398  65.906197  3.462  246.30  241.02  229.65
 241    28.189 57045.17390847 23.86  55.095790  65.909384 15.515 -100.00 -100.00 -100.00
 241    29.225 57045.17390906 18.62  55.102152  65.909014  5.094 -100.00 -100.00 -100.00
 241    28.115 57045.17390965 18.81  55.108514  65.908643  5.592 -100.00 -100.00 -100.00
 241    27.739 57045.17391024 18.69  55.114875  65.908271  6.108 -100.00 -100.00 -100.00
 242    69.710 57055.08955192  3.51  55.101327  65.909535  3.329 -100.00 -100.00 -100.00
 242    68.324 57055.08955251  3.41  55.107689  65.909164  2.895 -100.00 -100.00 -100.00
 242    67.729 57055.08955310  3.44  55.114050  65.908793  2.987 -100.00 -100.00 -100.00
 243    70.774 57065.00518935  2.45  55.094806  65.908565  3.956 -100.00 -100.00 -100.00
 243    69.541 57065.00518994  2.34  55.101167  65.908194  3.602 -100.00 -100.00 -100.00
 243    67.596 57065.00519053  2.19  55.107529  65.907824  3.085 -100.00 -100.00 -100.00
 243    67.982 57065.00519112  2.25  55.113890  65.907452  3.310 -100.00 -100.00 -100.00
 244    69.947 57074.92082262  3.41  55.094314  65.907630  3.612 -100.00 -100.00 -100.00
 244    69.455 57074.92082321  3.13  55.100675  65.907260  3.398 -100.00 -100.00 -100.00
 244    67.907 57074.92082381  3.51  55.107036  65.906889  3.660 -100.00 -100.00 -100.00
 244    67.864 57074.92082440  3.46  55.113396  65.906519  3.613 -100.00 -100.00 -100.00
 245    70.908 57084.83645271  6.04  55.095303  65.908231  3.514 -100.00 -100.00 -100.00
 245    68.180 57084.83645330  6.31  55.101664  65.907861  3.619 -100.00 -100.00 -100.00
 245    68.187 57084.83645389  6.44  55.108025  65.907490  2.898 -100.00 -100.00 -100.00
 245    67.806 57084.83645448  6.50  55.114386  65.907119  3.453 -100.00 -100.00 -100.00
 246    69.440 57094.75210723  8.61  55.103065  65.909750  3.172 -100.00 -100.00 -100.00
 246    68.083 57094.75210782  8.51  55.109427  65.909379  3.288 -100.00 -100.00 -100.00
 246    67.432 57094.75210841  8.49  55.115788  65.909008  3.233 -100.00 -100.00 -100.00
 247    70.443 57104.66776345  8.14  55.100204  65.911644  3.946 -100.00 -100.00 -100.00
 247    68.965 57104.66776404  7.64  55.106566  65.911273  3.501 -100.00 -100.00 -100.00
 247    67.950 57104.66776463  7.79  55.112928  65.910902  2.925 -100.00 -100.00 -100.00
 247    66.996 57104.66776522  8.12  55.119290  65.910531  3.248 -100.00 -100.00 -100.00
 248    69.770 57114.58341598  7.41  55.103300  65.911747  3.760  249.80  246.08  242.01
 248    68.175 57114.58341657  7.02  55.109662  65.911376  2.931  249.80  246.08  242.01
 248    67.765 57114.58341716  7.30  55.116024  65.911005  2.916  249.80  246.08  242.01
 249    29.569 57124.49906174 16.38  55.099554  65.910424 13.084 -100.00 -100.00 -100.00
 249    21.560 57124.49906233 19.76  55.105916  65.910053 24.335 -100.00 -100.00 -100.00
 249    21.989 57124.49906292 20.80  55.112278  65.909682 25.122 -100.00 -100.00 -100.00
 249    22.114 57124.49906351 22.16  55.118640  65.909310 28.610 -100.00 -100.00 -100.00
 250    69.787 57134.41470259  1.33  55.099791  65.908581  3.021  255.11  252.20  248.17
 250    67.326 57134.41470318  1.90  55.106153  65.908210  3.876  255.11  252.20  248.17
 250    67.585 57134.41470377  1.55  55.112514  65.907839  2.858  255.11  252.20  248.17
 251    28.244 57144.33033861 20.94  55.096040  65.908079 10.800 -100.00 -100.00 -100.00
 251    27.659 57144.33033920 21.93  55.102401  65.907708 13.270 -100.00 -100.00 -100.00
 251    27.391 57144.33033979 23.80  55.108763  65.907337 17.742 -100.00 -100.00 -100.00
 251    22.040 57144.33034038 26.89  55.115124  65.906966 29.644 -100.00 -100.00 -100.00
 252    74.497 57154.24597237 19.41  55.096241  65.908939 17.405 -100.00 -100.00 -100.00
 252    75.711 57154.24597296 10.29  55.102603  65.908569  5.133 -100.00 -100.00 -100.00
 252    61.655 57154.24597355 13.95  55.108964  65.908198 11.760 -100.00 -100.00 -100.00
 252    78.888 57154.24597414 19.95  55.115326  65.907827 15.584 -100.00 -100.00 -100.00
 253    79.513 57164.16160950 27.28  55.098290  65.909879 16.969 -100.00 -100.00 -100.00
 253    79.195 57164.16161009 26.84  55.104652  65.909509 31.547 -100.00 -100.00 -100.00
 253    79.074 57164.16161068 20.33  55.111013  65.909138 30.296 -100.00 -100.00 -100.00
 253    79.324 57164.16161127 21.34  55.117375  65.908767 29.141 -100.00 -100.00 -100.00
 254    80.222 57174.07726665 29.35  55.101541  65.909488 20.187  260.84  262.99  261.70
 254    79.844 57174.07726724 24.10  55.107903  65.909117   -100  260.84  262.99  261.70
 254    79.830 57174.07726783 22.22  55.114264  65.908746  0.346  260.84  262.99  261.70
 255    92.147 57183.99291970  2.68  55.096519  65.908077  6.400 -100.00 -100.00 -100.00
 255    74.878 57183.99292029  2.38  55.102880  65.907706  4.420 -100.00 -100.00 -100.00
 255    81.021 57183.99292088 10.34  55.109241  65.907336  5.700 -100.00 -100.00 -100.00
 255    81.304 57183.99292148 12.87  55.115602  65.906964  6.201 -100.00 -100.00 -100.00
 256    70.495 57193.90856920 28.20  55.095572  65.906132 12.426  268.41  268.56  267.37
 256    69.966 57193.90856979 22.36  55.101932  65.905761   -100  268.41  268.56  267.37
 256    71.937 57193.90857038 20.80  55.108292  65.905390  1.612  268.41  268.56  267.37
 256    72.284 57193.90857097 30.39  55.114652  65.905019   -100  268.41  268.56  267.37
 257    72.175 57203.82421642  5.83  55.095412  65.905611 16.340 -100.00 -100.00 -100.00
 257    92.974 57203.82421701  0.88  55.101772  65.905240  4.834 -100.00 -100.00 -100.00
 257    78.118 57203.82421760  4.26  55.108132  65.904869  3.406 -100.00 -100.00 -100.00
 257    80.321 57203.82421819  6.02  55.114492  65.904498  3.205 -100.00 -100.00 -100.00
 258    23.326 57213.73985012 49.69  55.093445  65.907212 16.642 -100.00 -100.00 -100.00
 258    23.226 57213.73985071 51.82  55.099806  65.906842   -100 -100.00 -100.00 -100.00
 258    23.224 57213.73985130 53.09  55.106166  65.906471 24.866 -100.00 -100.00 -100.00
 258    23.312 57213.73985190 45.67  55.112526  65.906100  4.475 -100.00 -100.00 -100.00
 259    29.012 57223.65549458 32.15  55.101182  65.908865 28.082 -100.00 -100.00 -100.00
 259    23.580 57223.65549517 33.76  55.107543  65.908494   -100 -100.00 -100.00 -100.00
 259    23.653 57223.65549576 39.77  55.113904  65.908122   -100 -100.00 -100.00 -100.00
 260    29.044 57233.57113657 35.34  55.100685  65.909799   -100  275.74  274.69  274.49
 260    29.242 57233.57113716 25.28  55.107046  65.909429 16.356  275.74  274.69  274.49
 260    24.097 57233.57113775 31.39  55.113408  65.909058   -100  275.74  274.69  274.49
 261    71.623 57243.48677568 24.90  55.100967  65.909094 12.540  276.13  274.99  274.28
 261    70.672 57243.48677627 30.65  55.107329  65.908723 32.013  276.13  274.99  274.28
 261    72.366 57243.48677686 23.23  55.113691  65.908352  1.832  276.13  274.99  274.28
 262    72.426 57253.40241182 12.29  55.096290  65.908219 17.778  276.00  274.84  274.65
 262    68.255 57253.40241241  4.79  55.102652  65.907848  8.113  276.00  274.84  274.65
 262    68.055 57253.40241300 12.33  55.109014  65.907478 20.148  276.00  274.84  274.65
 262    72.907 57253.40241359 16.80  55.115375  65.907107  9.765  276.00  274.84  274.65
 263    78.338 57263.31804673 13.17  55.094906  65.908588 12.714 -100.00 -100.00 -100.00
 263    65.889 57263.31804732  3.74  55.101268  65.908217  7.262 -100.00 -100.00 -100.00
 263    64.586 57263.31804791  4.25  55.107630  65.907847  7.040 -100.00 -100.00 -100.00
 263    70.583 57263.31804850 16.36  55.113991  65.907476 32.445 -100.00 -100.00 -100.00
 264    23.296 57273.23368472 42.94  55.101560  65.910063  5.415 -100.00 -100.00 -100.00
 264    23.302 57273.23368531 37.55  55.107922  65.909692   -100 -100.00 -100.00 -100.00
 264    23.333 57273.23368590 44.58  55.114284  65.909322 13.282 -100.00 -100.00 -100.00
 265    77.743 57283.14934192  1.35  55.099904  65.911790  4.772 -100.00 -100.00 -100.00
 265    66.089 57283.14934251  1.57  55.106266  65.911419  4.521 -100.00 -100.00 -100.00
 265    73.784 57283.14934310  2.72  55.112629  65.911049  5.213 -100.00 -100.00 -100.00
 265    75.811 57283.14934369 12.08  55.118991  65.910677 10.216 -100.00 -100.00 -100.00
 266    75.273 57293.06499709 18.77  55.104641  65.911614 13.866 -100.00 -100.00 -100.00
 266    73.171 57293.06499769  5.31  55.111004  65.911243  4.268 -100.00 -100.00 -100.00
 266    64.957 57293.06499828  6.59  55.117366  65.910872  6.171 -100.00 -100.00 -100.00
 267    77.402 57302.98064796 17.93  55.099561  65.910299 10.965  259.19  257.58  258.05
 267    73.355 57302.98064855 13.72  55.105922  65.909928 17.793  259.19  257.58  258.05
 267    67.048 57302.98064915  4.91  55.112284  65.909557  6.008  259.19  257.58  258.05
 267    67.446 57302.98064974  4.13  55.118646  65.909186  4.385  259.19  257.58  258.05
 268    90.808 57312.89629537 18.28  55.098423  65.908289  9.202 -100.00 -100.00 -100.00
 268    86.935 57312.89629596 23.45  55.104784  65.907918 26.832 -100.00 -100.00 -100.00
 268    66.294 57312.89629655  2.89  55.111145  65.907547   -100 -100.00 -100.00 -100.00
 269    23.019 57322.81193965 39.40  55.099125  65.907266 23.188 -100.00 -100.00 -100.00
 269    22.421 57322.81194025 47.49  55.105486  65.906895   -100 -100.00 -100.00 -100.00
 269    22.432 57322.81194084 36.76  55.111847  65.906524   -100 -100.00 -100.00 -100.00
 270    69.648 57332.72758184 20.97  55.099966  65.907738 11.974  253.85  250.45  244.42
 270    68.268 57332.72758243 13.11  55.106328  65.907367 23.635  253.85  250.45  244.42
 270    48.675 57332.72758302  6.02  55.112689  65.906996   -100  253.85  250.45  244.42
 271   107.346 57342.64322180 10.04  55.098599  65.908971  9.803  252.31  248.73  241.95
 271   107.465 57342.64322239 11.74  55.104961  65.908600 13.277  252.31  248.73  241.95
 271    83.531 57342.64322298  3.35  55.111322  65.908229  8.350  252.31  248.73  241.95
 272    96.559 57352.55887431  0.53  55.101059  65.908584  3.487 -100.00 -100.00 -100.00
 272    90.529 57352.55887490  1.39  55.107421  65.908213  5.045 -100.00 -100.00 -100.00
 273    71.473 57362.47451798  0.88  55.094648  65.907763  3.397 -100.00 -100.00 -100.00
 273    68.571 57362.47451857  1.12  55.101010  65.907392  3.167 -100.00 -100.00 -100.00
 273    67.899 57362.47451916  1.03  55.107372  65.907021  2.903 -100.00 -100.00 -100.00
 273    67.995 57362.47451975  1.19  55.113733  65.906650  3.493 -100.00 -100.00 -100.00
 274    69.363 57372.39015922  1.16  55.097023  65.906088  3.133 -100.00 -100.00 -100.00
 274    68.301 57372.39015981  1.22  55.103385  65.905717  3.123 -100.00 -100.00 -100.00
 274    67.413 57372.39016040  1.26  55.109747  65.905346  3.124 -100.00 -100.00 -100.00
 275    68.845 57382.30579812  2.41  55.094729  65.906174  4.329 -100.00 -100.00 -100.00
 275    67.572 57382.30579871  2.28  55.101091  65.905803  3.857 -100.00 -100.00 -100.00
 275    67.278 57382.30579930  2.27  55.107453  65.905432  3.889 -100.00 -100.00 -100.00
 275    68.222 57382.30579989  2.13  55.113814  65.905061  3.411 -100.00 -100.00 -100.00
 276    22.453 57392.22143670 26.54  55.094776  65.907576 22.409 -100.00 -100.00 -100.00
 276    22.090 57392.22143729 26.82  55.101138  65.907205 32.261 -100.00 -100.00 -100.00
 276    27.051 57392.22143788 18.73  55.107499  65.906834  9.969 -100.00 -100.00 -100.00
 276    26.539 57392.22143847 19.66  55.113861  65.906463 11.734 -100.00 -100.00 -100.00
 277    69.065 57402.13707470  0.95  55.098877  65.909176  3.560 -100.00 -100.00 -100.00
 277    67.780 57402.13707529  1.35  55.105239  65.908805  3.401 -100.00 -100.00 -100.00
 277    68.100 57402.13707588  0.69  55.111601  65.908435  2.878 -100.00 -100.00 -100.00
 277    67.650 57402.13707647  1.36  55.117963  65.908063  3.829 -100.00 -100.00 -100.00
 278    69.442 57412.05271769  4.74  55.101287  65.909772  3.603 -100.00 -100.00 -100.00
 278    67.535 57412.05271829  4.42  55.107649  65.909402  3.529 -100.00 -100.00 -100.00
 278    66.559 57412.05271888  4.72  55.114011  65.909031  3.422 -100.00 -100.00 -100.00
 279    69.267 57421.96836937  3.91  55.099097  65.909278  3.985 -100.00 -100.00 -100.00
 279    68.394 57421.96836996  3.79  55.105459  65.908908  3.312 -100.00 -100.00 -100.00
 279    67.338 57421.96837055  3.79  55.111820  65.908537  3.326 -100.00 -100.00 -100.00
 279    66.878 57421.96837114  3.94  55.118181  65.908166  4.086 -100.00 -100.00 -100.00
 280    69.784 57431.88401859  4.50  55.099624  65.908654  3.700 -100.00 -100.00 -100.00
 280    68.282 57431.88401918  4.93  55.105986  65.908283  3.183 -100.00 -100.00 -100.00
 280    66.745 57431.88401977  4.79  55.112347  65.907912  3.146 -100.00 -100.00 -100.00
 281    70.309 57441.79966572  4.98  55.098321  65.909065  3.916 -100.00 -100.00 -100.00
 281    68.421 57441.79966631  4.67  55.104683  65.908694  3.503 -100.00 -100.00 -100.00
 281    67.309 57441.79966690  5.08  55.111044  65.908323  3.525 -100.00 -100.00 -100.00
 281    67.367 57441.79966749  4.99  55.117405  65.907951  3.838 -100.00 -100.00 -100.00
 282    69.447 57451.71531246  4.29  55.101544  65.910066  3.714 -100.00 -100.00 -100.00
 282    68.096 57451.71531305  5.03  55.107906  65.909695  3.927 -100.00 -100.00 -100.00
 282    66.828 57451.71531364  4.55  55.114268  65.909324  3.829 -100.00 -100.00 -100.00
 283    69.930 57461.63095722  7.25  55.100555  65.911046  3.928  242.16  234.38  219.97
 283    68.531 57461.63095781  7.05  55.106918  65.910675  3.692  242.16  234.38  219.97
 283    67.772 57461.63095840  6.89  55.113279  65.910304  2.931  242.16  234.38  219.97
 283    67.017 57461.63095899  7.41  55.119641  65.909932  3.469  242.16  234.38  219.97
 284    69.677 57471.54659878  6.97  55.101942  65.910849  4.400 -100.00 -100.00 -100.00
 284    68.034 57471.54659937  7.09  55.108305  65.910478  3.421 -100.00 -100.00 -100.00
 284    67.498 57471.54659996  6.91  55.114667  65.910107  2.845 -100.00 -100.00 -100.00
 285    21.521 57481.46223638 19.09  55.102878  65.909737 28.229  268.57  266.88  266.11
 285    21.858 57481.46223697 19.95  55.109240  65.909366 28.669  268.57  266.88  266.11
 285    22.121 57481.46223756 21.40  55.115602  65.908995 26.986  268.57  266.88  266.11
 286    27.968 57491.37787024 22.91  55.096144  65.908882 12.549  267.30  266.13  265.74
 286    28.949 57491.37787083 23.38  55.102506  65.908512 13.396  267.30  266.13  265.74
 286    27.577 57491.37787142 23.85  55.108868  65.908141 13.609  267.30  266.13  265.74
 286    26.914 57491.37787201 24.01  55.115230  65.907770 15.731  267.30  266.13  265.74
 287    28.101 57501.29350283 23.57  55.097838  65.908488 10.514 -100.00 -100.00 -100.00
 287    28.736 57501.29350342 26.05  55.104200  65.908118 13.924 -100.00 -100.00 -100.00
 287    26.819 57501.29350401 26.02  55.110562  65.907747 14.932 -100.00 -100.00 -100.00
 287    23.735 57501.29350460 29.02  55.116923  65.907376 20.469 -100.00 -100.00 -100.00
 288    78.042 57511.20915071 21.18  55.096006  65.908724  9.490 -100.00 -100.00 -100.00
 288    77.710 57511.20915130 25.50  55.102368  65.908354 13.864 -100.00 -100.00 -100.00
 288    76.553 57511.20915189 31.79  55.108730  65.907983   -100 -100.00 -100.00 -100.00
 288    76.740 57511.20915248 21.46  55.115091  65.907612 28.380 -100.00 -100.00 -100.00
 289    68.950 57521.12480655  6.86  55.099586  65.908577  3.239 -100.00 -100.00 -100.00
 289    67.131 57521.12480714  7.49  55.105947  65.908206  3.980 -100.00 -100.00 -100.00
 289    65.444 57521.12480773  7.53  55.112308  65.907836  4.727 -100.00 -100.00 -100.00
 291    76.284 57540.95610896  4.90  55.096387  65.907499 10.000 -100.00 -100.00 -100.00
 291    74.896 57540.95610955  3.47  55.102748  65.907129  7.245 -100.00 -100.00 -100.00
 291    61.872 57540.95611014  3.00  55.109108  65.906758  5.411 -100.00 -100.00 -100.00
 291    83.409 57540.95611073  2.38  55.115469  65.906387  3.467 -100.00 -100.00 -100.00
 292    67.773 57550.87175589 12.75  55.097266  65.906626 28.444  266.85  265.91  265.88
 292    70.643 57550.87175648 25.39  55.103626  65.906255 14.405  266.85  265.91  265.88
 292    69.522 57550.87175707 19.80  55.109987  65.905884 27.918  266.85  265.91  265.88
 292    71.489 57550.87175766 10.64  55.116347  65.905513 19.302  266.85  265.91  265.88
 293    26.470 57560.78740133 52.70  55.097823  65.906628  8.129 -100.00 -100.00 -100.00
 293    26.543 57560.78740192 52.39  55.104183  65.906258   -100 -100.00 -100.00 -100.00
 293    26.214 57560.78740251 50.93  55.110543  65.905887 24.766 -100.00 -100.00 -100.00
 294    24.150 57570.70304633 51.91  55.099085  65.907533 19.797 -100.00 -100.00 -100.00
 294    24.159 57570.70304692 50.85  55.105445  65.907162 11.092 -100.00 -100.00 -100.00
 294    24.057 57570.70304751 53.96  55.111806  65.906791   -100 -100.00 -100.00 -100.00
 295    28.140 57580.61869105 32.78  55.099383  65.908586   -100 -100.00 -100.00 -100.00
 295    29.008 57580.61869164 26.33  55.105744  65.908215 17.318 -100.00 -100.00 -100.00
 295    23.697 57580.61869223 29.95  55.112105  65.907844 27.833 -100.00 -100.00 -100.00
 296    27.943 57590.53433417 34.91  55.100711  65.909075   -100  285.56  284.73  282.99
 296    28.943 57590.53433476 26.83  55.107073  65.908704 16.928  285.56  284.73  282.99
 296    23.578 57590.53433535 32.68  55.113435  65.908333 25.498  285.56  284.73  282.99
 297    29.052 57600.44997445 30.71  55.100834  65.909037   -100  279.92  278.75  277.52
 297    28.988 57600.44997504 27.54  55.107196  65.908666 20.688  279.92  278.75  277.52
 297    23.398 57600.44997563 31.78  55.113558  65.908295 25.411  279.92  278.75  277.52
