 -96084.444   123.531     0.00    6.59
 -95798.024   120.812    -9.49    7.39
 -95511.607   118.967    -6.44    7.84
 -95225.194   117.219    -6.10    8.17
 -94938.784   113.957   -11.39    7.09
 -94652.377   111.290    -9.31    5.32
 -94365.974   108.614    -9.34    4.81
 -94079.574   106.396    -7.75    5.88
 -93793.177   103.706    -9.39    7.19
 -93506.783   100.421   -11.47    7.81
 -93220.393    96.996   -11.96    7.79
 -92934.006    92.663   -15.13    8.73
 -92647.622    88.728   -13.74    9.08
 -92361.242    85.425   -11.53    8.34
 -92074.865    83.776    -5.76    7.13
 -91788.491    82.037    -6.07    5.94
 -91502.120    80.018    -7.05    5.86
 -91215.753    78.745    -4.44    6.20
 -90929.389    77.918    -2.89    6.31
 -90643.028    76.884    -3.61    6.63
 -90356.671    75.983    -3.15    7.12
 -90070.317    75.065    -3.20    8.23
 -89783.966    74.042    -3.57   10.04
 -89497.618    73.319    -2.53   11.59
 -89211.274    72.068    -4.37   12.32
 -88924.933    71.042    -3.58   12.11
 -88638.595    70.195    -2.96   11.74
 -88352.260    69.997    -0.69   11.07
 -88065.929    70.070     0.26   10.59
 -87779.601    70.078     0.02   10.70
 -87493.277    68.980    -3.83   11.18
 -87206.955    67.445    -5.36   11.10
 -86920.637    64.980    -8.61   11.08
 -86634.322    62.100   -10.06   11.32
 -86348.011    59.025   -10.74   11.00
 -86061.703    55.988   -10.61    9.38
 -85775.398    53.528    -8.59    7.25
 -85489.096    52.347    -4.12    5.57
 -85202.797    51.952    -1.38    4.90
 -84916.502    53.395     5.04    6.67
 -84630.211    55.699     8.05    8.68
 -84343.922    56.900     4.20    9.05
 -84057.637    57.804     3.16    8.93
 -83771.355    57.607    -0.69    8.76
 -83485.076    56.571    -3.62    8.20
 -83198.801    55.297    -4.45    7.40
 -82912.528    53.347    -6.81    5.58
 -82626.259    52.791    -1.95    5.22
 -82339.994    52.821     0.11    5.91
 -82053.732    52.964     0.50    6.24
 -81767.472    52.889    -0.26    6.26
 -81481.217    52.562    -1.14    6.00
 -81194.964    52.017    -1.90    5.51
 -80908.715    51.959    -0.20    5.33
 -80622.469    52.696     2.57    5.58
 -80336.226    53.442     2.61    6.45
 -80049.987    53.530     0.31    6.51
 -79763.751    52.814    -2.50    5.85
 -79477.518    51.801    -3.54    4.78
 -79191.288    50.837    -3.37    3.65
 -78905.062    50.347    -1.71    3.10
 -78618.839    50.103    -0.85    3.19
 -78332.619    50.594     1.71    3.81
 -78046.403    51.148     1.93    4.13
 -77760.190    51.612     1.62    4.88
 -77473.980    52.558     3.30    5.90
 -77187.773    53.938     4.82    6.90
 -76901.570    55.369     5.00    7.59
 -76615.370    56.999     5.70    8.07
 -76329.173    58.533     5.36    7.80
 -76042.980    59.874     4.68    7.01
 -75756.789    61.379     5.26    6.02
 -75470.602    63.018     5.73    4.88
 -75184.419    64.332     4.59    3.90
 -74898.238    65.083     2.62    3.49
 -74612.061    65.751     2.33    3.21
 -74325.887    66.390     2.23    3.11
 -74039.717    67.262     3.05    2.58
 -73753.549    68.096     2.91    2.36
 -73467.385    68.421     1.13    2.35
 -73181.225    68.532     0.39    2.39
 -72895.067    68.430    -0.36    2.41
 -72608.913    68.815     1.34    2.90
 -72322.762    69.390     2.01    3.24
 -72036.614    69.854     1.62    3.50
 -71750.470    70.480     2.19    3.53
 -71464.329    71.075     2.08    3.41
 -71178.191    71.449     1.31    3.03
 -70892.056    71.415    -0.12    2.76
 -70605.925    70.502    -3.19    3.29
 -70319.797    69.058    -5.05    4.42
 -70033.672    67.226    -6.40    5.10
 -69747.551    65.269    -6.84    4.84
 -69461.432    63.011    -7.89    4.31
 -69175.317    61.109    -6.65    3.79
 -68889.206    59.547    -5.46    3.53
 -68603.097    58.067    -5.18    3.24
 -68316.992    56.269    -6.28    3.97
 -68030.890    54.354    -6.69    4.66
 -67744.792    52.290    -7.21    4.85
 -67458.696    50.262    -7.09    4.61
 -67172.604    48.235    -7.09    4.08
 -66886.515    46.663    -5.49    3.27
 -66600.430    45.528    -3.97    2.81
 -66314.348    44.645    -3.09    3.00
 -66028.269    43.588    -3.69    3.11
 -65742.097    42.530    -3.70    3.04
 -65455.237    42.030    -1.74    2.61
 -65168.381    41.915    -0.40    2.60
 -64881.529    42.325     1.43    2.96
 -64594.680    43.037     2.48    3.19
 -64307.836    43.466     1.50    3.47
 -64020.996    43.283    -0.64    3.93
 -63734.160    42.933    -1.22    4.11
 -63447.328    42.082    -2.97    3.88
 -63160.500    41.269    -2.83    3.54
 -62873.676    40.164    -3.85    3.22
 -62586.857    39.520    -2.25    3.10
 -62300.041    39.156    -1.27    2.64
 -62013.229    38.978    -0.62    2.59
 -61726.421    38.418    -1.95    2.43
 -61439.617    37.828    -2.06    2.42
 -61152.817    37.499    -1.15    2.43
 -60866.022    37.693     0.68    2.65
 -60579.230    38.290     2.08    3.23
 -60292.442    39.079     2.75    3.59
 -60005.659    39.943     3.01    3.34
 -59718.879    40.507     1.97    2.95
 -59432.103    40.902     1.38    2.58
 -59145.332    40.992     0.31    2.50
 -58858.564    39.723    -4.42    4.93
 -58571.801    37.042    -9.35    7.82
 -58285.041    35.114    -6.72    8.52
 -57998.286    34.172    -3.28    8.83
 -57711.534    33.339    -2.91    9.19
 -57424.787    33.472     0.46    8.88
 -57138.043    34.533     3.70    8.83
 -56851.304    35.938     4.90    7.60
 -56564.568    36.537     2.09    6.27
 -56277.837    34.959    -5.50    6.47
 -55991.109    32.724    -7.80    5.86
 -55704.386    30.777    -6.79    4.50
 -55417.667    29.325    -5.06    2.77
 -55130.952    28.702    -2.18    2.62
 -54844.240    28.155    -1.91    2.82
 -54557.533    27.851    -1.06    3.06
 -54270.830    27.624    -0.79    3.10
 -53984.130    26.601    -3.57    4.01
 -53697.435    24.884    -5.99    5.01
 -53410.744    23.049    -6.40    5.20
 -53124.057    21.676    -4.79    4.69
 -52837.374    20.574    -3.84    4.05
 -52550.695    19.696    -3.06    3.65
 -52264.020    20.256     1.95    4.12
 -51977.348    21.773     5.29    4.98
 -51690.681    23.840     7.21    5.56
 -51404.018    25.755     6.68    5.13
 -51117.359    26.952     4.18    4.39
 -50830.704    28.100     4.00    3.38
 -50544.053    28.587     1.70    3.43
 -50257.406    28.686     0.35    3.29
 -49970.763    29.339     2.28    3.96
 -49684.124    30.886     5.40    5.74
 -49397.489    33.290     8.39    7.70
 -49110.858    36.333    10.62    8.99
 -48824.231    39.603    11.41    9.29
 -48537.609    41.969     8.25    8.86
 -48250.990    42.818     2.96    9.73
 -47964.375    43.119     1.05   11.20
 -47677.764    42.312    -2.82   12.11
 -47391.157    41.085    -4.28   12.66
 -47104.554    39.756    -4.64   12.75
 -46817.955    39.049    -2.47   12.77
 -46531.361    37.877    -4.09   12.08
 -46244.770    36.727    -4.01   10.38
 -45958.183    36.390    -1.18    9.62
 -45671.600    37.128     2.58    9.50
 -45385.022    38.445     4.60    9.77
 -45098.447    40.612     7.56   10.24
 -44811.876    43.517    10.13    9.57
 -44525.309    45.647     7.43    9.57
 -44238.747    48.191     8.88   10.80
 -43952.188    50.851     9.28   10.79
 -43665.633    54.262    11.90    8.93
 -43379.083    55.061     2.79    7.83
 -43092.536    55.147     0.30    9.78
 -42805.993    56.283     3.97   11.66
 -42519.455    59.097     9.82   14.81
 -42232.920    62.633    12.34   17.47
 -41946.389    68.290    19.74   19.86
 -41659.863    73.270    17.38   20.17
 -41373.340    77.154    13.56   18.00
 -41086.822    77.811     2.30   17.60
 -40800.307    76.539    -4.44   14.89
 -40513.796    73.680    -9.98   14.66
 -40227.290    69.092   -16.02   15.31
 -39940.787    64.759   -15.12   14.31
 -39654.289    59.311   -19.02   14.94
 -39367.794    55.907   -11.88   16.41
 -39081.304    54.833    -3.75   18.29
 -38794.817    53.368    -5.11   20.22
 -38508.335    51.588    -6.21   22.23
 -38221.856    50.720    -3.03   21.38
 -37935.382    49.766    -3.33   18.68
 -37648.911    51.387     5.66   16.78
 -37362.445    53.297     6.67   16.19
 -37075.982    58.269    17.36   17.17
 -36789.524    64.705    22.47   14.90
 -36503.069    71.762    24.64   11.98
 -36216.619    76.658    17.09   13.27
 -35930.172    82.542    20.54   15.65
 -35643.730    88.103    19.41   16.44
 -35357.291    93.555    19.03   15.16
 -35070.857    98.262    16.43   11.98
 -34784.427   100.312     7.16    9.10
 -34498.000   102.556     7.84    7.60
 -34211.578   104.568     7.02    6.90
 -33925.159   104.766     0.69    7.39
 -33638.745   105.065     1.04    7.46
 -33352.334   106.016     3.32    7.74
 -33065.928   105.929    -0.30    7.62
 -32779.526   106.205     0.97    7.50
 -32493.127   106.677     1.65    6.86
 -32206.733   107.215     1.88    6.67
 -31920.342   107.626     1.44    6.44
 -31633.956   106.872    -2.63    6.16
 -31347.573   106.276    -2.08    6.32
 -31061.195   106.028    -0.87    6.71
 -30774.821   104.714    -4.59    7.05
 -30488.450   102.697    -7.04    8.22
 -30202.084   100.773    -6.72    9.38
 -29915.721    99.304    -5.13    9.99
 -29629.363    97.469    -6.41   10.07
 -29343.009    94.624    -9.94   10.20
 -29056.658    93.605    -3.56   10.52
 -28770.312    93.915     1.08   10.71
 -28483.970    95.913     6.98   11.14
 -28197.631    98.128     7.74    9.77
 -27911.297    98.699     1.99    8.25
 -27624.966    98.818     0.42    7.25
 -27338.640    99.241     1.48    7.35
 -27052.318    97.927    -4.59    8.92
 -26765.999    96.075    -6.47    9.52
 -26479.685    95.598    -1.67    9.73
 -26193.374    97.113     5.29   10.52
 -25907.068    98.933     6.36   11.11
 -25620.765   101.340     8.41   10.38
 -25334.467   103.943     9.09    9.39
 -25048.173   105.871     6.73    7.56
 -24761.882   106.346     1.66    6.43
 -24475.596   105.659    -2.40    5.94
 -24189.313   104.248    -4.93    5.75
 -23903.035   102.248    -6.99    6.55
 -23616.760    99.769    -8.66    7.58
 -23330.490    96.815   -10.32    8.00
 -23044.224    93.773   -10.63    8.09
 -22757.961    90.907   -10.01    7.91
 -22471.703    87.531   -11.79    7.25
 -22185.448    84.375   -11.03    6.68
 -21899.198    81.410   -10.36    7.59
 -21612.951    77.381   -14.07    8.40
 -21326.709    73.107   -14.93    9.11
 -21040.470    68.717   -15.34    9.04
 -20754.236    64.069   -16.24    8.49
 -20468.005    59.829   -14.81    7.97
 -20181.779    55.866   -13.85    7.97
 -19895.556    52.656   -11.21    8.31
 -19609.338    51.318    -4.68    8.77
 -19323.123    51.715     1.39   10.16
 -19036.913    53.382     5.83   12.15
 -18750.706    55.555     7.59   13.32
 -18464.504    56.959     4.91   13.01
 -18178.305    57.804     2.95   12.28
 -17892.111    56.540    -4.42   12.38
 -17605.920    52.506   -14.10   14.11
 -17319.733    46.889   -19.63   14.58
 -17033.551    41.362   -19.31   11.70
 -16747.372    36.635   -16.52    7.26
 -16461.198    33.766   -10.03    5.98
 -16175.027    32.431    -4.66    5.86
 -15888.860    31.023    -4.92    5.70
 -15602.698    30.493    -1.85    5.54
 -15316.539    31.453     3.36    6.32
 -15030.384    34.226     9.69    9.02
 -14744.234    38.010    13.22   10.82
 -14458.087    41.283    11.44   11.22
 -14171.944    42.584     4.55   10.66
 -13885.806    41.116    -5.13   11.79
 -13599.671    37.482   -12.70   14.52
 -13313.540    31.097   -22.31   17.44
 -13027.413    23.976   -24.89   16.99
 -12741.291    18.340   -19.70   13.52
 -12455.172    16.794    -5.40   12.12
 -12169.057    19.353     8.95   14.14
 -11882.946    24.780    18.97   16.14
 -11596.840    30.952    21.57   15.47
 -11310.737    37.255    22.03   11.61
 -11024.638    42.563    18.55    6.81
 -10738.543    45.208     9.24    3.96
 -10452.452    46.470     4.41    2.86
 -10166.365    46.997     1.84    2.96
  -9880.282    47.957     3.36    3.67
  -9594.204    48.950     3.47    3.57
  -9308.129    50.070     3.92    3.65
  -9022.058    50.957     3.10    4.12
  -8735.991    51.801     2.95    4.16
  -8449.928    52.263     1.61    4.19
  -8163.869    51.990    -0.95    4.68
  -7877.814    51.055    -3.27    5.25
  -7591.763    50.026    -3.60    5.80
  -7305.716    47.950    -7.26    5.71
  -7019.673    45.578    -8.29    6.39
  -6733.634    42.475   -10.85    7.75
  -6447.599    38.664   -13.33    9.68
  -6161.567    33.926   -16.56   13.02
  -5875.540    28.276   -19.75   15.29
  -5589.517    21.815   -22.59   15.74
  -5303.498    16.025   -20.24   14.77
  -5017.483    10.794   -18.29   12.46
  -4731.472     5.717   -17.75    7.91
  -4445.464     3.089    -9.19    4.80
  -4159.461     1.826    -4.42    2.36
  -3873.285     1.719    -0.37    2.00
  -3586.345     2.243     1.83    2.73
  -3299.410     2.386     0.50    2.88
  -3012.479     2.234    -0.53    2.84
  -2725.553     1.966    -0.93    2.73
  -2438.632     1.621    -1.20    2.51
  -2151.716     1.353    -0.94    1.97
  -1864.804     0.925    -1.49    1.02
  -1577.898     1.066     0.49    1.30
  -1290.995     1.399     1.16    2.33
  -1004.098     1.645     0.86    2.81
   -717.206     1.700     0.19    3.15
   -430.318     1.542    -0.55    3.51
   -143.435     1.311    -0.81    3.85
    143.444     1.326     0.05    3.87
    430.317     1.326     0.00    4.20
    717.186     1.070    -0.89    3.75
   1004.050     1.743     2.34    3.99
   1290.909     2.488     2.60    4.04
   1577.764     3.011     1.82    3.95
   1864.614     2.912    -0.35    3.75
   2151.459     2.074    -2.92    3.16
   2438.299     1.749    -1.14    3.09
   2725.135     1.100    -2.26    2.37
   3011.966     0.714    -1.35    2.19
   3298.792     0.463    -0.88    1.66
   3585.613     0.524     0.21    1.34
   3872.430     0.811     1.00    1.31
   4159.241     1.097     1.00    1.34
   4446.048     1.596     1.74    2.19
   4732.851     2.887     4.50    3.98
   5019.648     4.583     5.91    5.42
   5306.441     7.776    11.13    8.26
   5593.229    12.920    17.94   12.10
   5880.013    19.658    23.50   15.22
   6166.791    26.128    22.56   16.11
   6453.565    31.482    18.67   14.67
   6740.334    34.822    11.65   12.19
   7027.099    37.374     8.90   10.58
   7313.858    38.144     2.68   10.64
   7600.613    38.144     0.00   10.39
   7887.363    39.326     4.12    9.64
   8174.109    40.897     5.48   10.09
   8460.849    43.857    10.32    9.90
   8747.585    46.326     8.61    8.80
   9034.316    47.277     3.32    7.97
   9321.043    45.283    -6.95    9.22
   9607.764    42.619    -9.29   10.00
   9894.481    39.707   -10.15    9.05
  10181.193    37.818    -6.59    7.31
  10467.901    37.199    -2.16    6.78
  10754.604    39.164     6.86    8.20
  11041.302    42.177    10.51    9.45
  11327.995    45.652    12.12    9.20
  11614.683    48.875    11.24    7.66
  11901.367    51.213     8.16    6.90
  12188.046    53.899     9.37    6.37
  12474.720    56.776    10.04    6.17
  12761.390    59.319     8.87    5.55
  13048.055    62.030     9.46    5.75
  13334.715    65.366    11.64    6.31
  13621.370    69.008    12.70    6.71
  13908.020    72.262    11.35    6.70
  14194.666    74.883     9.14    6.18
  14481.307    77.026     7.48    5.12
  14767.944    78.457     4.99    3.70
  15054.575    78.619     0.57    3.46
  15341.202    77.556    -3.71    4.21
  15627.824    76.405    -4.02    4.63
  15914.442    74.923    -5.17    4.96
  16201.055    73.165    -6.13    4.58
  16487.663    71.859    -4.56    3.80
  16774.266    70.856    -3.50    3.59
  17060.864    69.959    -3.13    4.05
  17347.458    68.707    -4.37    4.84
  17634.047    67.430    -4.46    5.17
  17920.631    65.631    -6.28    5.33
  18207.211    63.828    -6.29    4.94
  18493.786    63.325    -1.75    4.36
  18780.356    62.880    -1.55    3.78
  19066.921    62.808    -0.25    3.44
  19353.482    63.387     2.02    3.52
  19640.038    64.654     4.42    4.08
  19926.589    66.360     5.95    4.51
  20213.135    68.132     6.18    4.98
  20499.677    69.420     4.49    4.97
  20786.214    70.668     4.36    5.07
  21072.746    72.140     5.14    5.15
  21359.274    73.297     4.04    5.33
  21645.796    74.726     4.99    6.32
  21932.314    76.812     7.28    7.33
  22218.828    79.028     7.74    8.10
  22505.336    81.610     9.01    8.18
  22791.840    84.097     8.68    7.57
  23078.339    86.396     8.02    6.76
  23364.834    88.569     7.58    5.69
  23651.323    89.676     3.86    4.61
  23937.808    89.654    -0.08    4.19
  24224.289    89.046    -2.12    4.42
  24510.764    87.762    -4.48    5.09
  24797.235    86.376    -4.84    4.82
  25083.701    85.635    -2.58    4.28
  25370.162    85.185    -1.57    3.99
  25656.619    85.269     0.29    3.63
  25943.071    84.839    -1.50    4.47
  26229.518    83.355    -5.18    7.48
  26515.960    79.100   -14.85   12.23
  26802.398    72.240   -23.95   17.28
  27088.831    62.549   -33.83   21.19
  27375.259    53.881   -30.26   21.52
  27661.683    46.283   -26.53   18.89
  27948.102    41.727   -15.91   14.50
  28234.516    39.586    -7.47   11.36
  28520.925    41.158     5.49   12.72
  28807.330    45.746    16.02   15.04
  29093.730    52.832    24.74   15.95
  29380.125    60.112    25.42   15.35
  29666.515    66.737    23.13   15.20
  29952.901    73.605    23.98   15.47
  30239.282    79.542    20.73   15.30
  30525.658    85.510    20.84   14.70
  30812.030    91.815    22.02   11.88
  31098.397    95.859    14.12    8.98
  31384.759    98.614     9.62    5.64
  31671.116    99.601     3.45    3.96
  31957.469    98.706    -3.13    5.09
  32243.817    96.193    -8.77    7.54
  32530.161    92.805   -11.83    8.82
  32816.499    88.761   -14.12    9.35
  33102.833    85.649   -10.87    8.28
  33389.162    83.914    -6.06    6.96
  33675.487    83.739    -0.61    6.26
  33961.806    83.974     0.82    5.88
  34248.121    83.783    -0.67    6.05
  34534.431    83.276    -1.77    6.64
  34820.737    81.743    -5.36    6.99
  35107.038    79.173    -8.97    7.10
  35393.334    75.734   -12.01    6.16
  35679.625    72.162   -12.48    5.03
  35965.912    69.405    -9.63    4.87
  36252.194    67.360    -7.14    4.56
  36538.471    65.756    -5.60    4.40
  36824.744    64.142    -5.64    3.89
  37111.012    62.780    -4.76    3.12
  37397.275    61.936    -2.95    2.64
  37683.533    61.668    -0.94    2.78
  37969.787    61.480    -0.66    3.13
  38256.036    61.443    -0.13    3.58
  38542.280    61.783     1.19    4.22
  38828.520    62.455     2.35    5.16
  39114.755    63.456     3.50    5.77
  39400.985    63.997     1.89    7.02
  39687.210    65.199     4.20    7.32
  39973.431    66.411     4.23    7.48
  40259.647    67.035     2.18    7.75
  40545.859    67.119     0.29    7.94
  40832.065    66.471    -2.26    8.25
  41118.267    65.428    -3.64    8.07
  41404.464    63.902    -5.33    7.27
  41690.657    62.412    -5.21    6.28
  41976.845    61.056    -4.74    5.50
  42263.028    60.053    -3.51    4.47
  42549.206    59.542    -1.78    4.20
  42835.380    59.921     1.32    4.62
  43121.549    60.712     2.76    5.21
  43407.713    62.341     5.69    5.87
  43693.872    64.448     7.37    6.39
  43980.027    66.187     6.08    6.42
  44266.177    68.148     6.85    6.19
  44552.323    68.950     2.80    6.16
  44838.463    69.000     0.18    6.52
  45124.599    68.578    -1.48    6.60
  45410.731    67.915    -2.32    6.72
  45696.857    67.921     0.02    6.07
  45982.979    68.018     0.34    5.59
  46269.096    68.038     0.07    5.17
  46555.209    68.510     1.65    5.09
  46841.317    69.142     2.21    5.21
  47127.420    69.663     1.82    5.62
  47413.518    70.152     1.71    5.92
  47699.612    71.056     3.16    5.83
  47985.701    71.769     2.49    5.03
  48271.785    72.040     0.95    4.44
  48557.865    71.353    -2.40    5.01
  48843.940    69.999    -4.73    5.25
  49130.010    68.423    -5.51    5.40
  49416.075    66.218    -7.71    5.46
  49702.136    63.565    -9.27    5.73
  49988.192    60.325   -11.33    6.90
  50274.244    57.093   -11.30    8.14
  50560.290    53.290   -13.29    9.06
  50846.332    49.769   -12.31    9.23
  51132.370    46.305   -12.11    8.57
  51418.402    43.919    -8.34    7.83
  51704.430    43.123    -2.78    8.07
  51990.453    43.039    -0.29    8.73
  52276.472    43.931     3.12    9.30
  52562.486    45.609     5.87    9.46
  52848.495    48.707    10.83    9.65
  53134.499    52.172    12.11    8.58
  53420.499    54.448     7.96    7.16
  53706.494    56.249     6.30    5.78
  53992.484    57.182     3.26    4.35
  54278.470    57.870     2.40    3.38
  54564.451    57.563    -1.07    3.64
  54850.427    56.161    -4.90    4.34
  55136.399    54.719    -5.04    4.53
  55422.365    52.897    -6.37    4.07
  55708.328    52.038    -3.00    3.52
  55994.285    51.743    -1.03    3.10
  56280.238    51.941     0.69    3.26
  56566.186    53.022     3.78    3.57
  56852.129    53.850     2.90    3.63
  57138.068    54.645     2.78    3.21
  57424.002    54.727     0.29    3.39
  57709.931    53.773    -3.34    3.90
  57996.137    52.374    -4.89    4.19
  58283.156    50.783    -5.54    4.36
  58570.170    49.576    -4.21    4.12
  58857.179    48.583    -3.46    4.11
  59144.182    47.436    -4.00    3.99
  59431.180    46.829    -2.12    3.91
  59718.172    46.914     0.30    3.98
  60005.158    47.255     1.19    4.03
  60292.140    47.679     1.48    3.52
  60579.115    48.025     1.21    2.83
  60866.086    48.325     1.05    2.09
  61153.050    48.635     1.08    1.71
  61440.010    48.226    -1.43    2.00
  61726.963    47.269    -3.34    3.31
  62013.912    45.980    -4.49    4.76
  62300.855    43.485    -8.70    6.07
  62587.792    41.269    -7.72    6.42
  62874.724    39.412    -6.47    5.74
  63161.650    38.077    -4.66    4.62
  63448.571    36.876    -4.19    3.54
  63735.487    35.941    -3.26    3.55
  64022.397    36.076     0.47    3.79
  64309.301    36.955     3.06    4.40
  64596.200    38.787     6.39    5.50
  64883.094    41.037     7.84    6.00
  65169.982    43.621     9.01    5.65
  65456.864    45.440     6.34    4.79
  65743.742    47.025     5.52    3.95
  66030.613    47.787     2.66    3.78
  66317.479    47.500    -1.00    4.34
  66604.340    46.896    -2.11    4.99
  66891.195    45.655    -4.33    5.75
  67178.045    44.047    -5.60    6.86
  67464.889    41.607    -8.51    7.36
  67751.728    39.971    -5.70    6.91
  68038.562    39.819    -0.53    6.83
  68325.390    40.840     3.56    7.09
  68612.212    42.382     5.38    7.17
  68899.029    44.179     6.26    6.83
  69185.840    46.790     9.10    6.00
  69472.646    48.890     7.32    4.83
  69759.447    49.668     2.71    4.75
  70046.242    49.884     0.75    4.85
  70333.032    50.004     0.42    4.64
  70619.816    49.997    -0.02    4.25
  70906.595    49.549    -1.56    4.32
  71193.368    48.472    -3.76    4.52
  71480.135    47.297    -4.10    4.40
  71766.898    46.868    -1.50    4.24
  72053.655    47.105     0.83    4.50
  72340.406    47.588     1.69    4.50
  72627.152    48.461     3.04    4.54
  72913.892    49.242     2.73    4.20
  73200.627    49.844     2.10    4.38
  73487.357    50.340     1.73    4.94
  73774.081    49.920    -1.47    5.96
  74060.799    46.684   -11.29   12.09
  74347.513    40.025   -23.22   19.15
  74634.220    31.219   -30.71   23.10
  74920.922    23.333   -27.51   22.95
  75207.619    15.152   -28.54   19.11
  75494.310     8.607   -22.83   11.89
  75780.996     5.581   -10.56    5.02
  76067.677     6.512     3.25    5.32
  76354.352     7.855     4.68    5.50
  76641.021     8.517     2.31    5.06
  76927.685     8.617     0.35    4.67
  77214.344     8.305    -1.09    4.31
  77500.997     8.134    -0.59    4.12
  77787.644     8.269     0.47    3.74
  78074.286     8.270     0.00    3.00
  78360.923     8.416     0.51    2.73
  78647.554     8.412    -0.02    2.90
  78934.180     8.535     0.43    3.27
  79220.801     8.721     0.65    3.56
  79507.416     8.712    -0.03    3.87
  79794.025     7.822    -3.11    4.62
  80080.629     6.847    -3.40    4.90
  80367.228     6.026    -2.87    4.59
  80653.821     5.345    -2.38    4.17
  80940.408     5.444     0.35    4.02
  81226.990     6.225     2.73    4.19
  81513.567     7.219     3.47    4.17
  81800.138     8.346     3.93    4.00
  82086.704     9.478     3.95    3.43
  82373.265     9.840     1.26    3.00
  82659.820     9.418    -1.47    3.26
  82946.369     8.912    -1.77    3.42
  83232.913     8.207    -2.46    3.68
  83519.452     7.751    -1.59    3.59
  83805.985     7.376    -1.31    3.13
  84092.513     7.008    -1.29    3.01
  84379.035     7.028     0.07    3.15
  84665.552     7.185     0.55    3.20
  84952.063     7.192     0.02    3.09
  85238.569     6.966    -0.79    2.92
  85525.069     6.812    -0.54    2.58
  85811.564     6.444    -1.28    2.67
  86098.054     5.948    -1.73    2.73
  86384.538     5.249    -2.44    2.33
  86671.017     4.848    -1.40    2.06
  86957.490     4.283    -1.97    2.11
  87243.958     3.889    -1.37    2.04
  87530.420     3.774    -0.40    2.11
  87816.877     3.639    -0.47    2.22
