-120875.948   114.576     0.00    5.86
-120589.400   114.561    -0.05    5.88
-120302.853   114.233    -1.14    5.57
-120016.307   113.511    -2.52    7.30
-119729.763   111.912    -5.58   10.81
-119443.219   110.833    -3.77   12.03
-119156.677   112.236     4.90   12.60
-118870.136   113.534     4.53   11.94
-118583.596   115.443     6.66   11.12
-118297.057   118.478    10.59   10.23
-118010.519   121.274     9.76    8.48
-117723.982   123.541     7.91    7.46
-117437.447   126.310     9.66    7.55
-117150.913   128.672     8.24    7.24
-116864.379   130.956     7.97    6.71
-116577.847   132.701     6.09    6.15
-116291.317   133.911     4.22    6.25
-116004.787   134.907     3.48    6.20
-115718.258   135.373     1.62    6.72
-115431.731   134.799    -2.00    7.36
-115145.205   132.902    -6.62    8.91
-114858.680   130.109    -9.75   11.11
-114572.156   127.293    -9.83   12.37
-114285.633   124.175   -10.88   13.15
-113999.111   121.218   -10.32   12.90
-113712.591   117.273   -13.77   11.87
-113426.072   113.701   -12.46   10.56
-113139.553   111.737    -6.85   10.53
-112853.036   110.056    -5.87   10.45
-112566.520   107.568    -8.68   11.12
-112280.006   104.953    -9.13   12.05
-111993.492   102.450    -8.74   12.18
-111706.980    98.802   -12.73   12.12
-111420.469    93.921   -17.03   11.14
-111133.958    89.161   -16.62    8.88
-110847.449    85.387   -13.17    8.83
-110560.942    82.818    -8.97    9.69
-110274.435    80.261    -8.92   10.59
-109987.929    77.840    -8.45   11.22
-109701.425    76.876    -3.36   12.12
-109414.922    77.165     1.01   14.30
-109128.420    78.540     4.80   16.58
-108841.919    80.132     5.56   18.21
-108555.419    81.109     3.41   19.21
-108268.920    81.273     0.57   20.06
-107982.423    81.518     0.86   20.08
-107695.927    81.830     1.09   19.57
-107409.432    80.245    -5.53   19.07
-107122.938    78.075    -7.57   18.46
-106836.445    76.723    -4.72   17.89
-106549.953    76.201    -1.82   16.57
-106263.462    74.984    -4.25   15.85
-105976.973    73.003    -6.92   15.39
-105690.485    73.003     0.00   14.65
-105403.998    74.992     6.94   12.92
-105117.512    76.337     4.70   11.95
-104831.027    77.133     2.78   11.37
-104544.543    78.366     4.30    9.65
-104258.061    79.743     4.81    7.23
-103971.579    81.401     5.79    4.87
-103685.099    81.844     1.55    3.33
-103398.620    81.330    -1.79    3.35
-103112.142    80.727    -2.10    3.51
-102825.665    80.130    -2.08    3.48
-102539.190    79.554    -2.01    3.60
-102252.715    78.679    -3.05    3.79
-101966.242    77.375    -4.55    3.77
-101679.770    76.175    -4.19    4.22
-101393.299    75.266    -3.18    4.65
-101106.829    74.653    -2.14    4.71
-100820.360    73.908    -2.60    4.40
-100533.893    72.881    -3.59    3.75
-100247.426    71.922    -3.35    3.81
 -99960.961    71.008    -3.19    4.09
 -99674.497    70.285    -2.52    4.20
 -99388.034    69.641    -2.25    4.09
 -99101.572    69.133    -1.77    3.73
 -98815.112    68.900    -0.81    3.28
 -98528.652    68.464    -1.52    3.69
 -98242.194    68.343    -0.42    4.31
 -97955.737    69.044     2.45    4.46
 -97669.281    69.394     1.22    4.45
 -97382.826    69.443     0.17    4.38
 -97096.372    69.275    -0.59    4.28
 -96809.919    69.241    -0.12    4.25
 -96523.468    69.429     0.65    4.31
 -96237.018    69.241    -0.65    4.64
 -95950.568    67.841    -4.89    6.27
 -95664.120    66.273    -5.48    7.60
 -95377.674    64.483    -6.25    8.25
 -95091.228    63.116    -4.77    8.17
 -94804.783    62.034    -3.78    8.19
 -94518.340    60.318    -5.99    8.61
 -94231.898    57.633    -9.37    9.21
 -93945.457    56.055    -5.51    8.87
 -93659.017    55.036    -3.56    9.07
 -93372.578    54.664    -1.30    9.09
 -93086.140    54.641    -0.08    9.00
 -92799.704    55.668     3.58    8.93
 -92513.268    58.175     8.75    7.29
 -92226.834    59.743     5.47    5.75
 -91940.401    59.350    -1.37    6.09
 -91653.969    58.182    -4.08    6.01
 -91367.538    57.401    -2.73    5.71
 -91081.109    57.668     0.93    5.57
 -90794.680    58.275     2.12    5.62
 -90508.253    59.167     3.11    5.32
 -90221.827    60.066     3.14    4.65
 -89935.402    60.346     0.98    3.69
 -89648.978    59.491    -2.99    3.95
 -89362.555    57.943    -5.40    4.37
 -89076.134    56.511    -5.00    4.36
 -88789.713    55.572    -3.28    4.05
 -88503.294    54.300    -4.44    4.31
 -88216.876    52.771    -5.34    4.76
 -87930.459    51.953    -2.86    4.65
 -87644.043    51.320    -2.21    4.59
 -87357.628    50.422    -3.14    4.62
 -87071.215    50.088    -1.17    4.64
 -86784.803    50.004    -0.29    4.33
 -86498.391    49.826    -0.62    4.60
 -86211.981    49.400    -1.49    5.06
 -85925.572    48.764    -2.22    5.63
 -85639.165    48.527    -0.83    5.74
 -85352.758    48.823     1.03    5.59
 -85066.353    48.974     0.53    5.66
 -84779.948    48.717    -0.90    5.68
 -84493.545    48.212    -1.76    5.97
 -84207.143    45.366    -9.94    9.02
 -83920.742    41.847   -12.29   10.49
 -83634.342    40.066    -6.22   10.03
 -83347.944    38.806    -4.40   10.28
 -83061.546    38.245    -1.96   10.57
 -82775.150    37.953    -1.02   10.60
 -82488.755    37.844    -0.38    9.90
 -82202.361    37.639    -0.72   10.29
 -81915.968    34.593   -10.63   12.83
 -81629.577    31.613   -10.41   14.14
 -81343.186    30.402    -4.23   14.31
 -81056.797    28.929    -5.14   14.96
 -80770.408    28.228    -2.44   16.08
 -80484.021    27.114    -3.89   16.22
 -80197.635    25.385    -6.04   15.95
 -79911.251    24.116    -4.43   16.12
 -79624.867    24.166     0.17   16.67
 -79338.485    25.797     5.70   16.68
 -79052.103    26.605     2.82   15.92
 -78765.723    25.216    -4.85   15.72
 -78479.344    23.861    -4.73   16.09
 -78192.966    22.255    -5.61   15.37
 -77906.589    20.229    -7.08   13.68
 -77620.214    19.497    -2.55   12.19
 -77333.839    19.997     1.75   12.03
 -77047.466    21.743     6.10   12.71
 -76761.094    25.429    12.87   13.17
 -76474.723    29.552    14.40   12.80
 -76188.353    33.456    13.63   12.51
 -75901.984    35.436     6.91   12.41
 -75615.617    36.380     3.30   11.70
 -75329.250    36.663     0.99   10.81
 -75042.885    36.070    -2.07   10.19
 -74756.521    35.443    -2.19   10.18
 -74470.158    34.500    -3.29   10.42
 -74183.796    33.214    -4.49   10.81
 -73897.436    32.678    -1.87   11.63
 -73611.076    32.654    -0.09   12.03
 -73324.718    33.161     1.77   12.39
 -73038.360    34.081     3.21   12.65
 -72752.004    34.946     3.02   12.94
 -72465.649    36.123     4.11   12.41
 -72179.296    38.182     7.19   11.24
 -71892.943    40.114     6.75   10.41
 -71606.592    41.540     4.98    9.25
 -71320.241    41.682     0.50    7.91
 -71033.892    40.401    -4.47    7.82
 -70747.544    37.233   -11.06    9.57
 -70461.197    33.203   -14.07    9.99
 -70174.851    30.038   -11.05    9.08
 -69888.507    28.167    -6.54    8.33
 -69602.163    28.526     1.25    9.25
 -69315.821    29.436     3.18   10.20
 -69029.480    27.680    -6.13   13.69
 -68743.140    23.999   -12.86   17.62
 -68456.801    18.386   -19.60   20.19
 -68170.463    11.814   -22.95   20.01
 -67884.127     4.925   -24.06   16.75
 -67597.792     0.235   -16.38   10.45
 -67311.457    -0.281    -1.80    6.74
 -67025.124     3.150    11.98    9.51
 -66738.792     6.925    13.18   10.58
 -66452.461    10.018    10.80    9.83
 -66166.132    12.928    10.16    8.05
 -65879.803    14.999     7.23    5.49
 -65593.476    14.710    -1.01    5.26
 -65307.150    14.262    -1.57    4.99
 -65020.825    13.298    -3.37    3.92
 -64734.501    13.477     0.63    3.94
 -64448.178    14.456     3.42    4.70
 -64161.856    15.429     3.40    4.92
 -63875.536    16.032     2.11    4.36
 -63589.216    15.811    -0.77    4.34
 -63302.898    15.107    -2.46    4.73
 -63016.581    13.980    -3.94    4.83
 -62730.265    12.269    -5.98    4.77
 -62443.951    10.289    -6.92    3.96
 -62157.597     8.989    -4.54    3.74
 -61870.957     8.252    -2.57    4.04
 -61584.318     7.755    -1.74    4.27
 -61297.682     7.677    -0.27    4.59
 -61011.047     7.443    -0.82    4.62
 -60724.414     8.095     2.28    4.81
 -60437.783     8.812     2.50    5.17
 -60151.154     9.491     2.37    5.11
 -59864.527     9.722     0.81    5.22
 -59577.902    10.299     2.01    5.49
 -59291.279    10.994     2.42    5.29
 -59004.657    11.327     1.16    5.53
 -58718.037    11.263    -0.22    6.54
 -58431.420    11.575     1.09    7.76
 -58144.804    12.918     4.68    9.82
 -57858.190    14.774     6.47   12.74
 -57571.578    15.971     4.18   15.19
 -57284.967    17.583     5.63   16.99
 -56998.359    19.485     6.63   18.02
 -56711.752    21.736     7.86   18.81
 -56425.148    23.033     4.52   18.62
 -56138.545    23.073     0.14   17.49
 -55851.944    23.045    -0.10   16.30
 -55565.345    22.538    -1.77   14.75
 -55278.748    22.663     0.44   13.10
 -54992.153    22.970     1.07   12.14
 -54705.559    23.252     0.98   11.37
 -54418.968    24.740     5.19   11.44
 -54132.378    26.078     4.67   12.28
 -53845.791    28.038     6.84   12.99
 -53559.205    29.641     5.59   12.93
 -53272.621    30.671     3.59   12.04
 -52986.039    31.750     3.76   11.74
 -52699.458    33.977     7.77   11.48
 -52412.880    35.799     6.36   10.53
 -52126.303    36.511     2.48    9.46
 -51839.729    37.075     1.97    7.60
 -51553.156    37.878     2.80    6.20
 -51266.585    37.278    -2.09    5.91
 -50980.016    35.149    -7.43    6.54
 -50693.449    32.547    -9.08    7.25
 -50406.884    29.731    -9.83    8.16
 -50120.321    26.252   -12.14    8.51
 -49833.759    23.006   -11.33    7.40
 -49547.199    21.492    -5.28    5.92
 -49260.642    22.380     3.10    6.85
 -48974.086    25.163     9.71    9.10
 -48687.532    28.656    12.19    9.84
 -48400.980    32.112    12.06    9.39
 -48114.430    34.806     9.40    7.83
 -47827.881    36.744     6.76    6.99
 -47541.335    38.491     6.10    6.62
 -47254.790    39.352     3.01    6.42
 -46968.247    40.198     2.95    6.82
 -46681.707    41.385     4.14    8.12
 -46395.168    41.637     0.88    8.98
 -46108.631    41.112    -1.83    9.13
 -45822.095    40.235    -3.06    9.24
 -45535.562    39.064    -4.09    9.39
 -45249.030    37.316    -6.10    9.15
 -44962.501    36.157    -4.04    9.12
 -44675.973    34.929    -4.29    8.65
 -44389.447    34.708    -0.77    8.63
 -44102.923    34.592    -0.40    8.45
 -43816.401    35.132     1.88    7.89
 -43529.881    35.856     2.53    6.97
 -43243.363    36.373     1.80    5.78
 -42956.846    36.889     1.80    4.65
 -42670.332    37.971     3.77    4.69
 -42383.819    40.017     7.14    6.44
 -42097.308    42.506     8.69    7.74
 -41810.799    44.679     7.59    7.86
 -41524.292    46.851     7.58    7.43
 -41237.787    48.987     7.46    6.81
 -40951.283    51.223     7.80    6.11
 -40664.782    52.539     4.59    6.06
 -40378.282    53.415     3.06    6.66
 -40091.785    55.028     5.63    7.20
 -39805.289    57.319     8.00    7.45
 -39518.795    59.630     8.07    7.25
 -39232.303    61.505     6.54    7.71
 -38945.812    63.143     5.72    7.59
 -38659.324    64.793     5.76    7.80
 -38372.837    66.598     6.30    8.48
 -38086.353    67.802     4.21    8.78
 -37799.870    67.778    -0.08    8.68
 -37513.389    66.852    -3.23    9.59
 -37226.910    65.059    -6.26   10.04
 -36940.433    63.375    -5.88    9.75
 -36653.958    61.551    -6.36    8.96
 -36367.485    60.107    -5.04    7.76
 -36081.013    59.301    -2.81    7.28
 -35794.543    59.463     0.57    6.94
 -35508.076    59.748     0.99    5.97
 -35221.610    59.634    -0.40    5.29
 -34935.146    58.006    -5.68    5.71
 -34648.684    56.231    -6.20    6.51
 -34362.223    55.568    -2.31    6.48
 -34075.765    55.602     0.12    6.77
 -33789.309    56.563     3.35    7.36
 -33502.854    58.139     5.50    8.17
 -33216.401    59.867     6.03    8.75
 -32929.950    62.070     7.69    8.22
 -32643.501    63.888     6.35    7.59
 -32357.054    65.429     5.38    7.00
 -32070.609    66.850     4.96    6.39
 -31784.165    68.701     6.46    6.17
 -31497.724    71.142     8.52    6.47
 -31211.284    73.435     8.01    6.62
 -30924.846    75.721     7.98    6.25
 -30638.410    77.752     7.09    6.02
 -30351.976    79.263     5.27    5.58
 -30065.544    80.378     3.89    4.62
 -29779.114    81.193     2.84    4.57
 -29492.686    81.361     0.59    5.26
 -29206.259    81.551     0.67    5.91
 -28919.834    81.858     1.07    6.29
 -28633.412    82.141     0.99    6.58
 -28346.991    82.157     0.05    6.54
 -28060.572    81.852    -1.06    6.53
 -27774.154    81.076    -2.71    6.00
 -27487.739    80.216    -3.01    5.09
 -27201.326    80.112    -0.36    4.83
 -26914.914    80.830     2.51    5.31
 -26628.504    82.180     4.71    5.60
 -26342.097    83.527     4.70    5.08
 -26055.691    84.214     2.40    4.04
 -25769.286    84.588     1.31    3.51
 -25482.884    84.141    -1.56    3.37
 -25196.484    82.567    -5.50    3.82
 -24910.085    80.456    -7.37    4.11
 -24623.689    77.833    -9.16    4.79
 -24337.294    75.608    -7.77    5.16
 -24050.901    73.471    -7.46    5.25
 -23764.510    71.393    -7.25    5.41
 -23478.121    69.000    -8.36    5.79
 -23191.734    66.655    -8.19    5.91
 -22905.349    64.154    -8.73    5.87
 -22618.965    61.572    -9.02    5.69
 -22332.583    59.428    -7.49    5.42
 -22046.204    57.994    -5.01    4.93
 -21759.826    56.819    -4.10    4.52
 -21473.450    56.239    -2.03    4.40
 -21187.076    56.490     0.88    5.74
 -20900.703    57.735     4.35    7.53
 -20614.333    60.096     8.24    9.37
 -20327.964    63.505    11.91   11.23
 -20041.598    67.366    13.48   11.57
 -19755.233    70.889    12.31   10.52
 -19468.870    73.147     7.88    9.16
 -19182.509    74.599     5.07    7.40
 -18896.150    74.506    -0.32    6.47
 -18609.793    72.876    -5.69    6.71
 -18323.437    70.331    -8.89    7.26
 -18037.084    67.595    -9.55    7.51
 -17750.732    65.470    -7.42    7.10
 -17464.382    63.132    -8.16    5.57
 -17178.034    61.826    -4.56    4.08
 -16891.688    61.760    -0.23    4.02
 -16605.344    62.491     2.55    4.40
 -16319.001    63.303     2.84    3.97
 -16032.661    63.788     1.69    3.67
 -15746.322    63.542    -0.86    3.99
 -15459.986    63.053    -1.71    3.94
 -15173.651    62.726    -1.14    3.87
 -14887.318    62.543    -0.64    3.42
 -14600.987    62.464    -0.28    2.74
 -14314.657    62.746     0.99    2.80
 -14028.330    62.970     0.78    3.07
 -13742.004    63.830     3.00    3.62
 -13455.681    65.456     5.68    4.50
 -13169.359    67.021     5.46    4.89
 -12883.039    68.592     5.49    4.87
 -12596.721    70.036     5.04    4.12
 -12310.405    70.755     2.51    3.32
 -12024.091    71.024     0.94    2.84
 -11737.778    70.914    -0.38    2.81
 -11451.468    70.921     0.02    2.83
 -11165.159    71.112     0.67    3.14
 -10878.852    71.939     2.89    3.79
 -10592.547    73.738     6.28    4.44
 -10306.244    75.029     4.51    4.26
 -10019.943    75.717     2.40    3.75
  -9733.644    75.998     0.98    3.72
  -9447.346    76.182     0.64    3.99
  -9161.050    76.219     0.13    3.68
  -8874.757    75.580    -2.23    3.33
  -8588.465    74.700    -3.07    3.18
  -8302.175    74.343    -1.24    3.07
  -8015.887    74.274    -0.24    3.14
  -7729.600    74.116    -0.55    3.04
  -7443.316    73.847    -0.94    3.01
  -7157.034    73.691    -0.55    3.21
  -6870.753    73.828     0.48    3.65
  -6584.474    74.158     1.15    3.82
  -6298.197    74.751     2.07    4.44
  -6011.922    75.429     2.37    4.90
  -5725.649    76.004     2.01    4.95
  -5439.378    76.742     2.58    4.18
  -5153.108    76.615    -0.44    4.08
  -4866.841    75.848    -2.68    4.58
  -4580.575    74.946    -3.15    5.19
  -4294.311    72.961    -6.94    5.98
  -4008.049    70.506    -8.57    7.49
  -3721.789    68.322    -7.63    8.73
  -3435.531    65.918    -8.40    9.78
  -3149.274    62.889   -10.58   10.86
  -2863.020    59.133   -13.12   12.15
  -2576.767    54.686   -15.54   12.97
  -2290.517    50.401   -14.97   12.95
  -2004.268    46.200   -14.68   12.91
  -1718.021    39.292   -24.13   16.77
  -1431.775    30.686   -30.07   20.41
  -1145.532    21.607   -31.72   21.43
   -859.291    12.706   -31.09   19.84
   -573.051     6.260   -22.52   15.49
   -286.716     1.689   -15.96    8.99
      0.002     1.126    -1.96    6.96
    286.717     2.316     4.15    7.01
    573.430     2.506     0.66    6.89
    860.140     2.977     1.65    6.87
   1146.847     2.368    -2.12    6.68
   1433.552     1.902    -1.63    6.61
   1720.254     0.606    -4.52    5.56
   2006.954    -0.075    -2.37    5.21
   2293.651    -0.407    -1.16    4.88
   2580.345     0.185     2.07    5.11
   2867.037     1.043     2.99    5.35
   3153.726     1.835     2.77    5.45
   3440.413     2.056     0.77    5.22
   3727.097     2.450     1.37    5.15
   4013.779     2.926     1.66    4.89
   4300.457     3.347     1.47    4.90
   4587.134     3.456     0.38    4.68
   4873.807     3.836     1.32    4.68
   5160.478     4.028     0.67    4.68
   5447.147     3.960    -0.24    4.83
   5733.813     3.599    -1.26    5.07
   6020.476     3.634     0.12    5.42
   6307.136     3.736     0.36    5.84
   6593.794     3.838     0.36    6.06
   6880.450     4.059     0.77    6.48
   7167.103     4.519     1.60    6.88
   7453.753     5.318     2.79    7.16
   7740.401     6.422     3.85    7.04
   8027.046     7.302     3.07    6.50
   8313.688     8.436     3.96    5.83
   8600.328     9.724     4.50    5.22
   8886.965    10.037     1.09    5.09
   9173.600     9.901    -0.47    5.20
   9460.232     9.905     0.01    5.50
   9746.861    11.325     4.96    6.76
  10033.488    13.525     7.68    7.93
  10320.112    16.142     9.13    8.91
  10606.734    19.350    11.19    9.16
  10893.353    22.634    11.46    8.83
  11179.969    26.145    12.25    7.06
  11466.583    29.614    12.10    5.34
  11753.194    32.470     9.97    5.55
  12039.803    35.265     9.75    5.64
  12326.409    38.259    10.45    6.46
  12613.013    41.538    11.44    7.33
  12899.613    44.325     9.73    7.39
  13186.212    46.339     7.03    7.37
  13472.807    47.657     4.60    7.20
  13759.400    47.671     0.05    6.95
  14045.991    46.882    -2.75    6.82
  14332.579    46.443    -1.53    6.12
  14619.164    45.939    -1.76    5.18
  14905.747    45.422    -1.80    5.10
  15192.327    45.038    -1.34    5.02
  15478.904    44.544    -1.73    4.87
  15765.479    44.533    -0.04    4.71
  16052.051    44.687     0.54    4.70
  16338.621    44.731     0.15    4.79
  16625.188    44.599    -0.46    4.70
  16911.752    44.252    -1.21    4.69
  17198.314    43.372    -3.07    5.16
  17484.874    42.561    -2.83    5.98
  17771.430    41.776    -2.74    6.44
  18057.984    40.360    -4.94    7.03
  18344.536    38.019    -8.17    8.16
  18631.085    35.215    -9.79    8.77
  18917.631    32.088   -10.91    8.69
  19204.175    29.112   -10.39    7.65
  19490.716    26.871    -7.82    6.46
  19777.254    25.457    -4.94    6.23
  20063.790    24.154    -4.55    6.29
  20350.324    23.290    -3.02    6.57
  20636.854    21.864    -4.97    7.04
  20923.383    19.949    -6.68    7.14
  21209.908    17.803    -7.49    6.85
  21496.431    15.670    -7.44    6.34
  21782.951    13.608    -7.20    5.18
  22069.469    11.835    -6.19    3.64
  22355.984    10.757    -3.76    3.03
  22642.497    10.207    -1.92    2.83
  22929.007     9.856    -1.22    2.78
  23215.514     9.712    -0.51    3.01
  23502.019     9.742     0.11    2.82
  23788.521     9.837     0.33    2.81
  24075.021     9.977     0.49    2.97
  24361.518    10.713     2.57    3.42
  24648.012    11.850     3.97    4.18
  24934.504    13.322     5.14    4.91
  25220.993    14.837     5.29    5.02
  25507.480    17.119     7.96    5.43
  25793.964    19.897     9.70    5.91
  26080.445    22.332     8.50    6.38
  26366.924    24.863     8.83    7.02
  26653.400    27.617     9.61    6.61
  26939.874    29.769     7.51    5.19
  27226.345    31.194     4.98    3.62
  27512.813    31.974     2.72    2.73
  27799.279    32.755     2.73    3.61
  28085.742    33.757     3.50    5.45
  28372.203    35.154     4.88    7.62
  28658.661    36.925     6.18    9.00
  28945.117    39.380     8.57    9.86
  29231.570    42.367    10.43   10.09
  29518.020    45.623    11.37    9.09
  29804.468    48.149     8.82    7.31
  30090.913    49.724     5.50    6.06
  30377.355    50.175     1.57    5.82
  30663.795    50.301     0.44    6.06
  30950.232    50.287    -0.05    6.36
  31236.667    50.513     0.79    6.17
  31523.099    50.710     0.69    5.92
  31809.529    50.776     0.23    5.57
  32095.956    51.470     2.42    4.94
  32382.380    52.497     3.59    4.31
  32668.802    53.311     2.84    3.63
  32955.221    53.535     0.78    2.97
  33241.638    53.671     0.47    2.42
  33528.052    53.989     1.11    2.27
  33814.463    54.264     0.96    2.03
  34100.872    54.395     0.46    1.94
  34387.278    54.559     0.57    2.03
  34673.682    54.689     0.45    1.94
  34960.083    54.817     0.45    2.01
  35246.481    54.918     0.36    2.06
  35532.877    55.268     1.22    2.22
  35819.271    55.620     1.23    2.15
  36105.661    55.814     0.68    2.42
  36392.049    56.168     1.24    2.57
  36678.435    56.684     1.80    2.77
  36964.818    57.324     2.23    3.16
  37251.198    58.139     2.85    3.56
  37537.576    59.063     3.23    3.88
  37823.951    60.212     4.01    3.97
  38110.324    61.109     3.13    4.11
  38396.694    61.555     1.56    4.45
  38683.061    61.788     0.81    5.21
  38969.426    61.762    -0.09    6.25
  39255.788    61.478    -0.99    6.97
  39542.147    61.161    -1.11    7.50
  39828.505    60.833    -1.15    7.98
  40114.859    60.670    -0.57    8.19
  40401.211    60.877     0.72    8.21
  40687.560    60.877     0.00    7.94
  40973.907    61.186     1.08    7.39
  41260.251    61.379     0.67    6.34
  41546.592    61.932     1.93    5.87
  41832.931    62.492     1.96    5.16
  42119.267    62.570     0.27    4.84
  42405.601    61.985    -2.04    5.04
  42691.932    60.708    -4.46    5.87
  42978.261    59.552    -4.04    6.59
  43264.587    57.708    -6.44    7.99
  43550.910    54.477   -11.28   10.40
  43837.231    49.797   -16.35   12.45
  44123.549    46.112   -12.87   12.35
  44409.865    43.685    -8.47   11.56
  44696.178    41.759    -6.73   10.49
  44982.488    40.921    -2.93    9.25
  45268.796    42.368     5.05    9.12
  45555.101    44.769     8.39    9.33
  45841.404    48.614    13.43    8.77
  46127.704    51.837    11.26    7.89
  46414.001    53.663     6.38    7.65
  46700.296    54.024     1.26    7.73
  46986.588    54.114     0.31    8.69
  47272.878    53.893    -0.77    9.55
  47559.165    53.549    -1.20    9.25
  47845.450    53.386    -0.57    8.39
  48131.732    53.401     0.05    7.09
  48418.011    53.915     1.80    5.94
  48704.288    54.946     3.60    4.85
  48990.562    55.693     2.61    4.22
  49276.834    56.234     1.89    3.24
  49563.103    56.251     0.06    2.41
  49849.369    56.265     0.05    2.24
  50135.633    56.907     2.24    3.66
  50421.894    58.100     4.17    5.39
  50708.153    59.830     6.04    7.48
  50994.409    61.833     7.00    9.29
  51280.663    63.533     5.94   10.05
  51566.914    65.760     7.78   10.94
  51853.162    67.553     6.26   11.83
  52139.408    69.156     5.60   12.34
  52425.651    69.731     2.01   12.02
  52711.891    70.407     2.36   11.74
  52998.129    71.316     3.17   11.63
  53284.365    72.041     2.53   11.23
  53570.598    71.792    -0.87   10.69
  53856.828    71.353    -1.53    9.93
  54143.055    70.710    -2.25    9.32
  54429.280    69.864    -2.95    8.96
  54715.503    68.331    -5.36    8.52
  55001.723    66.394    -6.77    8.23
  55287.940    63.774    -9.15    8.12
  55574.155    62.457    -4.60    7.73
  55860.367    62.594     0.48    8.24
  56146.577    64.535     6.78   10.04
  56432.784    67.579    10.64   11.93
  56718.988    72.470    17.09   13.02
  57005.190    77.553    17.76   11.82
  57291.389    80.728    11.09    9.78
  57577.586    82.030     4.55    8.02
  57863.780    82.193     0.57    7.31
  58149.971    81.601    -2.07    7.62
  58436.160    79.457    -7.49    8.45
  58722.346    76.011   -12.04    9.37
  59008.530    71.640   -15.27   10.12
  59294.711    68.733   -10.16   10.19
  59580.890    66.611    -7.41   10.27
  59867.066    65.233    -4.81    9.52
