# NaN NaN NaN ;Mean Elev.(m), Avg Gradient(m/km), RMS Gradient(m/km) - SRTM1     
#   15.670  -2.202   5.900 ;Mean Elev.(m), Avg Gradient(m/km), RMS Gradient(m/km) - ASTER GDEM
#   39.703  -2.721  11.033 ;Mean Elev.(m), Avg Gradient(m/km), RMS Gradient(m/km) - GMTED2010 
   1  55.111166  65.907699    75.461    75.461  2 54665.41956822  5.060
   2  55.107170  65.908940    68.108    68.201  4 54675.33521248 23.614
   3  55.109710  65.910418     4.341     7.327  3 54685.25085593 23.359
   4  55.109986  65.911488    74.579    69.217  4 54695.16649768 26.442
   5  55.109305  65.910855     3.988     0.999  3 54705.08213688 27.612
   6  55.106460  65.908466    70.700    69.301  4 54714.99778844 25.712
   7  55.105307  65.906053    11.462    12.001  4 54724.91343865 25.011
   8  55.104938  65.905294    67.767    64.051  4 54734.82908682  3.227
   9  55.103749  65.906697    64.946    62.997  4 54744.74473371 11.542
  10  55.105942  65.908026    72.254    72.381  4 54754.66038048 26.173
  11  55.105459  65.907855    29.367    29.429  4 54764.57602604 24.376
  12  55.103590  65.905950    79.153    81.400  3 54774.49166876  1.359
  13  55.103987  65.904151    76.431    71.982  4 54784.40730911 13.565
  14  55.100678  65.904630    84.838    85.127  4 54794.32294724  9.886
  15  55.105294  65.906677    23.713    23.726  4 54804.23858520 32.035
  18  55.106415  65.907999    67.531    67.271  3 54833.98550721  4.410
  19  55.107836  65.907533    68.080    67.906  4 54843.90115731  3.328
  20  55.107647  65.908467    67.999    67.506  3 54853.81680624  3.399
  21  55.107787  65.910182    68.083    67.686  4 54863.73245494  2.758
  22  55.111112  65.910671    67.961    67.560  4 54873.64810376  5.524
  23  55.107868  65.909777    68.064    67.502  4 54883.56374964  3.906
  24  55.106594  65.907238    68.009    67.770  4 54893.47939237  5.033
  25  55.102958  65.905203    68.588    68.492  4 54903.39503217  6.052
  26  55.102861  65.905074    68.283    67.839  4 54913.31067100  5.047
  27  55.103645  65.906584    68.674    68.485  4 54923.22630912  7.594
  28  55.106068  65.908024    67.996    68.030  3 54933.14194661  6.692
  29  55.108466  65.907873    68.340    68.284  4 54943.05758229  2.162
  30  55.103005  65.906636    69.276    69.158  4 54952.97321534  4.133
  31  55.102652  65.904790    21.907    22.023  4 54962.88885909 24.958
  32  55.099867  65.904999    27.081    27.020  4 54972.80450738 37.881
  33  55.107151  65.906362    76.612    77.086  4 54982.72015561 15.018
  34  55.107463  65.908378    68.118    65.295  3 54992.63580291  7.019
  35  55.106279  65.909073    76.829    77.159  4 55002.55144928  8.912
  36  55.106050  65.908665    70.209    69.468  4 55012.46709390 11.066
  37  55.105169  65.908062    27.654    28.623  4 55022.38273705 32.674
  38  55.105521  65.908636    75.266    75.385  4 55032.29837945 14.967
  39  55.108628  65.909734    26.326    26.195  4 55042.21402140 31.439
  40  55.111009  65.910409    25.405    23.552  3 55052.12966176 34.389
  41  55.106947  65.909678    27.641    28.976  4 55062.04529939 35.404
  42  55.105934  65.907358    25.167    25.191  4 55071.96094270 38.721
  43  55.100075  65.905480    25.053    24.974  4 55081.87659082 37.350
  44  55.103500  65.904913    25.102    25.068  4 55091.79223808 32.719
  45  55.106262  65.905977    68.997    66.142  4 55101.70788476  4.033
  46  55.105239  65.907499    70.199    70.210  3 55111.62353069 25.630
  47  55.107827  65.907298    65.826    62.639  4 55121.53917486  4.736
  48  55.100874  65.906179    24.276    23.056  4 55131.45481535 44.482
  49  55.099161  65.904645    83.877    91.114  4 55141.37045435 16.561
  50  55.102942  65.904620    84.767    85.392  4 55151.28609313  4.346
  51  55.102300  65.906578    27.643    27.465  4 55161.20173158 28.660
  52  55.112140  65.908121    85.049    85.049  2 55171.11737059  1.613
  54  55.107723  65.908870    68.319    68.385  4 55190.94865568  2.473
  55  55.108760  65.908511    28.730    28.858  4 55200.86430605 17.260
  57  55.107211  65.909563    68.603    68.345  4 55220.69560457  0.554
  58  55.107304  65.909157    68.182    68.103  4 55230.61125265  1.594
  59  55.104939  65.908082    68.299    68.136  4 55240.52689731  1.772
  60  55.106302  65.906215    68.022    67.794  4 55250.44253876  4.786
  61  55.104196  65.905176    67.604    67.140  4 55260.35817760  3.420
  62  55.101376  65.905533    67.605    67.316  4 55270.27381554  3.327
  63  55.102455  65.906464    68.904    68.500  4 55280.18945375  4.888
  64  55.104070  65.907152    69.443    69.276  4 55290.10509078  4.964
  65  55.104819  65.907140    28.477    28.478  4 55300.02072539 21.451
  66  55.103924  65.906067    22.959    23.171  3 55309.93637066 39.723
  67  55.102648  65.905229    70.151    67.730  3 55319.85201632 21.148
  68  55.103421  65.905419    75.375    75.356  4 55329.76766106 26.815
  69  55.105882  65.906702    77.281    77.097  4 55339.68330567 13.143
  70  55.107118  65.908085    72.784    68.740  3 55349.59894987  1.747
  71  55.108226  65.908799    76.830    79.735  3 55359.51459206  5.755
  72  55.109630  65.908801    79.295    79.761  4 55369.43023215  5.111
  73  55.109629  65.908909    70.906    69.632  4 55379.34587064 19.460
  74  55.108637  65.909449    70.957    71.914  3 55389.26150833  9.018
  75  55.107241  65.909849    71.024    70.175  4 55399.17714498 23.885
  76  55.109530  65.908927    76.157    74.113  4 55409.09279149  9.145
  77  55.105577  65.907318    68.580    68.525  4 55419.00844185 11.652
  78  55.102376  65.905824    74.961    69.133  4 55428.92408888  8.398
  79  55.104171  65.905354    74.152    75.416  4 55438.83973370  6.833
  80  55.103904  65.906129    73.081    74.243  4 55448.75537688  4.226
  81  55.106609  65.906661    69.261    68.680  4 55458.67102001 24.284
  82  55.105496  65.906724    61.908    61.784  4 55468.58666205  7.284
  83  55.101831  65.906182    61.900    61.449  4 55478.50230063  4.090
  84  55.105391  65.905377    62.983    62.877  4 55488.41793689  5.013
  85  55.104537  65.905527    39.058    30.373  4 55498.33357047 14.510
  86  55.104420  65.906672    23.518    23.497  3 55508.24920902 46.400
  87  55.107626  65.907489    24.777    23.790  4 55518.16485955 45.698
  88  55.106169  65.908369    74.265    74.107  4 55528.08050874  7.151
  89  55.108841  65.908412    28.376    28.492  4 55537.99615642 27.229
  90  55.108161  65.908535    91.232    91.342  3 55547.91180152  0.890
  91  55.111989  65.908715    91.842    91.842  2 55557.82744524  0.177
  92  55.108217  65.909604    80.313    78.699  4 55567.74308736  1.284
  95  55.103025  65.906361    68.640    68.640  4 55597.49000475  1.505
  96  55.104527  65.905271    68.057    67.561  4 55607.40563864  3.056
  98  55.105453  65.907232    68.534    67.957  3 55627.23691510  0.835
 100  55.105509  65.906966    68.394    67.502  3 55647.06821628  2.766
 101  55.103117  65.905519    71.122    70.353  4 55656.98386283 10.444
 102  55.099300  65.905013    28.916    29.028  4 55666.89950489 26.481
 103  55.103959  65.905535    28.292    29.087  4 55676.81514484 27.576
 104  55.107737  65.907156    69.500    67.219  4 55686.73078280 18.480
 105  55.108728  65.908627    75.214    74.836  4 55696.64641932 16.343
 106  55.107502  65.909167    79.782    74.467  3 55706.56205438 16.557
 107  55.106127  65.908659    76.682    77.462  3 55716.47770430  7.005
 109  55.106942  65.909044    25.071    23.982  4 55736.30899996 40.915
 110  55.109883  65.909728    27.346    28.840  3 55746.22464588 33.036
 111  55.106882  65.909657    25.646    25.510  4 55756.14028938 39.957
 112  55.104182  65.908020    22.129    22.144  4 55766.05593048 49.736
 113  55.102502  65.905779    25.010    25.007  4 55775.97156878 38.106
 114  55.104895  65.904464    25.375    24.987  4 55785.88720452 28.076
 115  55.101685  65.905864    25.151    24.902  4 55795.80283771 32.076
 116  55.105379  65.907601    21.910    21.849  4 55805.71847790 49.085
 117  55.106983  65.908359    25.706    25.964  4 55815.63412718 35.182
 118  55.103405  65.907378    24.973    25.026  4 55825.54977331 29.761
 119  55.103117  65.905621    25.757    25.622  4 55835.46541528 30.765
 120  55.101251  65.904840    25.966    25.732  4 55845.38105357 31.456
 121  55.105621  65.905970    28.972    29.323  4 55855.29668963 20.409
 122  55.104577  65.908301    24.622    23.524  4 55865.21232996 44.167
 123  55.108627  65.909518    23.221    23.206  3 55875.12798332 35.694
 124  55.107564  65.909492    25.613    26.721  3 55885.04363055 30.105
 125  55.109833  65.908662    87.480    94.842  3 55894.95927216  2.117
 128  55.109845  65.909491    67.587    67.406  3 55924.70620306  4.820
 129  55.108749  65.909498    67.944    67.872  3 55934.62185361  2.478
 131  55.105507  65.905202    67.579    67.376  4 55954.45314106  0.504
 132  55.100073  65.904259    69.006    68.736  3 55964.36877943  0.332
 133  55.105384  65.905136    68.524    68.341  4 55974.28441719  0.974
 134  55.105888  65.907567    68.165    67.648  4 55984.20005341  4.029
 135  55.109480  65.908746    67.730    67.488  4 55994.11568766  2.769
 136  55.105521  65.907747    67.947    67.932  3 56004.03133834  4.598
 137  55.104803  65.905380    68.215    67.969  4 56013.94698715  4.299
 138  55.103352  65.904417    68.154    67.592  4 56023.86263264  6.957
 139  55.103579  65.905860    50.154    56.389  3 56033.77827586  3.073
 140  55.106110  65.908406    23.600    22.271  4 56043.69391715 29.426
 141  55.109186  65.910099    26.816    26.718  3 56053.60955582 40.738
 142  55.108493  65.910218    76.404    75.847  4 56063.52519084 19.796
 143  55.108420  65.908959    75.214    76.937  3 56073.44083302  4.862
 144  55.108071  65.908126    73.539    73.364  4 56083.35648297 18.773
 145  55.108006  65.908375    71.693    71.416  4 56093.27213051  5.132
 146  55.106558  65.909301    69.557    68.571  4 56103.18777572 22.277
 147  55.108461  65.908933    76.953    76.228  3 56113.10340681  7.101
 148  55.105285  65.907779    68.790    67.816  3 56123.01904533  2.743
 149  55.104818  65.905823    74.728    72.780  4 56132.93468021 18.406
 150  55.100252  65.905152    73.687    73.236  4 56142.85031752  2.742
 151  55.105894  65.905456    23.104    23.104  4 56152.76596869 40.951
 152  55.104668  65.907253    24.193    22.907  4 56162.68161765 41.122
 153  55.106852  65.908208    22.209    22.207  3 56172.59726496 44.698
 154  55.106292  65.907670    67.465    67.920  4 56182.51290722 21.403
 155  55.102543  65.906321    69.219    67.513  4 56192.42854547  4.420
 156  55.100230  65.905605    70.249    70.491  4 56202.34418114 23.130
 157  55.103850  65.906676    64.965    61.701  4 56212.25981546  9.398
 158  55.108077  65.908999    69.208    68.007  4 56222.17544786 20.955
 159  55.108430  65.910603    23.189    23.154  3 56232.09110266 43.777
 161  55.107539  65.909350    66.220    66.234  3 56251.92240337 11.215
 162  55.106810  65.908371    23.310    23.317  3 56261.83804689 31.448
 163  55.105390  65.908426    22.983    22.992  4 56271.75368819 30.308
 164  55.107056  65.908707    23.206    23.198  4 56281.66932952 26.445
 165  55.107502  65.908449    27.603    27.658  4 56291.58498169 20.236
 166  55.104781  65.907236    28.102    28.140  4 56301.50062913 19.369
 167  55.103127  65.905642    27.988    27.977  4 56311.41627249 18.730
 168  55.103971  65.904956    28.102    28.160  4 56321.33191387 18.952
 169  55.102088  65.906033    27.995    28.006  4 56331.24755436 19.102
 170  55.105600  65.907317    66.607    66.711  3 56341.16319483  3.999
 171  55.106955  65.908115    68.383    68.168  4 56351.07883286  2.680
 172  55.107436  65.907496    67.671    67.333  4 56360.99447177  3.008
 173  55.104175  65.906404    68.230    67.487  3 56370.91012116  2.778
 174  55.105009  65.906067    67.954    67.600  4 56380.82576825  3.760
 175  55.107285  65.907272    67.943    67.479  4 56390.74141321  3.308
 176  55.107611  65.909018    27.781    27.831  3 56400.65705631 25.839
 177  55.107893  65.910102    63.541    63.463  4 56410.57269674 11.874
 178  55.109588  65.909996    67.793    67.675  4 56420.48833250 15.756
 179  55.109427  65.909429    65.570    65.001  3 56430.40396968  6.178
 180  55.107867  65.908860    73.780    73.165  3 56440.31962267 27.404
 181  55.108185  65.908531    77.228    77.228  2 56450.23527337  8.232
 182  55.105211  65.908370    74.781    74.741  4 56460.15092154 24.280
 184  55.104107  65.906537    23.131    23.090  4 56479.98220793 52.271
 185  55.101348  65.906130    22.190    22.186  4 56489.89784504 50.691
 186  55.104575  65.906291    21.902    21.923  4 56499.81348016 48.736
 187  55.104569  65.907138    21.526    21.544  4 56509.72911362 51.341
 188  55.106593  65.907707    26.230    28.165  3 56519.64475570 30.708
 189  55.104435  65.907756    26.823    28.402  4 56529.56040914 34.816
 190  55.105170  65.907294    68.759    66.977  4 56539.47605882 21.199
 191  55.105392  65.906847    22.206    22.196  4 56549.39170421 41.705
 192  55.106768  65.907218    77.704    79.174  3 56559.30734730  8.203
 193  55.109746  65.908217    75.747    75.747  2 56569.22298959  5.969
 194  55.110119  65.909655    70.078    68.801  3 56579.13863034 16.179
 195  55.108390  65.910334    73.193    70.254  4 56589.05426708 14.273
 196  55.104842  65.910034    75.177    66.816  3 56598.96991104 13.238
 197  55.107418  65.908917    25.716    25.769  3 56608.88556224 41.419
 198  55.105805  65.908927    76.612    72.027  4 56618.80120810 21.986
 199  55.109014  65.908926    23.243    23.242  4 56628.71685114 39.058
 200  55.106932  65.908726    26.636    27.122  3 56638.63249070 23.979
 201  55.105300  65.907450    28.946    29.053  3 56648.54813453 18.467
 202  55.100180  65.906087    70.072    70.072  2 56658.46378562  0.081
 203  55.104833  65.905292    68.036    67.512  4 56668.37943347  2.005
 204  55.103155  65.906534    68.548    68.222  4 56678.29507825  2.716
 205  55.108038  65.907664    67.677    67.107  4 56688.21072225  3.048
 206  55.106412  65.908132    67.710    67.873  3 56698.12636335  1.004
 207  55.103530  65.907604    68.771    68.668  4 56708.04199975  2.681
 208  55.104902  65.906723    68.060    67.950  4 56717.95763727  5.056
 210  55.106925  65.908079    68.866    68.700  4 56737.78893886  3.270
 211  55.110134  65.909677    68.538    68.419  3 56747.70458420  4.217
 212  55.109912  65.910384    68.441    68.155  4 56757.62022477  4.711
 213  55.108405  65.910033    22.739    22.513  4 56767.53585932 36.657
 214  55.107637  65.908918    76.590    75.914  4 56777.45150391  5.927
 215  55.105811  65.908445    25.046    25.047  4 56787.36715991 35.551
 216  55.105989  65.908656    70.384    68.173  4 56797.28281254 13.607
 217  55.108115  65.908939    77.549    77.436  4 56807.19846013 27.111
 218  55.106900  65.908396    75.183    74.933  3 56817.11410130 19.247
 219  55.104943  65.906975    75.493    75.201  3 56827.02973892 21.798
 220  55.102228  65.905649    71.870    71.878  4 56836.94537313 25.468
 221  55.101436  65.905940    73.903    71.263  4 56846.86100444 20.963
 222  55.102535  65.907104    74.853    74.853  2 56856.77665484  8.567
 223  55.106412  65.908376    24.071    22.822  4 56866.69230854 43.868
 224  55.106258  65.908457    24.594    23.518  4 56876.60796055 35.991
 225  55.105861  65.907512    26.697    28.269  3 56886.52360945 31.630
 226  55.103806  65.906400    77.038    78.126  4 56896.43925545  9.579
 227  55.105020  65.906609    68.048    63.225  3 56906.35489881  5.029
 228  55.108373  65.908233    69.811    68.939  4 56916.27054015 10.752
 229  55.108590  65.910365    71.769    73.143  4 56926.18617930  9.667
 230  55.111160  65.911113    70.662    70.972  4 56936.10181537 14.334
 231  55.108468  65.910465    23.251    23.286  3 56946.01744570 45.255
 232  55.107339  65.908513    26.921    28.039  4 56955.93309813 34.228
 233  55.103447  65.907702    23.077    23.091  4 56965.84874693 36.773
 234  55.105577  65.908317    23.455    23.453  4 56975.76439185 35.743
 235  55.107075  65.909464    76.952    77.172  4 56985.68003220  1.698
 236  55.107278  65.909368    93.972    94.236  4 56995.59566698  0.998
 237  55.107242  65.907425    76.664    76.876  4 57005.51130929  1.803
 238  55.101443  65.905419    70.822    70.904  4 57015.42696380  9.623
 239  55.102890  65.904958    67.797    67.611  4 57025.34261466  3.655
 240  55.105856  65.906753    68.266    68.121  4 57035.25826344  1.953
 241  55.105333  65.908828    28.317    28.152  4 57045.17390936 20.663
 242  55.107689  65.909164    68.587    68.324  3 57055.08955251  3.454
 243  55.104348  65.908009    68.973    68.761  4 57065.00519024  2.309
 244  55.103855  65.907074    68.793    68.681  4 57074.92082351  3.380
 245  55.104844  65.907675    68.770    68.183  4 57084.83645359  6.326
 246  55.109427  65.909379    68.318    68.083  3 57094.75210782  8.537
 247  55.109747  65.911087    68.589    68.458  4 57104.66776434  7.928
 248  55.109662  65.911376    68.570    68.175  3 57114.58341657  7.246
 249  55.109097  65.909867    23.808    22.051  4 57124.49906263 20.240
 250  55.106153  65.908210    68.233    67.585  3 57134.41470318  1.600
 251  55.105582  65.907522    26.333    27.525  4 57144.33033950 24.017
 252  55.105784  65.908383    72.688    75.104  4 57154.24597326 17.437
 253  55.107833  65.909323    79.276    79.259  4 57164.16161038 24.989
 254  55.107903  65.909117    79.966    79.844  3 57174.07726724 26.317
 255  55.106060  65.907521    82.337    81.162  4 57183.99292059  9.264
 256  55.105112  65.905575    71.171    71.216  4 57193.90857009 27.091
 257  55.104952  65.905054    80.897    79.219  4 57203.82421730  4.668
 258  55.102986  65.906656    23.272    23.269  4 57213.73985101 50.844
 259  55.107543  65.908494    25.415    23.653  3 57223.65549517 36.533
 260  55.107046  65.909429    27.461    29.044  3 57233.57113716 32.334
 261  55.107329  65.908723    71.554    71.623  3 57243.48677627 27.484
 262  55.105833  65.907663    70.411    70.340  4 57253.40241270 13.269
 263  55.104449  65.908032    69.849    68.236  4 57263.31804762 12.370
 264  55.107922  65.909692    23.310    23.302  3 57273.23368531 42.559
 265  55.109447  65.911234    73.357    74.797  4 57283.14934280  7.163
 266  55.111004  65.911243    71.134    73.171  3 57293.06499769 14.435
 267  55.109103  65.909742    71.313    70.400  4 57302.98064885 13.585
 268  55.104784  65.907918    81.346    86.935  3 57312.89629596 19.861
 269  55.105486  65.906895    22.624    22.432  3 57322.81194025 43.652
 270  55.106328  65.907367    62.197    68.268  3 57332.72758243 16.975
 271  55.104961  65.908600    99.447   107.346  3 57342.64322239  9.572
 272  55.104240  65.908399    93.544    93.544  2 57352.55887460  0.981
 273  55.104191  65.907207    68.984    68.283  4 57362.47451887  1.057
 274  55.103385  65.905717    68.359    68.301  3 57372.39015981  1.214
 275  55.104272  65.905617    67.979    67.897  4 57382.30579901  2.274
 276  55.104318  65.907019    24.533    24.496  4 57392.22143759 24.388
 277  55.108420  65.908620    68.149    67.940  4 57402.13707559  1.097
 278  55.107649  65.909402    67.845    67.535  3 57412.05271829  4.629
 279  55.108639  65.908722    67.969    67.866  4 57421.96837025  3.858
 280  55.105986  65.908283    68.270    68.282  3 57431.88401918  4.744
 281  55.107863  65.908508    68.351    67.894  4 57441.79966661  4.933
 282  55.107906  65.909695    68.124    68.096  3 57451.71531305  4.634
 283  55.110098  65.910489    68.312    68.152  4 57461.63095811  7.154
 284  55.108305  65.910478    68.403    68.034  3 57471.54659937  6.991
 285  55.109240  65.909366    21.834    21.858  3 57481.46223697 20.253
 286  55.105687  65.908326    27.852    27.773  4 57491.37787113 23.559
 287  55.107381  65.907932    26.848    27.460  4 57501.29350371 26.600
 288  55.105549  65.908168    77.261    77.225  4 57511.20915160 27.276
 289  55.105947  65.908206    67.175    67.131  3 57521.12480714  7.304
 291  55.105928  65.906943    74.116    75.590  4 57540.95610985  3.540
 292  55.106806  65.906070    69.857    70.082  4 57550.87175678 20.718
 293  55.104183  65.906258    26.409    26.470  3 57560.78740192 52.072
 294  55.105445  65.907162    24.122    24.150  3 57570.70304692 52.437
 295  55.105744  65.908215    26.948    28.140  3 57580.61869164 30.433
 296  55.107073  65.908704    26.821    27.943  3 57590.53433476 32.579
 297  55.107196  65.908666    27.146    28.988  3 57600.44997504 30.350
