-127613.731    28.686     0.00    4.58
-127327.304    28.262    -1.48    4.81
-127040.870    27.564    -2.44    4.74
-126754.429    26.684    -3.07    4.72
-126467.981    24.944    -6.08    4.46
-126181.527    23.072    -6.54    4.50
-125895.066    21.036    -7.11    4.48
-125608.598    19.470    -5.47    4.24
-125322.124    18.364    -3.86    3.49
-125035.643    17.338    -3.58    2.87
-124749.155    17.198    -0.49    2.78
-124462.660    17.527     1.15    2.59
-124176.159    17.820     1.02    2.56
-123889.651    17.899     0.28    2.71
-123603.136    17.736    -0.57    2.72
-123316.615    17.396    -1.19    2.78
-123030.087    17.158    -0.83    2.76
-122743.552    16.633    -1.83    2.80
-122457.010    16.734     0.35    2.95
-122170.462    17.058     1.13    3.48
-121883.907    17.186     0.45    3.69
-121597.345    17.259     0.25    3.90
-121310.777    18.058     2.79    4.18
-121024.202    18.864     2.81    3.84
-120737.620    19.532     2.33    3.43
-120451.031    19.994     1.61    3.36
-120164.436    20.617     2.18    3.46
-119877.834    21.412     2.77    3.53
-119591.225    22.115     2.45    3.44
-119304.609    22.894     2.72    3.73
-119017.987    23.611     2.50    3.70
-118731.358    24.369     2.64    3.87
-118444.722    24.928     1.95    3.58
-118158.080    25.388     1.61    3.07
-117871.431    25.507     0.41    2.60
-117584.775    26.072     1.97    2.36
-117298.112    26.506     1.52    2.43
-117011.443    26.818     1.09    2.14
-116724.767    26.860     0.15    1.99
-116438.084    26.789    -0.25    2.04
-116151.395    26.789     0.00    2.14
-115864.699    26.836     0.16    2.21
-115577.996    26.839     0.01    2.28
-115291.286    26.757    -0.29    2.26
-115004.569    27.008     0.88    2.63
-114717.846    27.474     1.63    3.44
-114431.116    28.277     2.80    4.60
-114144.380    29.676     4.88    5.48
-113857.636    30.610     3.26    5.48
-113570.886    31.750     3.98    4.99
-113284.129    32.964     4.23    4.66
-112997.366    33.431     1.63    4.60
-112710.596    33.156    -0.96    4.86
-112423.818    32.264    -3.11    4.43
-112137.035    30.905    -4.74    3.75
-111850.244    29.760    -3.99    3.73
-111563.447    28.318    -5.03    3.04
-111276.643    27.142    -4.10    2.80
-110989.832    25.905    -4.31    3.44
-110703.015    24.499    -4.90    3.55
-110416.190    22.589    -6.66    3.93
-110129.359    21.231    -4.73    4.14
-109842.522    20.352    -3.06    4.12
-109555.677    19.686    -2.32    4.08
-109268.826    19.086    -2.09    4.15
-108981.968    18.228    -2.99    3.89
-108695.103    17.269    -3.34    4.06
-108408.232    16.276    -3.46    4.50
-108121.353    15.142    -3.95    5.33
-107834.469    12.949    -7.64    6.66
-107547.577    10.506    -8.51    7.27
-107260.678     7.297   -11.19    7.35
-106973.773     4.480    -9.82    6.97
-106686.861     2.238    -7.81    6.11
-106399.942     0.510    -6.02    4.89
-106113.017    -0.147    -2.29    4.33
-105826.085    -0.991    -2.94    3.07
-105539.146    -1.523    -1.85    1.87
-105252.200    -1.617    -0.33    1.85
-104965.248    -1.721    -0.36    1.84
-104678.288    -1.900    -0.62    1.84
-104391.322    -2.071    -0.60    1.90
-104104.350    -1.541     1.85    3.21
-103817.370    -1.165     1.31    3.54
-103530.384    -0.872     1.02    3.53
-103243.391    -0.677     0.68    3.33
-102956.391    -0.583     0.32    3.23
-102669.384    -0.611    -0.10    3.02
-102382.371    -0.713    -0.35    2.88
-102095.351    -1.467    -2.63    0.94
-101808.324    -1.602    -0.47    1.02
-101521.291    -1.593     0.03    1.04
-101234.250    -1.569     0.08    1.05
-100947.203    -1.504     0.23    1.08
-100660.149    -1.509    -0.02    1.08
-100373.089    -1.626    -0.41    0.94
-100086.021    -1.698    -0.25    0.59
 -99798.947    -1.677     0.08    0.61
 -99511.866    -1.663     0.05    0.62
 -99224.779    -1.607     0.20    0.68
 -98937.684    -1.497     0.38    0.88
 -98650.583    -1.347     0.52    1.17
 -98363.475    -1.285     0.22    1.21
 -98076.360    -1.077     0.72    1.33
 -97789.238    -0.834     0.85    1.70
 -97502.110    -0.757     0.27    1.83
 -97214.975    -0.872    -0.40    1.82
 -96927.833    -1.108    -0.82    1.61
 -96640.685    -1.007     0.35    1.47
 -96353.812    -0.768     0.83    1.62
 -96068.022    -0.570     0.69    1.87
 -95782.226    -0.173     1.39    1.93
 -95496.424     0.303     1.67    2.02
 -95210.616     0.853     1.92    2.18
 -94924.802     1.616     2.67    2.69
 -94638.982     2.558     3.29    2.93
 -94353.156     3.586     3.60    2.96
 -94067.325     4.107     1.82    2.79
 -93781.487     4.276     0.59    2.59
 -93495.643     4.214    -0.21    2.72
 -93209.794     4.477     0.92    2.97
 -92923.938     3.934    -1.90    3.02
 -92638.077     3.079    -2.99    2.93
 -92352.209     2.386    -2.42    2.97
 -92066.336     1.928    -1.60    3.00
 -91780.457     1.789    -0.49    3.04
 -91494.571     1.905     0.41    3.25
 -91208.680     2.595     2.42    4.52
 -90922.783     3.259     2.32    5.36
 -90636.880     3.345     0.30    5.38
 -90350.971     3.818     1.65    5.41
 -90065.056     3.568    -0.87    5.24
 -89779.135     2.994    -2.01    4.97
 -89493.208     2.702    -1.02    4.20
 -89207.275     2.688    -0.05    3.44
 -88921.336     2.625    -0.22    3.34
 -88635.391     2.330    -1.03    3.26
 -88349.441     2.640     1.08    3.48
 -88063.484     3.129     1.71    3.40
 -87777.521     4.023     3.13    3.68
 -87491.553     4.725     2.45    3.62
 -87205.578     5.514     2.76    3.47
 -86919.597     6.586     3.75    2.91
 -86633.611     7.183     2.09    2.94
 -86347.618     7.897     2.50    3.49
 -86061.620     8.750     2.98    3.88
 -85775.616     9.782     3.61    4.54
 -85489.605    10.748     3.38    4.62
 -85203.589    11.199     1.58    4.64
 -84917.567    11.290     0.32    4.54
 -84631.538    11.007    -0.99    4.30
 -84345.504    10.769    -0.83    4.20
 -84059.464    10.885     0.41    3.92
 -83773.418    11.262     1.32    4.17
 -83487.366    11.919     2.30    4.45
 -83201.307    13.202     4.48    4.96
 -82915.243    14.470     4.43    4.95
 -82629.173    15.285     2.85    4.63
 -82343.097    15.695     1.43    4.37
 -82057.015    16.064     1.29    4.14
 -81770.928    16.121     0.20    3.79
 -81484.834    16.107    -0.05    3.19
 -81198.734    16.200     0.33    2.51
 -80912.628    16.905     2.46    2.82
 -80626.516    17.916     3.53    3.17
 -80340.398    18.729     2.84    3.32
 -80054.275    19.435     2.47    3.25
 -79768.145    20.114     2.37    3.51
 -79482.009    20.906     2.77    4.16
 -79195.867    21.595     2.41    4.43
 -78909.720    22.541     3.30    4.57
 -78623.566    23.934     4.87    4.62
 -78337.407    25.733     6.29    5.20
 -78051.241    27.440     5.96    6.83
 -77765.070    29.438     6.98    7.19
 -77478.892    32.441    10.49    6.81
 -77192.709    34.876     8.51    6.47
 -76906.519    36.859     6.93    5.19
 -76620.324    38.029     4.09    4.74
 -76334.122    38.700     2.34    4.57
 -76047.915    39.393     2.42    4.62
 -75761.701    40.086     2.42    4.92
 -75475.482    40.509     1.48    5.70
 -75189.257    40.891     1.33    6.56
 -74903.025    41.448     1.95    7.03
 -74616.788    42.789     4.68    7.20
 -74330.545    44.466     5.86    7.53
 -74044.295    46.572     7.36    7.43
 -73758.040    49.266     9.41    7.62
 -73471.779    52.151    10.08    7.37
 -73185.512    54.568     8.44    6.62
 -72899.239    56.568     6.99    6.10
 -72612.959    58.035     5.13    6.45
 -72326.674    60.303     7.92    7.33
 -72040.383    63.536    11.29    9.08
 -71754.086    67.883    15.18   10.94
 -71467.783    73.086    18.17   12.62
 -71181.474    78.907    20.33   13.58
 -70895.159    85.646    23.54   13.91
 -70608.837    92.195    22.87   13.95
 -70322.510    99.435    25.29   13.66
 -70036.177   105.151    19.96   12.75
 -69749.838   109.942    16.73   11.15
 -69463.493   113.496    12.41    8.33
 -69177.142   115.470     6.89    5.52
 -68890.785   115.323    -0.51    4.57
 -68604.422   113.593    -6.04    5.43
 -68318.053   110.849    -9.58    6.39
 -68031.678   107.306   -12.37    6.79
 -67745.297   103.702   -12.58    6.70
 -67458.910   100.202   -12.22    6.54
 -67172.517    97.191   -10.51    6.10
 -66886.118    94.529    -9.29    4.90
 -66599.713    92.572    -6.84    4.23
 -66313.302    91.086    -5.19    3.85
 -66026.885    90.008    -3.76    3.62
 -65740.462    89.250    -2.65    3.74
 -65454.033    88.795    -1.59    3.65
 -65167.598    88.477    -1.11    3.66
 -64881.157    87.985    -1.72    3.80
 -64594.710    87.678    -1.07    4.13
 -64308.258    86.855    -2.88    4.31
 -64021.799    85.942    -3.19    4.30
 -63735.334    85.741    -0.70    4.46
 -63448.863    85.620    -0.42    4.73
 -63162.386    86.043     1.48    5.10
 -62875.903    86.992     3.31    5.19
 -62589.414    87.963     3.39    5.23
 -62302.919    88.924     3.35    5.27
 -62016.418    90.100     4.10    4.89
 -61729.911    91.050     3.32    4.39
 -61443.398    91.666     2.15    4.93
 -61156.879    91.811     0.51    6.02
 -60870.354    91.565    -0.86    6.63
 -60583.823    91.540    -0.09    6.62
 -60297.286    91.108    -1.51    6.18
 -60010.743    90.467    -2.24    5.65
 -59724.194    89.065    -4.89    5.36
 -59437.639    87.512    -5.42    5.09
 -59151.078    85.180    -8.14    5.18
 -58864.511    83.115    -7.21    5.66
 -58577.938    79.912   -11.18    6.82
 -58291.359    76.786   -10.91    7.85
 -58004.774    73.180   -12.58    8.73
 -57718.183    69.992   -11.13    8.00
 -57431.586    67.917    -7.24    6.63
 -57144.983    66.708    -4.22    5.93
 -56858.374    67.440     2.56    6.53
 -56571.759    68.885     5.04    7.26
 -56285.138    71.142     7.88    7.49
 -55998.510    73.530     8.33    6.94
 -55711.877    75.853     8.10    6.49
 -55425.238    77.832     6.90    6.56
 -55138.593    80.395     8.94    6.57
 -54851.942    82.770     8.28    5.57
 -54565.285    84.281     5.27    4.53
 -54278.621    84.316     0.12    5.03
 -53991.952    82.879    -5.01    6.62
 -53705.277    81.176    -5.94    7.29
 -53418.596    79.050    -7.42    7.81
 -53131.908    77.115    -6.75    8.30
 -52845.215    76.311    -2.80    8.66
 -52558.516    76.297    -0.05    9.55
 -52271.810    77.346     3.66   10.16
 -51985.099    79.178     6.39   10.00
 -51698.382    81.257     7.25    9.31
 -51411.658    82.529     4.44    9.30
 -51124.929    83.085     1.94    9.87
 -50838.193    83.036    -0.17    9.62
 -50551.452    81.977    -3.69    9.56
 -50264.704    79.424    -8.90   10.63
 -49977.951    75.425   -13.94   11.42
 -49691.191    71.309   -14.35   11.76
 -49404.426    66.359   -17.26   10.99
 -49117.654    62.136   -14.73    9.43
 -48830.877    58.246   -13.56    8.89
 -48544.093    56.023    -7.75    9.09
 -48257.303    53.841    -7.61    9.49
 -47970.508    51.767    -7.23   10.90
 -47683.706    47.593   -14.56   13.56
 -47396.898    42.818   -16.65   14.43
 -47110.085    38.229   -16.00   13.97
 -46823.265    34.086   -14.44   13.25
 -46536.439    30.253   -13.36   11.16
 -46249.607    28.016    -7.80    8.98
 -45962.769    26.888    -3.93    7.45
 -45675.925    27.331     1.54    8.33
 -45389.075    28.764     5.00   10.10
 -45102.219    31.568     9.77   12.64
 -44815.357    32.757     4.14   12.76
 -44528.489    34.832     7.24   12.34
 -44241.615    37.050     7.73   12.39
 -43954.735    40.440    11.82   12.61
 -43667.849    43.491    10.64   12.69
 -43380.957    47.813    15.06   12.40
 -43094.059    51.469    12.74   11.91
 -42807.154    54.085     9.12   11.57
 -42520.244    54.433     1.21   12.97
 -42233.328    52.992    -5.02   14.20
 -41946.405    50.237    -9.60   14.70
 -41659.477    48.128    -7.35   14.52
 -41372.543    46.079    -7.14   13.39
 -41085.602    46.283     0.71   11.78
 -40798.656    47.843     5.44   10.46
 -40511.703    49.618     6.18    9.64
 -40224.744    52.072     8.55    8.29
 -39937.780    54.470     8.36    7.78
 -39650.809    56.586     7.37    6.46
 -39363.832    57.818     4.29    5.59
 -39076.850    58.833     3.54    4.58
 -38789.861    58.855     0.07    4.11
 -38502.866    57.755    -3.83    5.28
 -38215.865    55.719    -7.09    6.67
 -37928.858    53.358    -8.23    6.78
 -37641.845    51.358    -6.97    6.19
 -37354.826    50.486    -3.04    5.68
 -37067.801    50.733     0.86    5.92
 -36780.770    52.533     6.27    6.95
 -36493.733    55.234     9.41    6.16
 -36206.690    57.419     7.61    4.65
 -35919.640    58.700     4.46    3.53
 -35632.585    59.150     1.57    3.34
 -35345.524    58.862    -1.00    3.89
 -35058.456    58.051    -2.83    4.17
 -34771.383    57.100    -3.31    3.83
 -34484.638    56.273    -2.88    3.90
 -34198.772    55.174    -3.84    4.13
 -33912.902    53.908    -4.43    4.08
 -33627.026    53.316    -2.07    4.01
 -33341.145    52.636    -2.38    4.14
 -33055.258    52.043    -2.07    4.14
 -32769.367    52.195     0.53    4.14
 -32483.470    52.523     1.15    3.73
 -32197.567    52.906     1.34    3.07
 -31911.660    52.772    -0.47    2.58
 -31625.747    52.774     0.01    2.56
 -31339.830    52.677    -0.34    2.63
 -31053.906    52.870     0.67    2.72
 -30767.978    53.064     0.68    2.96
 -30482.044    52.934    -0.46    3.11
 -30196.106    52.501    -1.51    3.48
 -29910.161    52.253    -0.87    4.06
 -29624.212    51.262    -3.47    5.33
 -29338.257    48.440    -9.87    8.43
 -29052.298    43.805   -16.21   11.84
 -28766.332    38.169   -19.71   13.29
 -28480.362    34.092   -14.26   13.22
 -28194.386    29.846   -14.85   11.64
 -27908.406    27.115    -9.55    8.99
 -27622.419    25.086    -7.09    6.59
 -27336.428    25.547     1.61    5.78
 -27050.432    27.242     5.92    6.59
 -26764.430    29.558     8.10    8.16
 -26478.423    32.532    10.40    9.60
 -26192.410    35.338     9.81   10.49
 -25906.393    37.750     8.43   10.04
 -25620.370    39.995     7.85    9.10
 -25334.342    41.993     6.99    8.19
 -25048.308    41.350    -2.25    9.14
 -24762.269    39.008    -8.19   10.99
 -24476.226    35.823   -11.13   12.43
 -24190.176    31.719   -14.35   13.21
 -23904.122    27.336   -15.32   12.71
 -23618.062    23.476   -13.49   11.09
 -23331.997    19.952   -12.32    8.38
 -23045.927    18.128    -6.38    6.46
 -22759.852    17.884    -0.85    6.76
 -22473.771    18.805     3.22    8.14
 -22187.685    21.028     7.77    9.76
 -21901.594    24.197    11.07   11.17
 -21615.498    27.311    10.89   11.02
 -21329.396    30.599    11.49    9.94
 -21043.289    33.238     9.22    9.18
 -20757.177    34.992     6.13    8.16
 -20471.059    36.440     5.06    6.90
 -20184.936    37.160     2.52    6.01
 -19898.808    37.311     0.53    5.88
 -19612.675    35.979    -4.65    6.88
 -19326.537    33.798    -7.62    7.39
 -19040.393    31.344    -8.58    7.49
 -18754.244    29.386    -6.84    6.99
 -18468.089    28.384    -3.50    6.25
 -18181.930    28.651     0.94    5.91
 -17895.765    29.114     1.62    5.76
 -17609.595    29.579     1.62    6.10
 -17323.419    29.994     1.45    6.23
 -17037.239    29.822    -0.60    5.55
 -16751.053    29.450    -1.30    5.34
 -16464.862    28.839    -2.13    4.96
 -16178.665    28.239    -2.10    4.75
 -15892.463    27.372    -3.03    4.43
 -15606.256    26.985    -1.35    4.34
 -15320.044    26.273    -2.49    4.85
 -15033.827    26.079    -0.68    6.59
 -14747.604    26.058    -0.07    7.67
 -14461.376    26.100     0.15    8.43
 -14175.143    26.702     2.10    8.32
 -13888.904    26.963     0.91    8.46
 -13602.660    28.100     3.97    8.12
 -13316.411    29.229     3.95    7.99
 -13030.157    29.903     2.35    8.30
 -12743.897    29.464    -1.53    9.05
 -12457.632    28.331    -3.96    8.99
 -12171.362    27.582    -2.61    8.57
 -11885.086    26.585    -3.48    7.05
 -11598.806    26.050    -1.87    6.03
 -11312.520    27.300     4.37    6.54
 -11026.228    29.165     6.51    7.21
 -10739.932    31.950     9.73    7.20
 -10453.630    35.086    10.95    6.58
 -10167.323    38.829    13.07    5.40
  -9881.010    41.350     8.81    4.55
  -9594.693    42.689     4.67    4.09
  -9308.370    43.100     1.44    3.67
  -9022.042    42.558    -1.89    4.28
  -8735.708    41.057    -5.24    5.70
  -8449.369    38.443    -9.13    7.08
  -8163.025    35.400   -10.63    6.85
  -7876.676    33.339    -7.20    5.68
  -7590.321    32.210    -3.94    4.58
  -7303.962    32.601     1.36    4.98
  -7017.596    34.188     5.54    5.91
  -6731.226    36.926     9.56    6.66
  -6444.850    39.332     8.40    6.43
  -6158.469    40.729     4.88    5.87
  -5872.083    42.157     4.99    5.01
  -5585.692    43.287     3.95    4.07
  -5299.295    43.974     2.40    3.90
  -5012.893    44.204     0.80    3.96
  -4726.485    43.614    -2.06    4.09
  -4440.073    43.157    -1.59    4.21
  -4153.655    42.936    -0.77    4.22
  -3867.231    43.519     2.04    4.22
  -3580.803    43.972     1.58    4.29
  -3294.369    44.137     0.57    4.15
  -3007.930    44.525     1.35    4.18
  -2721.486    45.540     3.54    4.38
  -2435.036    47.036     5.23    4.15
  -2148.581    47.849     2.84    4.36
  -1862.121    48.136     1.00    5.06
  -1575.655    47.284    -2.97    6.52
  -1289.185    43.708   -12.48   12.56
  -1002.709    37.127   -22.97   18.34
   -716.227    28.252   -30.98   21.10
   -429.741    20.180   -28.18   20.67
   -143.249    12.064   -28.33   17.33
    143.249     6.044   -21.01   12.75
    429.751     2.251   -13.24    7.51
    716.259     0.410    -6.43    2.37
   1002.772     0.361    -0.17    1.78
   1289.290     0.690     1.15    1.96
   1575.814     0.981     1.02    2.06
   1862.343     1.419     1.53    2.16
   2148.877     1.813     1.38    2.32
   2435.417     2.779     3.37    3.16
   2721.962     3.597     2.85    3.51
   3008.512     3.701     0.36    3.48
   3295.067     4.197     1.73    3.51
   3581.628     4.472     0.96    3.33
   3868.194     4.979     1.77    3.23
   4154.765     5.398     1.46    3.37
   4441.342     5.667     0.94    3.61
   4727.923     6.232     1.97    3.64
   5014.511     6.186    -0.16    3.63
   5301.103     6.215     0.10    3.62
   5587.701     6.360     0.51    3.41
   5874.304     6.659     1.04    3.23
   6160.912     6.512    -0.51    3.03
   6447.526     5.727    -2.74    2.70
   6734.145     5.171    -1.94    2.39
   7020.769     4.926    -0.86    2.15
   7307.398     4.880    -0.16    2.08
   7594.033     4.652    -0.79    2.06
   7880.673     4.443    -0.73    1.69
   8167.319     4.741     1.04    1.85
   8453.970     5.299     1.95    2.16
   8740.626     6.235     3.26    2.60
   9027.287     7.023     2.75    2.65
   9313.953     7.805     2.73    2.75
   9600.625     8.172     1.28    2.96
   9887.303     8.044    -0.45    3.31
  10173.985     7.827    -0.76    3.45
  10460.673     7.256    -1.99    3.41
  10747.366     6.486    -2.69    3.51
  11034.064     5.618    -3.03    3.49
  11320.768     4.582    -3.61    3.08
  11607.477     3.988    -2.07    3.15
  11894.191     2.985    -3.50    2.93
  12180.911     2.193    -2.76    2.54
  12467.636     1.797    -1.38    2.60
  12754.366     1.904     0.37    2.67
  13041.102     1.974     0.24    2.76
  13327.843     2.000     0.09    2.84
  13614.589     2.122     0.43    2.85
  13901.340     2.176     0.19    2.71
  14188.097     2.079    -0.34    2.53
  14474.859     2.135     0.20    2.60
  14761.626     2.667     1.86    2.86
  15048.399     3.286     2.16    3.07
  15335.177     4.162     3.05    3.18
  15621.960     4.869     2.47    3.57
  15908.749     5.811     3.29    4.08
  16195.543     7.022     4.22    4.11
  16482.342     7.857     2.91    4.21
  16769.147     8.044     0.65    4.32
  17055.957     8.391     1.21    4.25
  17342.772     8.438     0.16    3.82
  17629.592     8.611     0.60    3.42
  17916.418     8.874     0.92    3.53
  18203.249     9.255     1.33    3.52
  18490.085     9.913     2.29    3.39
  18776.927    10.381     1.63    3.33
  19063.774    10.608     0.79    3.53
  19350.626    10.834     0.79    3.56
  19637.484    11.373     1.88    3.51
  19924.347    11.799     1.48    3.68
  20211.215    11.748    -0.18    3.47
  20498.089    12.187     1.53    3.09
  20784.968    12.565     1.32    3.00
  21071.852    13.127     1.96    3.09
  21358.742    13.351     0.78    3.09
  21645.636    13.476     0.43    3.10
  21932.537    13.750     0.96    3.23
  22219.442    14.065     1.10    3.29
  22506.353    14.184     0.42    3.32
  22793.269    14.277     0.32    3.48
  23080.190    14.379     0.35    3.74
  23367.117    14.669     1.01    3.88
  23654.049    14.811     0.50    3.71
  23940.987    14.575    -0.82    3.73
  24227.929    14.309    -0.93    3.74
  24514.877    14.320     0.04    3.78
  24801.831    14.242    -0.27    3.67
  25088.789    13.891    -1.22    3.61
  25375.753    13.495    -1.38    3.73
  25662.723    13.329    -0.58    3.68
  25949.697    13.157    -0.60    3.32
  26236.677    12.736    -1.47    3.15
  26523.663    12.361    -1.31    3.26
  26810.653    12.134    -0.79    3.38
  27097.649    12.007    -0.44    3.42
  27384.287    11.841    -0.58    3.50
  27670.230    11.540    -1.05    3.56
  27956.176    11.507    -0.12    3.55
  28242.128    11.520     0.05    3.63
  28528.084    11.108    -1.44    3.64
  28814.044    10.586    -1.82    3.76
  29100.009    10.000    -2.05    3.84
  29385.979     8.747    -4.38    4.65
  29671.953     7.439    -4.58    5.21
  29957.932     6.134    -4.56    5.38
  30243.915     4.597    -5.37    5.53
  30529.903     3.496    -3.85    5.74
  30815.895     2.396    -3.85    5.90
  31101.892     1.180    -4.25    5.68
  31387.893     0.416    -2.67    5.14
  31673.899    -0.300    -2.50    4.49
  31959.910    -0.507    -0.72    4.09
  32245.925    -0.671    -0.57    3.54
  32531.944    -0.790    -0.41    2.87
  32817.968    -0.602     0.66    2.55
  33103.997    -0.210     1.37    2.75
  33390.030     0.256     1.63    2.93
  33676.068     0.674     1.46    2.94
  33962.110     1.206     1.86    2.84
  34248.157     1.816     2.13    2.83
  34534.208     2.143     1.14    2.67
  34820.264     2.135    -0.02    2.62
  35106.324     2.318     0.64    2.75
  35392.389     2.745     1.49    2.96
  35678.459     3.480     2.57    3.27
  35964.533     4.232     2.63    3.49
  36250.611     5.121     3.10    3.81
  36536.695     6.164     3.65    3.89
  36822.782     7.293     3.94    3.62
  37108.874     8.079     2.75    3.63
  37394.971     8.267     0.66    3.79
  37681.073     8.440     0.60    3.79
  37967.178     8.748     1.08    3.81
  38253.289     8.859     0.39    3.75
  38539.404     8.733    -0.44    3.62
  38825.523     8.981     0.87    3.06
  39111.647     9.496     1.80    2.85
  39397.776     9.655     0.55    2.69
  39683.909     9.482    -0.61    2.73
  39970.047     9.467    -0.05    2.69
  40256.189     9.518     0.18    2.75
  40542.336     9.010    -1.77    3.19
  40828.487     8.296    -2.49    3.57
  41114.643     7.030    -4.42    3.83
  41400.803     5.934    -3.83    3.87
  41686.968     4.934    -3.49    3.77
  41973.138     3.898    -3.62    3.54
  42259.312     2.942    -3.34    3.31
  42545.491     2.489    -1.58    3.13
  42831.674     2.144    -1.21    2.85
  43117.862     2.100    -0.15    2.64
  43404.054     1.893    -0.72    2.40
  43690.251     1.509    -1.34    2.39
  43976.452     1.202    -1.07    2.38
  44262.658     0.939    -0.92    2.35
  44548.869     0.705    -0.82    2.36
  44835.084     0.894     0.66    2.74
  45121.303     1.487     2.07    3.54
  45407.528     2.309     2.87    4.24
  45693.756     3.218     3.18    5.09
  45979.990     4.522     4.56    5.57
  46266.227     5.793     4.44    5.53
  46552.470     6.964     4.09    5.25
  46838.717     8.231     4.43    4.94
  47124.968     9.218     3.45    4.58
  47411.224    10.086     3.03    4.14
  47697.485    10.743     2.30    3.55
  47983.750    11.159     1.45    3.24
  48270.020    11.490     1.16    3.02
  48556.294    11.572     0.28    2.99
  48842.573    11.760     0.66    2.88
  49128.856    11.838     0.27    2.59
  49415.144    11.894     0.20    2.52
  49701.437    11.866    -0.10    2.38
  49987.734    12.044     0.62    2.34
  50274.036    12.316     0.95    2.72
  50560.342    12.386     0.24    2.98
  50846.653    12.586     0.70    3.14
  51132.968    12.743     0.55    3.20
  51419.288    13.107     1.27    3.16
  51705.612    13.410     1.06    3.17
  51991.941    13.796     1.35    3.24
  52278.275    13.903     0.37    3.34
  52564.613    13.930     0.09    3.45
  52850.955    14.043     0.39    3.66
  53137.303    13.794    -0.87    4.30
  53423.655    13.592    -0.70    4.78
  53710.011    13.169    -1.48    5.37
  53996.372    12.180    -3.46    5.40
  54282.737    11.414    -2.67    5.76
  54569.107    11.050    -1.27    5.76
  54855.482    11.284     0.82    6.05
  55141.861    12.398     3.89    6.68
  55428.245    13.245     2.96    7.10
  55714.633    14.289     3.64    7.01
  56001.026    14.564     0.96    6.67
  56287.423    14.160    -1.41    6.15
  56573.825    13.629    -1.85    5.35
  56860.232    13.106    -1.83    4.75
  57146.643    12.762    -1.20    4.26
  57433.059    12.957     0.68    4.59
  57719.479    13.261     1.06    4.87
  58005.904    14.064     2.80    4.98
  58292.333    14.738     2.36    5.08
  58578.767    15.299     1.96    5.12
