# NaN NaN NaN ;Mean Elev.(m), Avg Gradient(m/km), RMS Gradient(m/km) - SRTM1     
#   19.978  -3.716   7.888 ;Mean Elev.(m), Avg Gradient(m/km), RMS Gradient(m/km) - ASTER GDEM
#   30.631  -0.552   7.609 ;Mean Elev.(m), Avg Gradient(m/km), RMS Gradient(m/km) - GMTED2010 
   1  55.176703  66.119037    24.027    23.779  3 54667.37043560 38.766
   2  55.176466  66.119971    28.105    28.105  2 54677.28608003 27.182
   3  55.175858  66.121699     2.503     2.503  2 54687.20172311  7.610
   4  55.178115  66.122811    76.629    76.629  2 54697.11736466  7.940
   5  55.175452  66.121861     8.407     8.407  2 54707.03300538 11.720
   6  55.178297  66.119565    72.687    72.687  2 54716.94865764  4.696
   7  55.176901  66.117154     6.477     6.477  2 54726.86430700 25.079
   8  55.176741  66.116614    73.608    73.151  3 54736.77995480 17.600
   9  55.178151  66.118068    28.456    28.456  2 54746.69560225 23.806
  10  55.175161  66.119585    25.545    25.545  2 54756.61124888 39.232
  11  55.176832  66.119611    28.432    28.407  3 54766.52689414 24.115
  12  55.176679  66.117723    27.201    27.041  3 54776.44253608 37.182
  13  55.176023  66.115843    26.573    27.679  3 54786.35817555 29.091
  14  55.176770  66.115749    23.834    23.834  2 54796.27381394 38.465
  15  55.174529  66.117633    24.772    24.772  2 54806.18945164 31.507
  16  55.175594  66.119524    27.875    27.875  2 54816.10508904 25.309
  17  55.175709  66.120320    27.847    27.847  2 54826.02073662 20.203
  19  55.176880  66.119763    75.135    75.135  2 54845.85202570  0.416
  20  55.179045  66.120506    73.815    73.815  2 54855.76767483  1.525
  21  55.177161  66.121847    74.004    74.004  2 54865.68332354  1.410
  22  55.177694  66.122260    73.535    73.622  3 54875.59897203  2.460
  23  55.177389  66.121332    74.185    74.185  2 54885.51461759  2.085
  24  55.176272  66.119141    75.289    75.338  3 54895.43025963  3.025
  25  55.177520  66.117321    76.210    76.210  2 54905.34589923  1.107
  26  55.177528  66.117011    75.928    75.928  2 54915.26153759  1.767
  27  55.174599  66.117952    75.971    75.971  2 54925.17717535  4.715
  28  55.178069  66.119067    75.275    75.275  2 54935.09281297  4.900
  29  55.176834  66.118994    75.528    75.617  3 54945.00844821  1.323
  30  55.177714  66.117550    75.704    75.704  2 54954.92408121  3.337
  31  55.175128  66.116068    41.902    47.961  3 54964.83972755 18.105
  32  55.176211  66.116123    30.639    30.639  2 54974.75537576 37.998
  33  55.175922  66.117698    72.422    73.341  3 54984.67102348 14.053
  34  55.178440  66.119500    82.436    82.436  2 54994.58667138 25.411
  35  55.177540  66.120358    29.018    28.968  3 55004.50231762 30.396
  36  55.177690  66.120326    25.575    25.263  3 55014.41796182 48.087
  37  55.177300  66.120097    28.508    28.508  2 55024.33360456 26.981
  38  55.177549  66.120719    28.480    28.473  3 55034.24924680 26.159
  39  55.178592  66.121452    23.287    23.274  3 55044.16488838 43.246
  40  55.178544  66.121320    28.420    28.412  3 55054.08052820 25.808
  41  55.176716  66.119764    24.991    24.038  3 55063.99616559 31.305
  42  55.177717  66.118088    27.991    27.991  2 55073.91181175 29.095
  43  55.175432  66.116995    27.788    27.788  2 55083.82745956 26.846
  44  55.177303  66.117280    30.219    29.035  3 55093.74310621 18.495
  45  55.176971  66.117985    75.591    75.591  2 55103.65875252  9.907
  46  55.178601  66.118565    72.925    72.925  2 55113.57439878 10.161
  47  55.178095  66.118154    72.790    72.790  2 55123.49004239  6.709
  48  55.176155  66.117208    23.829    23.829  2 55133.40568299 41.697
  49  55.175860  66.116418    23.643    23.556  3 55143.32132163 38.139
  50  55.174757  66.116780    27.283    27.283  2 55153.23695963 29.068
  51  55.177113  66.117957    27.776    27.926  3 55163.15259830 27.775
  52  55.178948  66.119290    28.108    28.108  2 55173.06823662 24.456
  54  55.179432  66.120152    28.035    28.035  2 55192.89952500 21.436
  64  55.176871  66.118202    75.698    75.698  2 55292.05595666  3.750
  66  55.175336  66.116307    26.013    26.013  2 55311.88723902 26.741
  67  55.175192  66.116556    80.761    80.761  2 55321.80288444 19.577
  68  55.176428  66.117715    72.673    72.673  2 55331.71852881 12.254
  69  55.176317  66.118990    92.645    93.804  3 55341.63417304 22.026
  70  55.176701  66.119507    28.969    28.969  2 55351.54981710 26.054
  71  55.176806  66.119592    71.757    71.899  3 55361.46545896  8.677
  72  55.176942  66.119832    76.819    74.494  3 55371.38109873  5.481
  73  55.177229  66.120600    75.724    73.739  3 55381.29673708  5.737
  74  55.178663  66.121486    28.207    28.207  2 55391.21237481 26.664
  75  55.178792  66.121389    28.219    28.219  2 55401.12801115 28.081
  76  55.177830  66.119816    77.165    78.120  3 55411.04366030  6.030
  77  55.177338  66.117527    28.197    28.197  2 55420.95931015 26.063
  78  55.177859  66.116197    78.303    78.303  2 55430.87495712  9.371
  79  55.177968  66.116858    73.410    73.410  2 55440.79060175 12.210
  80  55.177793  66.118340    74.088    74.088  2 55450.70624486 21.109
  81  55.178581  66.119117    25.123    25.123  2 55460.62188747 48.835
  82  55.174748  66.118143    28.039    28.039  2 55470.53752849 23.974
  83  55.176853  66.116624    74.502    75.124  3 55480.45316703  7.897
  84  55.174139  66.115657    28.081    28.081  2 55490.36880259 21.222
  85  55.174813  66.116386    24.721    24.721  2 55500.28443635 42.968
  86  55.178742  66.118266    24.700    24.700  2 55510.20007858 43.271
  87  55.176353  66.119632    25.432    25.432  2 55520.11572819 41.846
  88  55.178132  66.120081    25.755    25.755  2 55530.03137717 30.433
  89  55.176705  66.119675    28.145    28.145  2 55539.94702415 24.666
  90  55.176390  66.119556    38.219    38.219  2 55549.86266903  5.277
  93  55.178525  66.121562    28.508    28.577  3 55579.60959636 15.778
 101  55.175682  66.116252    23.373    23.373  2 55658.93473019 29.587
 102  55.174062  66.115175    25.487    25.487  2 55668.85037185 28.297
 103  55.176090  66.116467    27.762    27.732  3 55678.76601152 32.250
 104  55.176924  66.118907    82.736    83.103  3 55688.68164916 22.081
 105  55.179685  66.120636    72.908    72.908  2 55698.59728557  6.788
 106  55.175670  66.120488    77.448    77.448  2 55708.51292201 21.346
 107  55.176426  66.119611    30.413    30.373  3 55718.42857292 30.089
 108  55.176881  66.119369    28.838    28.806  3 55728.34422127 27.695
 109  55.176985  66.120119    24.861    24.861  2 55738.25986809 41.328
 110  55.177644  66.121139    28.370    28.370  2 55748.17551372 27.142
 111  55.177923  66.121050    25.509    25.509  2 55758.09115705 30.588
 112  55.176359  66.119351    25.557    25.557  2 55768.00679747 32.607
 113  55.175715  66.116873    27.991    27.991  2 55777.92243487 26.626
 114  55.173907  66.115347    27.981    27.981  2 55787.83806959 24.921
 115  55.175018  66.116162    28.658    28.220  3 55797.75370317 25.065
 116  55.176761  66.118096    22.296    22.297  3 55807.66934696 44.437
 117  55.178643  66.119523    27.784    27.784  2 55817.58499613 29.415
 118  55.177291  66.118676    22.367    22.367  2 55827.50064130 44.064
 119  55.177109  66.116799    28.128    28.101  3 55837.41628220 23.239
 120  55.174724  66.115376    73.810    73.810  2 55847.33191978  9.121
 121  55.175299  66.116437    68.769    68.769  2 55857.24755532 20.226
 122  55.175595  66.118886    24.124    24.124  2 55867.16320005 41.312
 123  55.177208  66.120996    23.904    23.904  2 55877.07885236 37.744
 124  55.177823  66.121254    27.465    27.313  3 55886.99449828 28.323
 125  55.177940  66.120338    27.883    27.992  3 55896.91013841 24.149
 126  55.178655  66.119428    28.079    28.079  2 55906.82577348 20.635
 128  55.176660  66.120517    74.785    74.785  2 55926.65707207  0.530
 134  55.177816  66.118358    75.513    75.523  3 55986.15091956  0.730
 135  55.176013  66.119243    75.409    75.494  3 55996.06655576  1.505
 136  55.176549  66.118503    75.885    75.885  2 56005.98220755  0.545
 137  55.175751  66.116795    76.473    76.473  2 56015.89785517  0.859
 138  55.176701  66.116237    76.641    76.641  2 56025.81350001  0.955
 139  55.176891  66.117479    75.602    75.697  3 56035.72914302  4.458
 140  55.175427  66.119567    23.703    23.703  2 56045.64478386 32.814
 141  55.176014  66.121054    28.896    28.896  2 56055.56042208 39.700
 142  55.177373  66.121193    85.369    85.369  2 56065.47605634  8.869
 143  55.175573  66.120383    73.157    73.157  2 56075.39170183  5.392
 144  55.178455  66.120079    72.600    72.600  2 56085.30735146  4.366
 145  55.176843  66.120027    73.234    73.234  2 56095.22299832  6.696
 146  55.179010  66.120183    28.415    28.415  2 56105.13864340 27.592
 147  55.176498  66.119456    80.711    81.443  3 56115.05427356  3.854
 148  55.176043  66.118401    28.413    28.311  3 56124.96991170 23.111
 149  55.175784  66.117020    23.675    23.634  3 56134.88554586 45.760
 150  55.175929  66.116537    79.232    79.232  2 56144.80118685  1.028
 151  55.177349  66.117093    28.084    28.084  2 56154.71683705 26.866
 152  55.175646  66.118173    23.418    23.418  2 56164.63248586 38.130
 153  55.176004  66.118814    23.626    23.626  2 56174.54813272 40.157
 154  55.177175  66.118516    25.672    25.672  2 56184.46377450 31.185
 155  55.175730  66.117459    25.672    25.672  2 56194.37941226 32.490
 156  55.178072  66.117155    28.472    28.472  2 56204.29504752 22.867
 157  55.176711  66.118104    28.128    28.212  3 56214.21068092 25.714
 158  55.177811  66.119950    25.407    25.407  2 56224.12631643 31.594
 159  55.179431  66.121199    24.126    24.126  2 56234.04197252 42.597
 160  55.176225  66.121182    23.312    23.312  2 56243.95762419 33.372
 161  55.179305  66.120599    71.616    71.616  2 56253.87327159 10.310
 162  55.178426  66.120282    24.697    24.697  2 56263.78891433 30.816
 163  55.177214  66.120308    23.645    23.645  2 56273.70455520 31.357
 164  55.176160  66.120026    23.614    23.614  2 56283.62019881 27.651
 165  55.175564  66.119043    24.183    24.183  2 56293.53585020 21.643
 166  55.175739  66.117560    27.202    27.069  3 56303.45149727 17.953
 168  55.177423  66.117288    26.326    26.914  3 56323.28278131 18.612
 170  55.176379  66.118799    75.862    75.736  3 56343.11406128  0.893
 171  55.175157  66.118363    75.860    75.860  2 56353.02969863  0.475
 172  55.176914  66.117585    76.025    76.025  2 56362.94534086  1.370
 173  55.177320  66.117481    75.889    75.889  2 56372.86099000  1.293
 175  55.175676  66.119935    74.614    74.614  2 56392.69228051  2.455
 176  55.176910  66.120876    22.561    22.526  3 56402.60792323 41.899
 177  55.178530  66.121085    26.314    26.314  2 56412.52356316 28.535
 178  55.176823  66.120528    69.014    69.014  2 56422.43919779 15.031
 179  55.176779  66.120321    72.710    72.594  3 56432.35483940  9.395
 180  55.178574  66.120565    29.075    29.075  2 56442.27049214 44.994
 181  55.179075  66.120858    27.738    27.738  2 56452.18614223 44.848
 182  55.178030  66.120117    27.143    27.143  2 56462.10178969 35.759
 183  55.175841  66.118539    27.931    28.059  3 56472.01743374 22.255
 184  55.177846  66.117074    23.697    23.697  2 56481.93307469 45.478
 185  55.176628  66.116771    22.432    22.432  2 56491.84871163 38.835
 186  55.176521  66.117673    27.807    27.900  3 56501.76434618 26.168
 187  55.178644  66.118919    21.943    21.943  2 56511.67997940 44.067
 188  55.176338  66.119151    27.944    27.944  2 56521.59562517 24.161
 189  55.177264  66.118473    27.758    27.758  2 56531.51127814 27.404
 191  55.177351  66.117580    22.953    22.978  3 56551.34257223 29.782
 192  55.177323  66.119063    25.375    25.375  2 56561.25821498 26.612
 193  55.175487  66.120866    22.382    22.382  2 56571.17385646 40.751
 194  55.176563  66.121948    23.942    23.942  2 56581.08949663 42.087
 195  55.179396  66.121375    22.811    22.811  2 56591.00513278 40.588
 196  55.177904  66.120128    23.822    23.852  3 56600.92078069 33.822
 197  55.178485  66.119564    26.988    26.988  2 56610.83643078 42.520
 198  55.177870  66.120314    24.875    24.796  3 56620.75207613 39.051
 199  55.176969  66.121066    24.558    24.567  3 56630.66771839 30.593
 201  55.174978  66.118366    27.400    27.400  2 56650.49900376 17.582
 203  55.177824  66.116205    76.927    76.927  2 56670.33030173  0.247
 204  55.175600  66.118093    75.889    75.997  3 56680.24594654  1.300
 205  55.175786  66.119918    75.365    75.365  2 56690.16158981  1.400
 207  55.176909  66.118540    75.467    75.467  2 56709.99286528  0.705
 208  55.176561  66.117279    76.267    76.267  2 56719.90850676  2.435
 210  55.176532  66.119843    75.403    75.403  2 56739.73980722  1.020
 211  55.176903  66.122030    74.330    74.330  2 56749.65545152  2.835
 212  55.176290  66.122603    72.004    72.004  2 56759.57109092 10.889
 213  55.179534  66.121542    27.481    27.481  2 56769.48672431 23.557
 214  55.177995  66.119964    24.412    24.418  3 56779.40237414 23.188
 215  55.175219  66.119349    27.719    27.719  2 56789.31802940 33.985
 216  55.178534  66.120029    67.405    67.405  2 56799.23368188 17.451
 217  55.175799  66.120962    82.634    82.634  2 56809.14932758 22.169
 218  55.179209  66.120737    28.857    28.857  2 56819.06496838 47.401
 219  55.177632  66.118896    29.126    29.110  3 56828.98060496 27.959
 220  55.177455  66.116649    74.453    74.453  2 56838.89623848  6.751
 221  55.174960  66.116074    28.441    28.441  2 56848.81186997 27.123
 222  55.174822  66.117697    23.437    23.437  2 56858.72752453 38.158
 223  55.179372  66.120002    83.361    83.361  2 56868.64317850  3.604
 224  55.178062  66.120652    23.858    23.970  3 56878.55882980 38.697
 225  55.177450  66.119565    73.882    73.882  2 56888.47447782  9.802
 226  55.177943  66.118007    80.941    80.941  2 56898.39012323  4.232
 227  55.175929  66.118092    74.568    74.568  2 56908.30576594  3.577
 228  55.178654  66.120115    82.845    82.845  2 56918.22140714  5.062
 229  55.177916  66.122350    28.492    28.646  3 56928.13704601 24.989
 230  55.179502  66.123062    24.232    24.232  2 56938.05268096 36.101
 231  55.179187  66.121747    23.933    23.933  2 56947.96831375 42.887
 232  55.176939  66.119772    23.386    23.366  3 56957.88396696 36.721
 233  55.177561  66.118841    28.240    28.242  3 56967.79961510 21.667
 234  55.177392  66.119440    24.149    24.149  2 56977.71525920 30.137
 235  55.178562  66.120486    25.270    24.147  3 56987.63089893 24.220
 237  55.176227  66.118689    77.884    77.884  2 57007.46217961  0.850
 238  55.178019  66.116913    88.449    88.449  2 57017.37783336  0.157
 241  55.176921  66.119812    74.747    74.845  3 57047.12477753  1.929
 242  55.177150  66.120524    75.002    75.002  2 57057.04041968  1.125
 243  55.176737  66.119545    74.894    74.863  3 57066.95605631  1.741
 244  55.177645  66.118686    75.344    75.344  2 57076.87168871  5.646
 245  55.177206  66.118762    74.620    74.691  3 57086.78731903  5.640
 246  55.175578  66.120507    74.738    74.738  2 57096.70297776  8.502
 247  55.177100  66.122280    73.442    73.442  2 57106.61863393  5.660
 248  55.178900  66.122794    73.907    73.907  2 57116.53428534  1.660
 251  55.178722  66.119127    22.868    22.868  2 57146.28120539 31.755
 252  55.176983  66.119245    75.459    73.450  3 57156.19683830 14.623
 253  55.179089  66.119798    33.962    33.962  2 57166.11248086 32.362
 254  55.175275  66.119795    33.289    33.289  2 57176.02813707 39.618
 255  55.175959  66.118765    82.522    82.522  2 57185.94378983 22.209
 256  55.175797  66.117491    75.258    75.258  2 57195.85943839  6.081
 257  55.175160  66.117168    28.906    28.906  2 57205.77507327 24.073
 258  55.177532  66.118304    23.965    23.965  2 57215.69071869 37.421
 259  55.175818  66.119640    84.225    84.225  2 57225.60636243  0.534
 260  55.178383  66.120317    28.168    28.168  2 57235.52200457 31.096
 261  55.176928  66.119882    28.536    28.417  3 57245.43764290 23.384
 262  55.178766  66.119353    28.195    28.195  2 57255.35327896 28.426
 263  55.179422  66.119850    72.238    72.238  2 57265.26891366  3.265
 264  55.178997  66.121108    76.238    76.238  2 57275.18455573 14.554
 265  55.176528  66.122115    29.145    29.145  2 57285.10021263 22.854
 266  55.179269  66.121921    24.137    24.137  2 57295.01586711 40.382
 267  55.178637  66.120835    28.339    28.333  3 57304.93151764 29.559
 268  55.178444  66.119743    23.574    23.574  2 57314.84716434 41.656
 269  55.176128  66.119362    23.441    23.417  3 57324.76280763 40.484
 270  55.176841  66.119501    23.848    23.852  3 57334.67844926 26.383
 271  55.175430  66.119516    25.699    25.699  2 57344.59408876 23.969
 273  55.174957  66.118135    76.067    76.067  2 57364.42538660  0.581
 278  55.176196  66.119618    75.036    75.036  2 57414.00358768  1.711
 280  55.177866  66.120015    75.114    75.282  3 57433.83488795  2.237
 281  55.179693  66.121074    74.428    74.428  2 57443.75053494  1.368
 282  55.176437  66.121959    74.347    74.347  2 57453.66618079  2.267
 283  55.179688  66.122231    72.918    72.918  2 57463.58182548  5.804
 284  55.179058  66.121136    73.357    73.357  2 57473.49746616  5.992
 285  55.175787  66.119771    75.414    75.414  2 57483.41310289  1.217
 286  55.177228  66.119047    30.813    30.813  2 57493.32873709 12.281
 287  55.176467  66.119440    24.204    24.282  3 57503.24436909 27.649
 288  55.176737  66.119866    29.112    29.060  3 57513.16002166 28.091
 289  55.176969  66.119493    27.095    27.095  2 57523.07567653 48.198
 290  55.177633  66.118322    29.236    29.261  3 57532.99132910 45.389
 291  55.175927  66.117312    28.376    28.456  3 57542.90697826 29.356
 292  55.178067  66.117504    25.046    25.046  2 57552.82262503 41.266
 293  55.177244  66.118622    77.145    75.277  3 57562.73827003  3.540
 294  55.176224  66.119702    24.816    24.816  2 57572.65391456 44.668
 295  55.177034  66.119896    28.142    28.142  2 57582.56955913 26.068
 296  55.175535  66.119465    27.960    27.960  2 57592.48520162 25.720
 297  55.175270  66.119308    71.812    71.812  2 57602.40084170  2.559
