# NaN NaN NaN ;Mean Elev.(m), Avg Gradient(m/km), RMS Gradient(m/km) - SRTM1     
#   -9.668  -0.053  15.029 ;Mean Elev.(m), Avg Gradient(m/km), RMS Gradient(m/km) - ASTER GDEM
#   32.905   0.235   9.122 ;Mean Elev.(m), Avg Gradient(m/km), RMS Gradient(m/km) - GMTED2010 
   3     4.027 54680.25284363 12.29  56.678578  66.087564  2.553  269.25  268.53  268.38
   3     5.075 54680.25284422 12.39  56.685032  66.087754  2.499  269.25  268.53  268.38
   5   -23.755 54700.08412739 25.66  56.682062  66.088883 13.945  262.38  262.86  261.60
   5   -23.406 54700.08412798 29.02  56.688516  66.089073   -100  262.38  262.86  261.60
   6    85.996 54709.99977222  3.05  56.677575  66.087587  5.585  266.61  267.81  267.22
   6    99.036 54709.99977281  1.80  56.684029  66.087778  5.214  266.61  267.81  267.22
   7   -10.690 54719.91542339 27.04  56.676077  66.085990   -100  261.96  262.25  262.40
   7    12.157 54719.91542398 14.31  56.682530  66.086181  3.888  261.96  262.25  262.40
   7    12.161 54719.91542457 14.36  56.688983  66.086371  4.349  261.96  262.25  262.40
   8    97.001 54729.83107170 17.58  56.671884  66.084453 15.382  262.19  262.38  262.33
   8    97.374 54729.83107229 18.60  56.678337  66.084644 13.517  262.19  262.38  262.33
   8    97.179 54729.83107288 22.59  56.684789  66.084834 20.899  262.19  262.38  262.33
   9    93.287 54739.74671893 20.75  56.672988  66.084288 23.662  260.06  260.29  261.06
   9    97.001 54739.74671952 19.51  56.679441  66.084479 16.780  260.06  260.29  261.06
   9    96.678 54739.74672011 24.84  56.685894  66.084669 18.771  260.06  260.29  261.06
  10   100.463 54749.66236631  7.54  56.675597  66.084919  3.650 -100.00 -100.00 -100.00
  10   100.096 54749.66236690  6.95  56.682050  66.085109  4.520 -100.00 -100.00 -100.00
  10   102.117 54749.66236749 17.42  56.688504  66.085299 13.200 -100.00 -100.00 -100.00
  11   114.009 54759.57801296 15.31  56.672405  66.085428 13.080  257.61  257.94  259.22
  11   114.184 54759.57801355 17.61  56.678859  66.085619 14.400  257.61  257.94  259.22
  11    90.265 54759.57801414 19.82  56.685313  66.085809 24.737  257.61  257.94  259.22
  12    96.508 54769.49365759 22.78  56.672780  66.085307 21.578  253.36  253.65  255.62
  12    96.452 54769.49365818 22.82  56.679234  66.085498 22.453  253.36  253.65  255.62
  12    95.996 54769.49365877 26.64  56.685688  66.085688   -100  253.36  253.65  255.62
  13    97.735 54779.40929884 16.37  56.673043  66.084447 12.349  258.05  257.20  257.05
  13    98.312 54779.40929943 18.53  56.679497  66.084638 12.861  258.05  257.20  257.05
  13    97.987 54779.40930002 22.67  56.685951  66.084828 16.323  258.05  257.20  257.05
  14    94.051 54789.32493703  7.21  56.667435  66.083280  9.541 -100.00 -100.00 -100.00
  14    93.755 54789.32493762 11.04  56.673889  66.083471 14.298 -100.00 -100.00 -100.00
  14    93.373 54789.32493821 10.52  56.680343  66.083662 14.509 -100.00 -100.00 -100.00
  14    93.477 54789.32493881 13.91  56.686797  66.083852 17.320 -100.00 -100.00 -100.00
  15    87.987 54799.24057464  7.66  56.666824  66.083244 13.405  245.58  239.76  230.51
  15    92.291 54799.24057523 10.65  56.673278  66.083435 12.667  245.58  239.76  230.51
  15    92.171 54799.24057582 12.32  56.679732  66.083626 16.021  245.58  239.76  230.51
  15    94.920 54799.24057641 10.63  56.686186  66.083816 16.260  245.58  239.76  230.51
  16    98.876 54809.15621297  2.58  56.673119  66.084420  5.701 -100.00 -100.00 -100.00
  16    98.762 54809.15621356  1.19  56.679573  66.084611  4.965 -100.00 -100.00 -100.00
  16   101.766 54809.15621415  0.10  56.686027  66.084801  3.720 -100.00 -100.00 -100.00
  26   105.579 54908.31266099  0.09  56.669224  66.084263  3.341 -100.00 -100.00 -100.00
  26   104.504 54908.31266158  0.52  56.675678  66.084454  3.716 -100.00 -100.00 -100.00
  26   103.690 54908.31266217  0.25  56.682131  66.084644  3.250 -100.00 -100.00 -100.00
  26   102.181 54908.31266276  0.07  56.688585  66.084834  3.708 -100.00 -100.00 -100.00
  27   104.264 54918.22829918  1.53  56.673955  66.085019  3.649 -100.00 -100.00 -100.00
  27   103.768 54918.22829977  1.45  56.680408  66.085210  4.430 -100.00 -100.00 -100.00
  27   102.452 54918.22830036  1.35  56.686862  66.085400  4.170 -100.00 -100.00 -100.00
  28   104.819 54928.14393686  5.76  56.674890  66.085675  4.367  238.21  226.99  208.18
  28   103.726 54928.14393745  6.13  56.681344  66.085865  5.504  238.21  226.99  208.18
  28   102.264 54928.14393804  6.12  56.687798  66.086055  4.581  238.21  226.99  208.18
  30   105.356 54947.97520848  1.09  56.670635  66.084108  2.851  238.80  228.91  216.03
  30   104.112 54947.97520907  1.03  56.677088  66.084299  3.314  238.80  228.91  216.03
  30   103.295 54947.97520966  0.73  56.683541  66.084489  2.874  238.80  228.91  216.03
  30   101.760 54947.97521025  0.93  56.689994  66.084680  3.197  238.80  228.91  216.03
  31   105.631 54957.89084378  1.41  56.668488  66.083061  3.348 -100.00 -100.00 -100.00
  31   104.687 54957.89084437  1.24  56.674940  66.083252  3.294 -100.00 -100.00 -100.00
  31   103.926 54957.89084496  1.52  56.681393  66.083443  3.576 -100.00 -100.00 -100.00
  31   102.659 54957.89084555  1.03  56.687845  66.083634  3.169 -100.00 -100.00 -100.00
  33    96.454 54977.72214030 23.23  56.674158  66.084392 26.424  247.23  252.29  253.52
  33   100.372 54977.72214089 25.80  56.680611  66.084583 21.742  247.23  252.29  253.52
  33    99.759 54977.72214148 26.67  56.687064  66.084773   -100  247.23  252.29  253.52
  34    93.307 54987.63778774 29.10  56.673232  66.085415 16.201  248.98  254.12  254.45
  34    92.722 54987.63778833 19.31  56.679685  66.085606 10.569  248.98  254.12  254.45
  34    92.710 54987.63778892 19.30  56.686139  66.085797 11.549  248.98  254.12  254.45
  35   104.627 54997.55343542 28.06  56.673246  66.085904 12.833  260.08  263.21  264.20
  35   113.619 54997.55343601 16.30  56.679700  66.086095  9.366  260.08  263.21  264.20
  35    99.315 54997.55343660  6.81  56.686153  66.086285  6.244  260.08  263.21  264.20
  36    90.605 55007.46908141  1.41  56.674029  66.086168  2.997  264.68  265.11  266.39
  36    98.240 55007.46908200  0.83  56.680483  66.086359  2.716  264.68  265.11  266.39
  36   103.118 55007.46908259  0.27  56.686937  66.086549  2.676  264.68  265.11  266.39
  37    92.457 55017.38472565  6.08  56.678229  66.086685  9.053  269.82  269.73  270.57
  37    97.867 55017.38472624  2.11  56.684683  66.086875  3.794  269.82  269.73  270.57
  39    93.979 55037.21601008  5.29  56.678365  66.088678  6.096 -100.00 -100.00 -100.00
  39    95.743 55037.21601067  5.50  56.684819  66.088868  6.764 -100.00 -100.00 -100.00
  41    30.205 55057.04728998 44.22  56.677698  66.087589 26.954 -100.00 -100.00 -100.00
  41    30.047 55057.04729057 44.16  56.684152  66.087779 22.182 -100.00 -100.00 -100.00
  42    31.010 55066.96292633 23.03  56.673411  66.085136 11.428  264.61  264.67  263.67
  42    30.859 55066.96292692 26.79  56.679864  66.085327 21.065  264.61  264.67  263.67
  42    30.675 55066.96292751 26.49  56.686317  66.085518 16.917  264.61  264.67  263.67
  43    29.855 55076.87857692 34.54  56.676013  66.083711   -100 -100.00 -100.00 -100.00
  43    29.794 55076.87857751 30.01  56.682465  66.083901 24.985 -100.00 -100.00 -100.00
  43    34.304 55076.87857810 29.30  56.688918  66.084092 17.727 -100.00 -100.00 -100.00
  45   105.279 55096.70987072 19.51  56.674329  66.085032 20.245  262.42  263.45  263.76
  45   104.822 55096.70987131 21.48  56.680782  66.085222 32.103  262.42  263.45  263.76
  45   104.399 55096.70987190 24.99  56.687235  66.085413   -100  262.42  263.45  263.76
  46    94.984 55106.62551637 22.85  56.672565  66.085841   -100 -100.00 -100.00 -100.00
  46    95.320 55106.62551696 20.53  56.679018  66.086031 20.888 -100.00 -100.00 -100.00
  46    95.011 55106.62551755 22.72  56.685472  66.086221 30.906 -100.00 -100.00 -100.00
  47   103.098 55116.54116159  7.81  56.671448  66.085285  3.585  253.66  254.07  255.66
  47    99.918 55116.54116219  7.92  56.677902  66.085475  4.275  253.66  254.07  255.66
  47    99.346 55116.54116278  7.30  56.684356  66.085666  4.136  253.66  254.07  255.66
  48   101.737 55126.45680475  2.57  56.673187  66.083821  3.291  258.07  257.04  255.23
  48   102.178 55126.45680534  2.23  56.679641  66.084011  3.250  258.07  257.04  255.23
  48   105.804 55126.45680593  1.79  56.686094  66.084202  2.276  258.07  257.04  255.23
  50    30.592 55146.28808348 36.96  56.668531  66.082890 22.656 -100.00 -100.00 -100.00
  50    30.944 55146.28808407 40.05  56.674985  66.083081 20.419 -100.00 -100.00 -100.00
  50    30.506 55146.28808466 43.09  56.681438  66.083271 26.217 -100.00 -100.00 -100.00
  50    30.351 55146.28808526 40.79  56.687892  66.083462   -100 -100.00 -100.00 -100.00
  51    31.446 55156.20372154 37.14  56.670539  66.084536 20.790 -100.00 -100.00 -100.00
  51    31.229 55156.20372213 40.05  56.676993  66.084727 20.367 -100.00 -100.00 -100.00
  51    31.719 55156.20372272 43.03  56.683447  66.084917 24.779 -100.00 -100.00 -100.00
  51    31.321 55156.20372331 39.93  56.689901  66.085108   -100 -100.00 -100.00 -100.00
  52    31.053 55166.11936055 35.32  56.682007  66.086188 25.991 -100.00 -100.00 -100.00
  52    30.779 55166.11936114 34.01  56.688461  66.086378 25.922 -100.00 -100.00 -100.00
  63   102.024 55275.19144478  1.33  56.675747  66.085428  4.120  251.03  239.37  216.78
  63   100.716 55275.19144537  0.53  56.682201  66.085619  3.728  251.03  239.37  216.78
  63    98.489 55275.19144596  1.57  56.688655  66.085809  4.916  251.03  239.37  216.78
  64   103.750 55285.10708232  3.34  56.679169  66.086632  4.071 -100.00 -100.00 -100.00
  64   102.688 55285.10708291  3.30  56.685623  66.086822  4.150 -100.00 -100.00 -100.00
  65   104.604 55295.02271736  0.40  56.675354  66.085431  3.499  261.19  261.83  263.19
  65   103.560 55295.02271795  0.27  56.681807  66.085622  3.054  261.19  261.83  263.19
  65   102.136 55295.02271854  0.52  56.688261  66.085813  3.289  261.19  261.83  263.19
  67    99.272 55314.85400253  8.24  56.668090  66.081773 10.504  264.84  262.85  257.38
  67    95.588 55314.85400312  1.65  56.674542  66.081964  6.940  264.84  262.85  257.38
  67    95.121 55314.85400371  5.94  56.680994  66.082154 10.766  264.84  262.85  257.38
  67    95.339 55314.85400430 10.51  56.687446  66.082345 18.556  264.84  262.85  257.38
  68   118.258 55324.76964808 20.63  56.668578  66.082804 21.164  251.40  251.96  253.36
  68    94.807 55324.76964867 23.05  56.675030  66.082995 27.327  251.40  251.96  253.36
  68   118.300 55324.76964926 24.50  56.681482  66.083185 25.377  251.40  251.96  253.36
  68    94.238 55324.76964985 27.75  56.687935  66.083376   -100 -100.00 -100.00 -100.00
  69   101.375 55334.68529286 25.00  56.674257  66.085191 30.453  246.10  248.26  251.74
  69   101.425 55334.68529345 26.92  56.680710  66.085382   -100  246.10  248.26  251.74
  69   101.403 55334.68529404 27.85  56.687163  66.085572   -100  246.10  248.26  251.74
  70   101.367 55344.60093681  3.95  56.674173  66.086848  4.765  262.33  262.72  264.57
  70   100.633 55344.60093740  3.32  56.680626  66.087039  4.172  262.33  262.72  264.57
  70    97.350 55344.60093799  2.65  56.687080  66.087229  3.575  262.33  262.72  264.57
  71    99.892 55354.51657999  9.77  56.674078  66.086905  5.002  256.53  257.20  257.80
  71    99.288 55354.51658058  8.69  56.680532  66.087096  3.210  256.53  257.20  257.80
  71    99.338 55354.51658117  8.33  56.686986  66.087286  3.459 -100.00 -100.00 -100.00
  72    98.366 55364.43222153  5.05  56.678781  66.086485  4.125 -100.00 -100.00 -100.00
  72    97.171 55364.43222212  5.08  56.685234  66.086675  5.126 -100.00 -100.00 -100.00
  73   101.001 55374.34786061  3.23  56.674644  66.086154  2.872 -100.00 -100.00 -100.00
  73   100.541 55374.34786120  3.66  56.681098  66.086345  3.569 -100.00 -100.00 -100.00
  73    99.458 55374.34786179  2.77  56.687551  66.086536  3.938 -100.00 -100.00 -100.00
  74    97.896 55384.26349918 17.65  56.677794  66.087066 25.185  272.68  272.34  272.55
  74   100.446 55384.26349977  3.00  56.684248  66.087256  3.874  272.68  272.34  272.55
  76   114.534 55404.09477479 17.20  56.681011  66.088388 12.144 -100.00 -100.00 -100.00
  76    90.236 55404.09477538 19.90  56.687465  66.088579 27.482 -100.00 -100.00 -100.00
  79   113.757 55433.84171990 11.39  56.667144  66.082246 21.875 -100.00 -100.00 -100.00
  79   104.654 55433.84172049  1.28  56.673596  66.082437  4.180 -100.00 -100.00 -100.00
  79   103.150 55433.84172108  0.34  56.680048  66.082628  4.232 -100.00 -100.00 -100.00
  79   105.329 55433.84172168  9.79  56.686500  66.082818 19.594 -100.00 -100.00 -100.00
  80   103.752 55443.75736436  4.01  56.666704  66.082714  3.643  266.61  267.55  267.29
  80   102.398 55443.75736495  3.65  56.673156  66.082905  3.192  266.61  267.55  267.29
  80   101.294 55443.75736554  3.23  56.679609  66.083095  3.109  266.61  267.55  267.29
  80   101.305 55443.75736613  2.44  56.686061  66.083286  2.680  266.61  267.55  267.29
  81   103.145 55453.67300790  5.07  56.670208  66.084625  3.669  264.40  266.55  266.74
  81   101.661 55453.67300849  4.79  56.676661  66.084816  3.672  264.40  266.55  266.74
  81   100.099 55453.67300908  4.38  56.683114  66.085006  3.164  264.40  266.55  266.74
  81    98.786 55453.67300967  3.86  56.689567  66.085197  3.895  264.40  266.55  266.74
  82    96.476 55463.58865074 21.09  56.674902  66.086360 18.775 -100.00 -100.00 -100.00
  82    96.232 55463.58865133 22.82  56.681356  66.086551 29.851 -100.00 -100.00 -100.00
  82    95.968 55463.58865192 25.12  56.687809  66.086741   -100 -100.00 -100.00 -100.00
  83    97.765 55473.50429068 21.17  56.673127  66.085685 17.322 -100.00 -100.00 -100.00
  83    97.395 55473.50429127 22.31  56.679581  66.085876 26.578 -100.00 -100.00 -100.00
  83    97.991 55473.50429186  3.99  56.686035  66.086066  3.310 -100.00 -100.00 -100.00
  84   101.740 55483.41992788  7.81  56.673016  66.083591  3.512 -100.00 -100.00 -100.00
  84   100.129 55483.41992847  7.17  56.679470  66.083782  3.880 -100.00 -100.00 -100.00
  84    97.405 55483.41992906  7.39  56.685924  66.083973  4.888 -100.00 -100.00 -100.00
  85   101.571 55493.33556272  6.86  56.670257  66.081734  3.053 -100.00 -100.00 -100.00
  85   101.048 55493.33556331  6.18  56.676710  66.081925  2.867 -100.00 -100.00 -100.00
  85   100.951 55493.33556390  6.51  56.683164  66.082116  3.858 -100.00 -100.00 -100.00
  86   101.478 55503.25119619  7.80  56.667090  66.082268  3.509  258.49  257.90  258.46
  86   101.447 55503.25119678  7.34  56.673543  66.082459  3.421  258.49  257.90  258.46
  86   100.132 55503.25119737  7.16  56.679996  66.082650  3.661  258.49  257.90  258.46
  86   101.081 55503.25119796  6.27  56.686450  66.082841  2.978  258.49  257.90  258.46
  87    93.675 55513.16684419 14.94  56.675258  66.084950 15.219 -100.00 -100.00 -100.00
  87    96.986 55513.16684478 17.79  56.681712  66.085141 17.519 -100.00 -100.00 -100.00
  87    96.829 55513.16684537 20.67  56.688166  66.085331 20.271 -100.00 -100.00 -100.00
  90    31.579 55542.91378834 24.40  56.678050  66.086954 12.423 -100.00 -100.00 -100.00
  90    31.786 55542.91378893 25.32  56.684503  66.087144 13.874 -100.00 -100.00 -100.00
  91    33.391 55552.82943236 21.28  56.675267  66.086257  7.998 -100.00 -100.00 -100.00
  91    33.495 55552.82943295 22.55  56.681720  66.086447 10.852 -100.00 -100.00 -100.00
  91    34.001 55552.82943354 21.53  56.688174  66.086637  7.790 -100.00 -100.00 -100.00
 103    94.888 55671.81713354  5.12  56.669806  66.082421  9.880  258.45  253.48  238.78
 103    94.629 55671.81713413  1.11  56.676258  66.082611  6.551  258.45  253.48  238.78
 103    96.431 55671.81713472  0.91  56.682710  66.082802  5.002  258.45  253.48  238.78
 104    96.570 55681.73277265  8.60  56.668914  66.083144 13.891 -100.00 -100.00 -100.00
 104    96.448 55681.73277324  5.69  56.675366  66.083335  9.146 -100.00 -100.00 -100.00
 104    99.671 55681.73277383  1.58  56.681819  66.083526  4.283 -100.00 -100.00 -100.00
 104    99.464 55681.73277442  5.95  56.688272  66.083716  8.317 -100.00 -100.00 -100.00
 105   100.368 55691.64841071 14.55  56.674437  66.085343  5.008  246.14  247.25  250.14
 105    99.374 55691.64841130 13.49  56.680891  66.085534  4.289  246.14  247.25  250.14
 105    97.867 55691.64841189 13.24  56.687344  66.085724  4.666  246.14  247.25  250.14
 106   103.064 55701.56404663  9.27  56.674444  66.087001  4.401 -100.00 -100.00 -100.00
 106   101.147 55701.56404722  8.26  56.680897  66.087192  3.508 -100.00 -100.00 -100.00
 106    99.812 55701.56404781  8.38  56.687351  66.087383  4.916 -100.00 -100.00 -100.00
 107   106.586 55711.47968887 28.05  56.681636  66.087697   -100 -100.00 -100.00 -100.00
 107    69.451 55711.47968946 15.11  56.688090  66.087888 26.034 -100.00 -100.00 -100.00
 108   100.139 55721.39533818  3.79  56.676956  66.087133  5.642  273.30  273.78  274.66
 108    96.307 55721.39533877 11.73  56.683411  66.087324 12.533  273.30  273.78  274.66
 109    99.579 55731.31098570  3.58  56.675429  66.086814  4.020 -100.00 -100.00 -100.00
 109    98.378 55731.31098630  3.26  56.681883  66.087004  4.148 -100.00 -100.00 -100.00
 109    99.372 55731.31098689  2.25  56.688338  66.087195  2.954 -100.00 -100.00 -100.00
 111    30.176 55751.14227724 30.14  56.675465  66.087173 28.852 -100.00 -100.00 -100.00
 111    30.209 55751.14227783 29.09  56.681919  66.087364 25.151 -100.00 -100.00 -100.00
 111    29.744 55751.14227842 29.64  56.688373  66.087554 25.814 -100.00 -100.00 -100.00
 112    30.125 55761.05792031 45.80  56.678649  66.086874 28.274  266.68  266.69  266.94
 112    29.826 55761.05792090 47.08  56.685103  66.087065   -100  266.68  266.69  266.94
 113    29.827 55770.97356008 44.59  56.677110  66.085701   -100  263.31  263.17  262.41
 113    29.457 55770.97356067 48.83  56.683563  66.085891 25.684  263.31  263.17  262.41
 114    29.122 55780.88919605 43.42  56.671790  66.083801   -100  266.43  266.46  265.95
 114    29.838 55780.88919664 42.55  56.678243  66.083992 27.787  266.43  266.46  265.95
 114    29.693 55780.88919723 44.53  56.684695  66.084182   -100  266.43  266.46  265.95
 115    30.550 55790.80482951 28.56  56.667224  66.082722 22.571  266.56  266.20  265.97
 115    29.950 55790.80483010 28.30  56.673676  66.082913 24.227  266.56  266.20  265.97
 115    29.756 55790.80483069 28.70  56.680129  66.083104 28.516  266.56  266.20  265.97
 115    29.721 55790.80483128 28.79  56.686581  66.083294 26.159  266.56  266.20  265.97
 116    30.516 55800.72046233 40.19  56.668312  66.083040 29.597  266.17  266.45  266.42
 116    29.627 55800.72046292 45.29  56.674764  66.083231 13.796  266.17  266.45  266.42
 116    29.556 55800.72046351 36.34  56.681217  66.083422   -100  266.17  266.45  266.42
 116    29.259 55800.72046410 45.27  56.687669  66.083613  7.928  266.17  266.45  266.42
 117    29.152 55810.63611152 43.34  56.670378  66.084378  3.461  268.91  269.14  269.12
 117    29.065 55810.63611211 45.66  56.676831  66.084569 27.546  268.91  269.14  269.12
 117    29.380 55810.63611270 45.68  56.683284  66.084760  5.797  268.91  269.14  269.12
 117    29.195 55810.63611329 42.03  56.689737  66.084951  1.274  268.91  269.14  269.12
 118    30.055 55820.55176039 29.01  56.670827  66.085274 28.687 -100.00 -100.00 -100.00
 118    29.992 55820.55176098 26.50  56.677281  66.085465 20.089 -100.00 -100.00 -100.00
 118    29.528 55820.55176157 27.29  56.683734  66.085656 23.915 -100.00 -100.00 -100.00
 119    89.510 55830.46740498 21.12  56.675826  66.085074 32.487  268.95  269.78  270.42
 119    89.206 55830.46740557 22.56  56.682280  66.085264 31.141  268.95  269.78  270.42
 119    92.753 55830.46740616 25.24  56.688734  66.085455   -100  268.95  269.78  270.42
 120   103.369 55840.38304399  2.11  56.669821  66.083584  2.819  262.33  262.95  264.42
 120   102.186 55840.38304458  1.44  56.676275  66.083775  2.802  262.33  262.95  264.42
 120   101.368 55840.38304517  0.96  56.682728  66.083966  2.496  262.33  262.95  264.42
 120   101.244 55840.38304576  0.69  56.689182  66.084156  2.680  262.33  262.95  264.42
 121    95.306 55850.29868073 22.10  56.672289  66.082862 29.401 -100.00 -100.00 -100.00
 121    95.253 55850.29868132 21.18  56.678742  66.083053 24.600 -100.00 -100.00 -100.00
 121    95.212 55850.29868191 23.14  56.685196  66.083244 26.118 -100.00 -100.00 -100.00
 123    30.832 55870.12996624 39.59  56.671827  66.085673 26.294  249.18  245.73  242.56
 123    31.135 55870.12996683 41.73  56.678281  66.085864 24.521  249.18  245.73  242.56
 123    30.814 55870.12996742 44.31  56.684735  66.086055   -100  249.18  245.73  242.56
 124    31.027 55880.04561762 34.66  56.677372  66.087338   -100 -100.00 -100.00 -100.00
 124    31.056 55880.04561821 35.61  56.683826  66.087528   -100 -100.00 -100.00 -100.00
 125    31.324 55889.96126201 25.23  56.679790  66.087730 11.483 -100.00 -100.00 -100.00
 125    31.450 55889.96126260 26.63  56.686244  66.087921 14.323 -100.00 -100.00 -100.00
 126    30.844 55899.87690035 23.14  56.680091  66.087318  9.963 -100.00 -100.00 -100.00
 126    30.691 55899.87690094 23.47  56.686545  66.087508 10.604 -100.00 -100.00 -100.00
 128    30.391 55919.70818512 19.31  56.675093  66.087214  8.953 -100.00 -100.00 -100.00
 128    29.639 55919.70818571 21.80  56.681547  66.087405 12.501 -100.00 -100.00 -100.00
 128    30.006 55919.70818630 21.29  56.688002  66.087595 11.624 -100.00 -100.00 -100.00
 133    33.020 55969.28640737 16.42  56.670178  66.083563  6.064 -100.00 -100.00 -100.00
 133    33.444 55969.28640796 15.80  56.676632  66.083754  4.015 -100.00 -100.00 -100.00
 133    33.807 55969.28640855 16.77  56.683086  66.083945  5.296 -100.00 -100.00 -100.00
 133    33.918 55969.28640914 17.88  56.689539  66.084135  6.107 -100.00 -100.00 -100.00
 134    34.081 55979.20204504 17.17  56.683511  66.084875  5.107 -100.00 -100.00 -100.00
 134    34.204 55979.20204563 17.94  56.689965  66.085066  6.767 -100.00 -100.00 -100.00
 135    33.967 55989.11768055 16.63  56.681430  66.085204  5.993 -100.00 -100.00 -100.00
 135    33.939 55989.11768114 18.13  56.687883  66.085394  7.004 -100.00 -100.00 -100.00
 136   104.322 55999.03332205  1.16  56.674866  66.084725  4.000 -100.00 -100.00 -100.00
 136   103.422 55999.03332264  1.13  56.681319  66.084915  3.761 -100.00 -100.00 -100.00
 136   102.437 55999.03332323  0.71  56.687772  66.085106  3.604 -100.00 -100.00 -100.00
 137   104.960 56008.94897254  1.42  56.670118  66.083924  3.813 -100.00 -100.00 -100.00
 137   103.245 56008.94897313  0.94  56.676570  66.084115  3.330 -100.00 -100.00 -100.00
 137   102.671 56008.94897372  0.97  56.683023  66.084306  4.159 -100.00 -100.00 -100.00
 137   101.665 56008.94897431  0.83  56.689476  66.084497  4.745 -100.00 -100.00 -100.00
 138   105.603 56018.86461905  3.61  56.667493  66.083484  4.275  249.38  240.15  217.49
 138   104.834 56018.86461964  2.98  56.673946  66.083675  3.718  249.38  240.15  217.49
 138   103.536 56018.86462023  2.91  56.680398  66.083866  3.468  249.38  240.15  217.49
 138    99.094 56018.86462082  3.87  56.686851  66.084056  4.868 -100.00 -100.00 -100.00
 139   104.914 56028.78026344  0.82  56.673450  66.084207  3.222 -100.00 -100.00 -100.00
 139   103.327 56028.78026403  1.11  56.679903  66.084397  3.292 -100.00 -100.00 -100.00
 139   102.718 56028.78026462  1.11  56.686356  66.084588  3.921 -100.00 -100.00 -100.00
 142    87.150 56058.52718331 23.13  56.675861  66.087261 24.220  252.90  256.60  257.96
 142    90.851 56058.52718390 25.76  56.682315  66.087452 28.526  252.90  256.60  257.96
 142    98.076 56058.52718449 23.09  56.688769  66.087643 22.756  252.90  256.60  257.96
 143   102.128 56068.44281631 11.60  56.673968  66.087022  4.295  259.81  262.57  264.62
 143   100.784 56068.44281690 10.77  56.680422  66.087213  3.727  259.81  262.57  264.62
 143    99.554 56068.44281749 10.09  56.686876  66.087404  3.769  259.81  262.57  264.62
 144   100.604 56078.35846802  5.12  56.678528  66.087163  2.980 -100.00 -100.00 -100.00
 144   100.072 56078.35846862  4.75  56.684982  66.087353  3.324 -100.00 -100.00 -100.00
 145    97.204 56088.27411633 22.50  56.675523  66.087325 21.189 -100.00 -100.00 -100.00
 145    96.787 56088.27411692 22.53  56.681977  66.087516 31.847 -100.00 -100.00 -100.00
 145    99.250 56088.27411751  6.39  56.688431  66.087706  3.884 -100.00 -100.00 -100.00
 146    87.863 56098.18976266 18.72  56.678250  66.087740 19.907  271.18  273.43  272.51
 146    91.736 56098.18976325 18.93  56.684704  66.087931 21.305  271.18  273.43  272.51
 148   103.031 56118.02103539  2.99  56.673402  66.085431  3.110 -100.00 -100.00 -100.00
 148   102.255 56118.02103598  2.35  56.679855  66.085622  2.951 -100.00 -100.00 -100.00
 148   100.673 56118.02103657  1.76  56.686308  66.085812  3.446 -100.00 -100.00 -100.00
 149   103.854 56127.93667251 16.49  56.671652  66.083678 16.163  267.72  268.84  267.96
 149   108.876 56127.93667310 16.97  56.678105  66.083869 13.674  267.72  268.84  267.96
 149   103.287 56127.93667369 21.31  56.684557  66.084060 21.781  267.72  268.84  267.96
 150    78.227 56137.85230628  7.77  56.672578  66.082898 15.758  264.31  265.13  264.36
 150    78.823 56137.85230687  5.14  56.679030  66.083089  9.081  264.31  265.13  264.36
 150    89.449 56137.85230746  7.47  56.685483  66.083280  9.692  264.31  265.13  264.36
 151    99.087 56147.76795247  3.22  56.670540  66.083762  7.679 -100.00 -100.00 -100.00
 151   101.741 56147.76795365  0.03  56.683445  66.084144  3.776 -100.00 -100.00 -100.00
 155    85.533 56187.43053596  5.37  56.666990  66.083590  7.991  267.75  268.51  269.19
 155   104.166 56187.43053655  0.70  56.673443  66.083781  3.225  267.75  268.51  269.19
 155   100.534 56187.43053714  2.60  56.679896  66.083971  5.739  267.75  268.51  269.19
 155    90.160 56187.43053773  4.96  56.686350  66.084162  6.212  267.75  268.51  269.19
 156    99.678 56197.34617376  8.24  56.672859  66.083360  4.434  262.49  263.35  264.41
 156    99.593 56197.34617435  7.33  56.679313  66.083551  3.325  262.49  263.35  264.41
 156    98.876 56197.34617494  7.20  56.685766  66.083742  4.268 -100.00 -100.00 -100.00
 157    97.881 56207.26180820 15.87  56.674195  66.084555 14.829  262.75  264.08  264.97
 157   100.233 56207.26180879  5.18  56.680649  66.084746  4.414  262.75  264.08  264.97
 157    94.231 56207.26180938 21.26  56.687103  66.084936 29.485  262.75  264.08  264.97
 158   100.598 56217.17744142  3.75  56.679211  66.086558  3.443  258.06  258.57  259.53
 158   103.217 56217.17744201  3.05  56.685666  66.086748  3.054  258.06  258.57  259.53
 159    99.736 56227.09308392  3.36  56.676797  66.087759  3.078  259.55  258.94  259.40
 159   100.375 56227.09308451  2.85  56.683252  66.087950  2.955  259.55  258.94  259.40
 160    30.466 56237.00873877 39.84  56.678447  66.087686 21.370 -100.00 -100.00 -100.00
 160    30.514 56237.00873936 42.91  56.684901  66.087877 24.544 -100.00 -100.00 -100.00
 161    30.854 56246.92438942 37.78  56.676466  66.086895 17.418 -100.00 -100.00 -100.00
 161    31.052 56246.92439001 41.88  56.682920  66.087086 21.819 -100.00 -100.00 -100.00
 161    30.750 56246.92439060 48.07  56.689374  66.087277   -100 -100.00 -100.00 -100.00
 163    30.776 56266.75567786 26.56  56.681004  66.087425 18.123 -100.00 -100.00 -100.00
 163    30.517 56266.75567845 32.44  56.687458  66.087616   -100 -100.00 -100.00 -100.00
 165    30.280 56286.58696566 24.82  56.681332  66.087580 14.375 -100.00 -100.00 -100.00
 165    30.015 56286.58696625 28.87  56.687787  66.087770 28.258 -100.00 -100.00 -100.00
 170   103.770 56336.16518452  5.19  56.676679  66.086235  3.847 -100.00 -100.00 -100.00
 170   102.815 56336.16518511  5.21  56.683133  66.086426  3.890 -100.00 -100.00 -100.00
 170    98.429 56336.16518570  5.88  56.689587  66.086616  4.975 -100.00 -100.00 -100.00
 171   103.793 56346.08082318  1.85  56.676487  66.086507  3.873 -100.00 -100.00 -100.00
 171   102.905 56346.08082377  1.76  56.682941  66.086698  4.376 -100.00 -100.00 -100.00
 171   100.786 56346.08082437  2.51  56.689395  66.086888  6.327 -100.00 -100.00 -100.00
 172   104.593 56355.99645894  1.51  56.671274  66.084906  3.822 -100.00 -100.00 -100.00
 172   102.985 56355.99645953  1.12  56.677727  66.085098  4.059 -100.00 -100.00 -100.00
 172   102.817 56355.99646012  1.24  56.684180  66.085288  4.935 -100.00 -100.00 -100.00
 173   105.220 56365.91210558  1.33  56.669981  66.083348  4.482 -100.00 -100.00 -100.00
 173   104.246 56365.91210617  0.69  56.676433  66.083540  3.504 -100.00 -100.00 -100.00
 173   103.230 56365.91210676  0.41  56.682886  66.083730  2.762 -100.00 -100.00 -100.00
 173   101.739 56365.91210735  0.87  56.689339  66.083921  3.716 -100.00 -100.00 -100.00
 174   105.176 56375.82775440  0.63  56.671302  66.083407  3.598 -100.00 -100.00 -100.00
 174   103.930 56375.82775499  0.28  56.677755  66.083598  3.084 -100.00 -100.00 -100.00
 174   102.774 56375.82775558  0.51  56.684207  66.083789  3.618 -100.00 -100.00 -100.00
 176   103.237 56395.65904467  2.87  56.679754  66.087837  3.121  250.18  240.61  224.28
 176   101.994 56395.65904526  2.99  56.686208  66.088027  4.020  250.18  240.61  224.28
 178    99.715 56415.49032465  4.89  56.680742  66.088375  3.885  257.82  259.18  260.74
 178    99.915 56415.49032524  3.52  56.687196  66.088565  3.232  257.82  259.18  260.74
 179    99.974 56425.40595784 22.40  56.677719  66.086798 24.006 -100.00 -100.00 -100.00
 179    99.893 56425.40595843 25.51  56.684173  66.086989 30.634 -100.00 -100.00 -100.00
 180   107.134 56435.32160574 24.18  56.673587  66.086124 26.238 -100.00 -100.00 -100.00
 180    86.312 56435.32160633 24.83  56.680041  66.086314 24.353 -100.00 -100.00 -100.00
 180    82.094 56435.32160692 28.02  56.686495  66.086505   -100 -100.00 -100.00 -100.00
 181   100.681 56445.23725778  7.18  56.674678  66.086715  4.475  262.45  262.63  265.10
 181   100.441 56445.23725837  6.32  56.681132  66.086906  3.606  262.45  262.63  265.10
 181    99.303 56445.23725896  5.72  56.687586  66.087096  3.851  262.45  262.63  265.10
 183   100.629 56465.06855431  2.82  56.680194  66.087739  3.512 -100.00 -100.00 -100.00
 183    99.906 56465.06855490  3.85  56.686648  66.087930  3.125 -100.00 -100.00 -100.00
 184    31.155 56474.98419669 51.22  56.675341  66.085708  6.818 -100.00 -100.00 -100.00
 184    31.180 56474.98419728 53.97  56.681795  66.085899  9.795 -100.00 -100.00 -100.00
 184    31.148 56474.98419787 54.14  56.688248  66.086089 13.790 -100.00 -100.00 -100.00
 185    30.510 56484.89983567 30.71  56.671224  66.083192 28.738 -100.00 -100.00 -100.00
 185    30.250 56484.89983626 28.00  56.677676  66.083383 18.615 -100.00 -100.00 -100.00
 185    29.967 56484.89983685 30.73  56.684128  66.083574 29.597 -100.00 -100.00 -100.00
 186    29.937 56494.81547194 32.53  56.670207  66.082395   -100  276.69  277.84  275.87
 186    29.478 56494.81547253 31.83  56.676659  66.082586   -100  276.69  277.84  275.87
 186    29.401 56494.81547312 34.25  56.683111  66.082777   -100  276.69  277.84  275.87
 187    29.076 56504.73110641 46.68  56.669964  66.083822   -100  271.24  271.02  270.14
 187    29.827 56504.73110700 46.26  56.676417  66.084013 24.502  271.24  271.02  270.14
 187    29.255 56504.73110759 48.05  56.682869  66.084204   -100  271.24  271.02  270.14
 187    29.253 56504.73110818 50.84  56.689322  66.084395   -100  271.24  271.02  270.14
 188    29.665 56514.64673964 24.71  56.672949  66.086021 18.300  269.47  270.22  269.29
 188    28.926 56514.64674023 28.78  56.679402  66.086213   -100  269.47  270.22  269.29
 188    29.089 56514.64674082 28.05  56.685855  66.086403 27.586  269.47  270.22  269.29
 192    29.683 56554.30933472 39.99  56.667905  66.083581   -100 -100.00 -100.00 -100.00
 192    29.987 56554.30933531 41.92  56.674358  66.083771 32.534 -100.00 -100.00 -100.00
 192    29.865 56554.30933590 44.03  56.680812  66.083962   -100 -100.00 -100.00 -100.00
 192    29.681 56554.30933649 48.25  56.687266  66.084153   -100 -100.00 -100.00 -100.00
 194    95.898 56574.14062020 15.71  56.680845  66.088323 16.882 -100.00 -100.00 -100.00
 194    97.905 56574.14062079  4.55  56.687300  66.088513  3.505 -100.00 -100.00 -100.00
 195    30.264 56584.05625906 40.58  56.680950  66.089492   -100 -100.00 -100.00 -100.00
 195    30.269 56584.05625965 41.98  56.687404  66.089683   -100 -100.00 -100.00 -100.00
 196    29.864 56593.97189341 32.00  56.680785  66.088565   -100 -100.00 -100.00 -100.00
 196    30.055 56593.97189400 33.20  56.687239  66.088756 28.928 -100.00 -100.00 -100.00
 197    95.087 56603.88754642 20.09  56.676851  66.086948 20.534 -100.00 -100.00 -100.00
 197    95.048 56603.88754701 22.83  56.683304  66.087138 21.581 -100.00 -100.00 -100.00
 198    97.488 56613.80319483 14.75  56.675018  66.085993 12.209 -100.00 -100.00 -100.00
 198    97.194 56613.80319542 16.80  56.681472  66.086184 16.429 -100.00 -100.00 -100.00
 198    96.643 56613.80319601 25.83  56.687925  66.086374   -100 -100.00 -100.00 -100.00
 199    96.336 56623.71883975  9.26  56.678637  66.086605 13.215 -100.00 -100.00 -100.00
 199    96.340 56623.71884035 11.54  56.685091  66.086796 12.701 -100.00 -100.00 -100.00
 200    30.661 56633.63448133 42.10  56.676544  66.087237 23.878 -100.00 -100.00 -100.00
 200    30.844 56633.63448192 42.03  56.682998  66.087427  5.104 -100.00 -100.00 -100.00
 202   101.703 56653.46576976  2.79  56.672997  66.085500  4.797  257.93  257.90  257.80
 202   100.095 56653.46577035  2.79  56.679451  66.085691  4.967  257.93  257.90  257.80
 202    99.015 56653.46577094  2.54  56.685906  66.085881  4.685  257.93  257.90  257.80
 208   104.785 56712.95962517  0.00  56.674165  66.085872  2.847 -100.00 -100.00 -100.00
 208   103.615 56712.95962576  0.24  56.680618  66.086063  3.104 -100.00 -100.00 -100.00
 209    96.277 56722.87527251  3.33  56.670287  66.084554  2.520  233.95  224.94  209.99
 209    96.219 56722.87527310  2.89  56.676740  66.084745  2.100  233.95  224.94  209.99
 209    96.103 56722.87527369  3.07  56.683193  66.084936  2.749  233.95  224.94  209.99
 209    96.235 56722.87527428  2.97  56.689646  66.085126  2.931  233.95  224.94  209.99
 210   105.624 56732.79092334  2.37  56.668998  66.084428  3.488  230.99  223.54  210.99
 210   104.525 56732.79092393  2.36  56.675451  66.084619  3.231  230.99  223.54  210.99
 210   103.351 56732.79092452  2.22  56.681904  66.084809  3.842  230.99  223.54  210.99
 210   101.869 56732.79092511  2.73  56.688357  66.084999  3.809  230.99  223.54  210.99
 211   104.357 56742.70657147  3.38  56.676070  66.086446  3.085  219.04  209.02  198.75
 211   103.019 56742.70657206  3.75  56.682523  66.086636  4.182  219.04  209.02  198.75
 211   102.240 56742.70657265  3.46  56.688977  66.086826  3.338  219.04  209.02  198.75
 212   102.865 56752.62221515  3.75  56.681971  66.088744  3.938 -100.00 -100.00 -100.00
 212   101.729 56752.62221574  3.67  56.688425  66.088934  3.887 -100.00 -100.00 -100.00
 213    29.431 56762.53785282 35.18  56.680026  66.089553   -100 -100.00 -100.00 -100.00
 213    29.457 56762.53785341 36.39  56.686481  66.089743   -100 -100.00 -100.00 -100.00
 215    79.209 56782.36914138 10.46  56.674957  66.087146 15.375  264.38  265.23  266.85
 215    99.128 56782.36914197  5.40  56.681412  66.087336  7.975  264.38  265.23  266.85
 215   102.090 56782.36914256  2.41  56.687866  66.087527  3.542  264.38  265.23  266.85
 216   102.664 56792.28479592  9.95  56.678718  66.086446  5.196 -100.00 -100.00 -100.00
 216   102.233 56792.28479651 17.34  56.685172  66.086636 14.023 -100.00 -100.00 -100.00
 217   101.152 56802.20044696 25.68  56.675479  66.086567 25.932 -100.00 -100.00 -100.00
 217   100.802 56802.20044755 27.85  56.681933  66.086757   -100 -100.00 -100.00 -100.00
 217   100.849 56802.20044814 24.15  56.688387  66.086947 24.017 -100.00 -100.00 -100.00
 218    96.327 56812.11609117 25.92  56.680302  66.087218   -100  254.92  257.03  258.80
 218    96.493 56812.11609176 12.85  56.686756  66.087408 11.612  254.92  257.03  258.80
 219    98.573 56822.03173086 25.81  56.679328  66.086956 32.646  260.10  260.99  261.84
 219    98.008 56822.03173145 23.34  56.685781  66.087146   -100  260.10  260.99  261.84
 220    88.478 56831.94736625 19.93  56.677316  66.085590 22.532  260.68  262.54  262.32
 220    88.469 56831.94736684 19.58  56.683770  66.085780 24.774  260.68  262.54  262.32
 221   100.081 56841.86299752 16.69  56.667220  66.083745 10.313  266.69  268.63  268.06
 221    98.968 56841.86299811 25.78  56.673672  66.083936 32.620  266.69  268.63  268.06
 221    95.254 56841.86299870 24.94  56.680124  66.084127 28.239  266.69  268.63  268.06
 221    94.834 56841.86299930 18.52  56.686577  66.084317   -100  266.69  268.63  268.06
 222    94.809 56851.77863635 20.78  56.672889  66.083529 20.967  262.71  263.78  263.55
 222    94.437 56851.77863694 25.13  56.679341  66.083720 28.669  262.71  263.78  263.55
 222    94.341 56851.77863753 24.69  56.685794  66.083911   -100  262.71  263.78  263.55
 223    30.280 56861.69429077 26.78  56.673966  66.084634 25.746 -100.00 -100.00 -100.00
 223    30.097 56861.69429136 27.94  56.680419  66.084824 28.976 -100.00 -100.00 -100.00
 223    30.595 56861.69429195 24.78  56.686872  66.085015 15.478 -100.00 -100.00 -100.00
 225    30.167 56881.52559522 45.85  56.673677  66.086709   -100 -100.00 -100.00 -100.00
 225    30.230 56881.52559581 45.32  56.680131  66.086899   -100 -100.00 -100.00 -100.00
 225    30.536 56881.52559640 46.28  56.686585  66.087090   -100 -100.00 -100.00 -100.00
 228    87.201 56911.27252869 18.78  56.676471  66.086082 30.978  266.81  267.07  266.98
 228    90.866 56911.27252928 11.81  56.682925  66.086272 12.110  266.81  267.07  266.98
 228    94.459 56911.27252987 20.75  56.689379  66.086462   -100  266.81  267.07  266.98
 229    94.860 56921.18816949 18.11  56.679417  66.087394 18.198  256.85  256.83  257.77
 229    93.976 56921.18817008 20.93  56.685871  66.087584   -100  256.85  256.83  257.77
 230   101.300 56931.10380784  4.97  56.679550  66.088774  3.491 -100.00 -100.00 -100.00
 230    99.955 56931.10380843  4.16  56.686004  66.088965  3.353 -100.00 -100.00 -100.00
 231    98.755 56941.01944116  2.45  56.680128  66.088992  2.875  252.25  250.44  250.16
 231    97.554 56941.01944175  2.03  56.686582  66.089183  2.944  252.25  250.44  250.16
 233    30.695 56960.85073279 48.38  56.679356  66.087155  4.120 -100.00 -100.00 -100.00
 233    30.803 56960.85073338 46.49  56.685810  66.087345   -100 -100.00 -100.00 -100.00
 235   101.062 56980.68202174  5.24  56.676970  66.086502  4.678  256.60  257.97  259.29
 235   102.724 56980.68202233  4.93  56.683424  66.086692  4.286  256.60  257.97  259.29
 236   103.883 56990.59765975  1.37  56.675058  66.086386  3.097 -100.00 -100.00 -100.00
 236   100.627 56990.59766034  1.44  56.681512  66.086577  3.300 -100.00 -100.00 -100.00
 236   101.937 56990.59766093  1.03  56.687966  66.086767  3.627 -100.00 -100.00 -100.00
 238   105.078 57010.42894677  1.14  56.670180  66.084821  3.026 -100.00 -100.00 -100.00
 238   103.874 57010.42894736  0.87  56.676634  66.085013  3.315 -100.00 -100.00 -100.00
 238   102.952 57010.42894795  0.82  56.683088  66.085203  3.107 -100.00 -100.00 -100.00
 238   101.576 57010.42894854  0.90  56.689542  66.085394  3.593 -100.00 -100.00 -100.00
 239   104.926 57020.34459891  1.44  56.671414  66.084147  3.175 -100.00 -100.00 -100.00
 239   104.180 57020.34459950  1.15  56.677868  66.084338  2.980 -100.00 -100.00 -100.00
 239   102.891 57020.34460009  1.19  56.684322  66.084528  3.351 -100.00 -100.00 -100.00
 242   103.880 57050.09154111  1.00  56.678605  66.086313  3.023 -100.00 -100.00 -100.00
 242   102.354 57050.09154170  1.06  56.685059  66.086503  3.838 -100.00 -100.00 -100.00
 243   104.918 57060.00718179  0.36  56.674201  66.086278  3.086 -100.00 -100.00 -100.00
 243   103.561 57060.00718238  0.36  56.680655  66.086469  3.698 -100.00 -100.00 -100.00
 243   102.749 57060.00718297  0.14  56.687108  66.086659  3.400 -100.00 -100.00 -100.00
 244   104.231 57069.92281757  0.58  56.678148  66.086047  3.606  244.29  237.50  224.17
 244   103.158 57069.92281816  0.41  56.684601  66.086238  3.171 -100.00 -100.00 -100.00
 245   104.630 57079.83844837  5.30  56.674953  66.085851  3.339 -100.00 -100.00 -100.00
 245   103.565 57079.83844896  4.98  56.681406  66.086041  3.617 -100.00 -100.00 -100.00
 245   101.959 57079.83844955  5.27  56.687859  66.086232  3.886 -100.00 -100.00 -100.00
 246   104.356 57089.75408705  4.84  56.674330  66.086670  4.296  242.07  237.05  225.68
 246   103.471 57089.75408764  4.46  56.680784  66.086861  3.918  242.07  237.05  225.68
 246   102.137 57089.75408823  5.36  56.687237  66.087051  5.406  242.07  237.05  225.68
 247   103.041 57099.66974565  4.77  56.680738  66.088320  3.815  251.65  248.99  245.24
 247   102.131 57099.66974624  4.75  56.687192  66.088510  3.826  251.65  248.99  245.24
 248   102.744 57109.58540073  4.93  56.681594  66.089202  3.291 -100.00 -100.00 -100.00
 248   102.071 57109.58540132  4.96  56.688049  66.089393  3.550 -100.00 -100.00 -100.00
 250   103.462 57129.41669370  2.12  56.679807  66.087480  3.261 -100.00 -100.00 -100.00
 250   102.358 57129.41669429  2.20  56.686262  66.087670  3.652 -100.00 -100.00 -100.00
 251   104.768 57139.33233127  1.86  56.673395  66.086610  3.205  234.93  228.60  219.72
 251   103.513 57139.33233186  2.05  56.679849  66.086801  3.255  234.93  228.60  219.72
 251   102.467 57139.33233245  2.17  56.686303  66.086991  3.527  234.93  228.60  219.72
 252   103.642 57149.24796626  1.40  56.678606  66.086904  3.444 -100.00 -100.00 -100.00
 252   104.959 57149.24796685  1.01  56.685060  66.087094  4.320 -100.00 -100.00 -100.00
 253    97.534 57159.16359771 26.29  56.675674  66.086943 24.680 -100.00 -100.00 -100.00
 253   101.152 57159.16359830 27.88  56.682128  66.087134 30.698 -100.00 -100.00 -100.00
 253   101.084 57159.16359889 23.85  56.688582  66.087324 22.271 -100.00 -100.00 -100.00
 254   100.479 57169.07924790 13.28  56.674762  66.086368  4.637  237.40  240.90  245.28
 254    98.943 57169.07924849 12.89  56.681216  66.086558  4.878  237.40  240.90  245.28
 254    97.321 57169.07924908 11.75  56.687669  66.086749  3.905  237.40  240.90  245.28
 255   110.648 57178.99490358  5.39  56.673081  66.085182  2.773  249.49  251.12  254.63
 255   110.759 57178.99490417  6.33  56.679534  66.085373  2.987  249.49  251.12  254.63
 255   111.186 57178.99490476  8.78  56.685987  66.085563  4.948  249.49  251.12  254.63
 256    93.899 57188.91055492 20.52  56.668618  66.084039 22.485 -100.00 -100.00 -100.00
 256   116.622 57188.91055551 22.72  56.675070  66.084230 21.240 -100.00 -100.00 -100.00
 256    92.918 57188.91055610 25.21  56.681523  66.084420 27.425 -100.00 -100.00 -100.00
 256    88.874 57188.91055669 28.10  56.687976  66.084611   -100 -100.00 -100.00 -100.00
 257   101.845 57198.82620323  5.60  56.672938  66.084325  3.104  267.01  269.24  268.07
 257   100.652 57198.82620382  5.09  56.679391  66.084515  3.149  267.01  269.24  268.07
 257   100.006 57198.82620441  4.66  56.685844  66.084706  3.495  267.01  269.24  268.07
 259   101.909 57218.65748216  2.63  56.676443  66.086419  4.258 -100.00 -100.00 -100.00
 259    88.703 57218.65748275  5.76  56.682897  66.086609  6.754 -100.00 -100.00 -100.00
 259    99.930 57218.65748334  1.73  56.689350  66.086799  3.557 -100.00 -100.00 -100.00
 260   102.427 57228.57312566  6.71  56.678031  66.086512  4.034  264.70  266.17  266.00
 260   100.447 57228.57312625  6.53  56.684484  66.086702  4.006  264.70  266.17  266.00
 261   102.219 57238.48876687  4.65  56.678439  66.086083  3.148  271.08  272.97  271.84
 261   101.451 57238.48876746  4.06  56.684893  66.086273  3.135  271.08  272.97  271.84
 262   103.701 57248.40440436  2.67  56.673157  66.085619  3.667  267.90  270.20  270.81
 262   102.424 57248.40440495  2.37  56.679611  66.085810  3.725  267.90  270.20  270.81
 262   101.562 57248.40440554  1.76  56.686065  66.086001  4.153  267.90  270.20  270.81
 263   103.015 57258.32004010  2.11  56.675786  66.086302  3.620 -100.00 -100.00 -100.00
 263   102.125 57258.32004069  1.22  56.682240  66.086493  3.110 -100.00 -100.00 -100.00
 263   101.198 57258.32004128  0.70  56.688694  66.086683  2.753 -100.00 -100.00 -100.00
 266    94.701 57288.06697958 22.34  56.677607  66.089047 25.518  256.77  257.08  257.02
 266    94.527 57288.06698017 25.42  56.684062  66.089237 30.858  256.77  257.08  257.02
 267    95.358 57297.98263327 23.42  56.682036  66.088056 26.864 -100.00 -100.00 -100.00
 267    95.127 57297.98263386 26.68  56.688491  66.088246   -100 -100.00 -100.00 -100.00
 269    29.782 57317.81392887 50.89  56.681138  66.086239   -100 -100.00 -100.00 -100.00
 269    29.813 57317.81392946 49.20  56.687592  66.086429   -100 -100.00 -100.00 -100.00
 272    30.389 57347.56085976 29.69  56.673965  66.086761 25.838 -100.00 -100.00 -100.00
 272    30.376 57347.56086035 29.74  56.680420  66.086952 27.666 -100.00 -100.00 -100.00
 272    30.465 57347.56086094 31.94  56.686874  66.087142   -100 -100.00 -100.00 -100.00
 276    33.624 57387.22342870 14.80  56.680920  66.085543  5.567 -100.00 -100.00 -100.00
 276    34.006 57387.22342929 15.28  56.687375  66.085734  6.492 -100.00 -100.00 -100.00
 280   104.783 57426.88600424  0.29  56.671771  66.085305  2.883 -100.00 -100.00 -100.00
 280   103.748 57426.88600483  0.23  56.678224  66.085496  3.386 -100.00 -100.00 -100.00
 280   102.422 57426.88600543  0.05  56.684678  66.085687  3.424 -100.00 -100.00 -100.00
 281   103.979 57436.80165288  2.74  56.677349  66.086410  3.359 -100.00 -100.00 -100.00
 281    99.467 57436.80165347  5.09  56.683802  66.086601  6.949 -100.00 -100.00 -100.00
 282   103.739 57446.71729965  1.37  56.679179  66.088541  3.103 -100.00 -100.00 -100.00
 282   102.104 57446.71730024  2.35  56.685633  66.088731  4.933 -100.00 -100.00 -100.00
 283   102.651 57456.63294539  1.54  56.680097  66.090060  3.684  257.01  251.71  235.83
 283   102.076 57456.63294598  1.21  56.686552  66.090251  4.021 -100.00 -100.00 -100.00
 284   103.120 57466.54858877  3.90  56.681280  66.089687  3.728  235.68  225.45  209.35
 284   101.919 57466.54858936  4.24  56.687735  66.089877  4.444  235.68  225.45  209.35
 285   104.104 57476.46422785  5.41  56.678315  66.087445  3.298 -100.00 -100.00 -100.00
 285   102.931 57476.46422844  5.40  56.684770  66.087635  3.257 -100.00 -100.00 -100.00
 287    29.749 57496.29549730 28.38  56.675302  66.084955 28.562  267.60  266.30  265.65
 287    29.942 57496.29549789 28.09  56.681756  66.085146 25.906  267.60  266.30  265.65
 287    29.713 57496.29549848 28.44  56.688210  66.085337 25.659  267.60  266.30  265.65
 288    99.760 57506.21113321 17.47  56.678848  66.086419 21.844 -100.00 -100.00 -100.00
 288    99.460 57506.21113380 12.76  56.685302  66.086610 16.000 -100.00 -100.00 -100.00
 289    95.367 57516.12678944 23.03  56.677556  66.087521 32.154  246.51  242.89  235.72
 289    91.539 57516.12679003 25.44  56.684011  66.087711 24.707  246.51  242.89  235.72
 290    95.012 57526.04244325 23.91  56.679059  66.087013 24.837 -100.00 -100.00 -100.00
 290    94.974 57526.04244384 27.45  56.685513  66.087204   -100 -100.00 -100.00 -100.00
 291   109.523 57535.95809364 11.34  56.670286  66.084683  6.091  256.50  257.12  258.92
 291    99.456 57535.95809423  8.47  56.676739  66.084874  3.439  256.50  257.12  258.92
 291    98.841 57535.95809482  8.08  56.683192  66.085064  4.651  256.50  257.12  258.92
 291    96.502 57535.95809541  7.28  56.689645  66.085254  3.810  256.50  257.12  258.92
 292    98.427 57545.87374195 19.05  56.669042  66.083075 19.748  259.06  259.03  260.47
 292   101.366 57545.87374254  4.76  56.675494  66.083266  3.509  259.06  259.03  260.47
 292    98.471 57545.87374313  4.51  56.681946  66.083456  3.483  259.06  259.03  260.47
 292    99.202 57545.87374372  3.69  56.688399  66.083647  3.232  259.06  259.03  260.47
 293   103.035 57555.78938841  8.91  56.667750  66.083384  3.584  261.25  261.99  262.34
 293   101.613 57555.78938900  9.04  56.674202  66.083575  4.377  261.25  261.99  262.34
 293   100.431 57555.78938959  8.29  56.680655  66.083765  4.139  261.25  261.99  262.34
 293    99.154 57555.78939018  7.39  56.687107  66.083956  3.368  261.25  261.99  262.34
 294   102.484 57565.70503395  5.53  56.671267  66.085515  4.208  268.27  269.27  268.68
 294   100.919 57565.70503454  4.84  56.677721  66.085706  3.029  268.27  269.27  268.68
 294   100.423 57565.70503513  4.05  56.684174  66.085897  3.037  268.27  269.27  268.68
 297    29.791 57595.45196422 45.31  56.677588  66.086589   -100 -100.00 -100.00 -100.00
 297    29.405 57595.45196481 49.88  56.684043  66.086780 28.416 -100.00 -100.00 -100.00
