# NaN NaN NaN ;Mean Elev.(m), Avg Gradient(m/km), RMS Gradient(m/km) - SRTM1     
#   11.518  -5.384  16.824 ;Mean Elev.(m), Avg Gradient(m/km), RMS Gradient(m/km) - ASTER GDEM
#   30.000   0.799  13.673 ;Mean Elev.(m), Avg Gradient(m/km), RMS Gradient(m/km) - GMTED2010 
   3   -18.942 54680.25270253 21.70  55.139222  66.033797 13.435  272.18  270.74  270.70
   3   -13.792 54680.25270312 21.86  55.145649  66.034056 11.914  272.18  270.74  270.70
   3     4.775 54680.25270371 15.42  55.152075  66.034314  6.717  272.18  270.74  270.70
   3     6.155 54680.25270430 17.46  55.158501  66.034573  6.357  272.18  270.74  270.70
   5   -12.120 54700.08398629 25.68  55.142694  66.035101  9.643 -100.00 -100.00 -100.00
   5   -11.011 54700.08398688 26.89  55.149121  66.035361 11.877 -100.00 -100.00 -100.00
   6   111.082 54709.99963171  4.70  55.144765  66.034008  3.830 -100.00 -100.00 -100.00
   6   110.656 54709.99963230  3.60  55.151191  66.034267  2.977 -100.00 -100.00 -100.00
   6   108.191 54709.99963289  4.52  55.157617  66.034526  5.213 -100.00 -100.00 -100.00
   7     7.284 54719.91528288 20.78  55.143393  66.032429 12.695 -100.00 -100.00 -100.00
   7     7.985 54719.91528347 21.71  55.149819  66.032688 11.525 -100.00 -100.00 -100.00
   7     6.689 54719.91528406 29.09  55.156244  66.032946 28.194 -100.00 -100.00 -100.00
   8   106.985 54729.83093119  2.94  55.139301  66.030893  4.306 -100.00 -100.00 -100.00
   8   104.199 54729.83093178  2.73  55.145725  66.031152  4.342 -100.00 -100.00 -100.00
   8   103.085 54729.83093237  2.71  55.152150  66.031411  4.709 -100.00 -100.00 -100.00
   8   106.931 54729.83093296  2.65  55.158575  66.031669  5.681 -100.00 -100.00 -100.00
   9   109.589 54739.74657842  6.59  55.140373  66.030775  4.426  263.89  263.33  263.90
   9    99.897 54739.74657901 10.25  55.146798  66.031034 10.097  263.89  263.33  263.90
   9   107.938 54739.74657960  6.44  55.153223  66.031293  4.719  263.89  263.33  263.90
   9   106.874 54739.74658019  5.75  55.159649  66.031551  4.751  263.89  263.33  263.90
  10   100.805 54749.66222580 11.16  55.142878  66.031445  9.381  258.67  258.33  259.75
  10   103.685 54749.66222640  9.48  55.149304  66.031704  7.615  258.67  258.33  259.75
  10   100.953 54749.66222699  7.46  55.155729  66.031962  6.550  258.67  258.33  259.75
  11   109.217 54759.57787245  6.59  55.139601  66.031919  4.711  260.69  260.06  261.05
  11   111.897 54759.57787305  4.63  55.146027  66.032178  4.119  260.69  260.06  261.05
  11    82.554 54759.57787364 10.46  55.152452  66.032436 13.577  260.69  260.06  261.05
  11   107.041 54759.57787423  4.56  55.158878  66.032694  4.420  260.69  260.06  261.05
  12   103.992 54769.49351708 12.37  55.139920  66.031787  8.076  258.41  257.43  258.84
  12   103.767 54769.49351767 10.26  55.146346  66.032046  5.127  258.41  257.43  258.84
  12    99.641 54769.49351827 11.57  55.152772  66.032304  8.909  258.41  257.43  258.84
  12   104.805 54769.49351886  8.71  55.159198  66.032563  4.632  258.41  257.43  258.84
  17    24.340 54819.07170992 21.90  55.140065  66.032084 11.328 -100.00 -100.00 -100.00
  17    24.879 54819.07171051 21.77  55.146491  66.032343 11.687 -100.00 -100.00 -100.00
  17    26.182 54819.07171110 22.34  55.152917  66.032602 11.464 -100.00 -100.00 -100.00
  17    24.339 54819.07171169 23.39  55.159343  66.032861 14.106 -100.00 -100.00 -100.00
  18    25.844 54828.98736265 19.72  55.144976  66.033066  9.178 -100.00 -100.00 -100.00
  18    25.739 54828.98736324 21.91  55.151402  66.033325 12.054 -100.00 -100.00 -100.00
  18    24.275 54828.98736383 22.32  55.157828  66.033583 15.688 -100.00 -100.00 -100.00
  23   102.422 54878.56559558  0.39  55.140386  66.034905  3.310  251.65  245.23  228.46
  23   110.604 54878.56559617  0.07  55.146813  66.035164  3.192  251.65  245.23  228.46
  23    99.909 54878.56559676  0.06  55.153240  66.035422  4.206  251.65  245.23  228.46
  24   101.356 54888.48124060  1.93  55.143050  66.033363  4.313 -100.00 -100.00 -100.00
  24   100.679 54888.48124119  1.32  55.149477  66.033622  4.209 -100.00 -100.00 -100.00
  24   108.836 54888.48124178  0.65  55.155903  66.033880  4.327 -100.00 -100.00 -100.00
  28    96.829 54928.14379649  3.36  55.143576  66.032245  3.782  239.97  227.16  206.37
  28   100.208 54928.14379708  2.57  55.150002  66.032504  4.257  239.97  227.16  206.37
  28    99.354 54928.14379767  2.25  55.156428  66.032762  4.012  239.97  227.16  206.37
  32    24.054 54967.80635262 16.77  55.145140  66.029950  5.810 -100.00 -100.00 -100.00
  32    27.229 54967.80635321 18.98  55.151565  66.030209  8.464 -100.00 -100.00 -100.00
  32    26.841 54967.80635380 19.37  55.157989  66.030468  8.171 -100.00 -100.00 -100.00
  33    87.568 54977.72199980 24.79  55.141584  66.030833   -100 -100.00 -100.00 -100.00
  33    91.542 54977.72200039 24.91  55.148009  66.031091 23.578 -100.00 -100.00 -100.00
  33    91.407 54977.72200098 25.82  55.154434  66.031350 28.394 -100.00 -100.00 -100.00
  34    81.945 54987.63764723 23.60  55.140555  66.031860 10.927 -100.00 -100.00 -100.00
  34    82.152 54987.63764782 23.73  55.146980  66.032119  8.689 -100.00 -100.00 -100.00
  34    95.929 54987.63764842 13.22  55.153405  66.032377  4.709 -100.00 -100.00 -100.00
  34    95.829 54987.63764901 14.60  55.159831  66.032636  6.845 -100.00 -100.00 -100.00
  35   109.366 54997.55329491  6.68  55.140493  66.032350  4.257 -100.00 -100.00 -100.00
  35   103.235 54997.55329550  8.33  55.146918  66.032609  6.869 -100.00 -100.00 -100.00
  35   102.864 54997.55329609  6.28  55.153344  66.032868  5.061 -100.00 -100.00 -100.00
  35   101.825 54997.55329668  5.67  55.159770  66.033126  5.320 -100.00 -100.00 -100.00
  36   111.723 55007.46894104  0.40  55.142743  66.032685  3.497 -100.00 -100.00 -100.00
  36   108.656 55007.46894163  0.93  55.149169  66.032944  4.162 -100.00 -100.00 -100.00
  36   109.203 55007.46894222  0.67  55.155595  66.033203  4.612 -100.00 -100.00 -100.00
  38    28.752 55027.30022759 21.61  55.145319  66.034070 10.654 -100.00 -100.00 -100.00
  38    28.994 55027.30022818 26.03  55.151745  66.034328 19.918 -100.00 -100.00 -100.00
  38    29.604 55027.30022877 26.89  55.158172  66.034587 16.998 -100.00 -100.00 -100.00
  40    27.064 55047.13151038 21.84  55.143887  66.035370 14.920  271.57  270.16  270.09
  40    27.049 55047.13151097 25.23  55.150314  66.035629 20.534  271.57  270.16  270.09
  41    27.011 55057.04714938 22.23  55.143820  66.034009 11.148 -100.00 -100.00 -100.00
  41    27.915 55057.04714997 23.38  55.150246  66.034268 10.344 -100.00 -100.00 -100.00
  41    28.329 55057.04715056 25.30  55.156672  66.034526 13.276 -100.00 -100.00 -100.00
  42    27.579 55066.96278610 21.01  55.143780  66.031643 11.799 -100.00 -100.00 -100.00
  42    27.931 55066.96278669 23.17  55.150205  66.031902 15.424 -100.00 -100.00 -100.00
  42    27.862 55066.96278728 23.90  55.156630  66.032161 14.973 -100.00 -100.00 -100.00
  43    27.166 55076.87843655 21.86  55.145012  66.030221 14.673 -100.00 -100.00 -100.00
  43    27.659 55076.87843714 24.86  55.151436  66.030480 17.625 -100.00 -100.00 -100.00
  43    27.998 55076.87843773 26.94  55.157861  66.030739 21.011 -100.00 -100.00 -100.00
  44    82.228 55086.79408384  0.95  55.139640  66.030186  5.805 -100.00 -100.00 -100.00
  44    95.150 55086.79408443  0.56  55.146064  66.030445  5.785 -100.00 -100.00 -100.00
  44    71.023 55086.79408561  4.45  55.158914  66.030962  8.115 -100.00 -100.00 -100.00
  45    88.939 55096.70973035  9.10  55.143182  66.031601 16.163 -100.00 -100.00 -100.00
  45    98.120 55096.70973094  8.81  55.149607  66.031859 16.397 -100.00 -100.00 -100.00
  45    98.197 55096.70973153  9.00  55.156032  66.032118 16.584 -100.00 -100.00 -100.00
  46   103.735 55106.62537586 10.76  55.139782  66.032332  7.199 -100.00 -100.00 -100.00
  46   103.266 55106.62537645  9.77  55.146208  66.032591  6.532 -100.00 -100.00 -100.00
  46    99.706 55106.62537704 11.36  55.152634  66.032849  8.811 -100.00 -100.00 -100.00
  46   101.011 55106.62537763  8.40  55.159060  66.033107  5.630 -100.00 -100.00 -100.00
  47   103.596 55116.54102168  9.27  55.145065  66.032010  4.506 -100.00 -100.00 -100.00
  47   100.149 55116.54102227 10.02  55.151491  66.032268  6.849 -100.00 -100.00 -100.00
  47    99.219 55116.54102286 10.02  55.157917  66.032527  7.144 -100.00 -100.00 -100.00
  48   100.766 55126.45666424  6.70  55.140406  66.030290  5.596 -100.00 -100.00 -100.00
  48   105.891 55126.45666483  5.71  55.146832  66.030549  4.168 -100.00 -100.00 -100.00
  48   100.527 55126.45666542  6.47  55.153258  66.030807  5.950 -100.00 -100.00 -100.00
  48   101.238 55126.45666601  4.59  55.159684  66.031066  4.421 -100.00 -100.00 -100.00
  49    23.419 55136.37230489 37.06  55.141140  66.029246 22.362 -100.00 -100.00 -100.00
  49    23.394 55136.37230548 40.03  55.147566  66.029505 25.377 -100.00 -100.00 -100.00
  49    23.124 55136.37230607 50.60  55.153992  66.029763   -100 -100.00 -100.00 -100.00
  50    23.920 55146.28794375 38.06  55.144149  66.029633 24.115 -100.00 -100.00 -100.00
  50    24.093 55146.28794434 40.05  55.150575  66.029892 21.721 -100.00 -100.00 -100.00
  50    23.832 55146.28794493 41.16  55.157001  66.030150   -100 -100.00 -100.00 -100.00
  51    24.053 55156.20358147 27.93  55.142529  66.031147 20.408 -100.00 -100.00 -100.00
  51    24.001 55156.20358206 28.28  55.148955  66.031406 17.950 -100.00 -100.00 -100.00
  51    23.948 55156.20358265 28.78  55.155382  66.031664 19.521 -100.00 -100.00 -100.00
  52    25.663 55166.11921920 23.54  55.139898  66.032337 11.895 -100.00 -100.00 -100.00
  52    25.903 55166.11921979 26.12  55.146324  66.032596 17.572 -100.00 -100.00 -100.00
  52    26.136 55166.11922038 25.47  55.152750  66.032855 14.230 -100.00 -100.00 -100.00
  52    26.135 55166.11922097 25.69  55.159176  66.033114 16.545 -100.00 -100.00 -100.00
  53    23.917 55176.03485709 23.68  55.142296  66.032948 15.747 -100.00 -100.00 -100.00
  53    23.886 55176.03485768 24.18  55.148722  66.033207 15.906 -100.00 -100.00 -100.00
  53    26.387 55176.03485827 24.63  55.155148  66.033466 16.628 -100.00 -100.00 -100.00
  54    25.343 55185.95049869 16.07  55.140307  66.032366  7.319 -100.00 -100.00 -100.00
  54    25.831 55185.95049928 16.60  55.146733  66.032626  8.362 -100.00 -100.00 -100.00
  54    26.269 55185.95049987 16.51  55.153158  66.032885  8.205 -100.00 -100.00 -100.00
  54    26.668 55185.95050046 16.38  55.159584  66.033143  7.589 -100.00 -100.00 -100.00
  55    24.410 55195.86614976 15.93  55.140502  66.032498  7.490 -100.00 -100.00 -100.00
  55    26.168 55195.86615035 15.29  55.146927  66.032757  6.809 -100.00 -100.00 -100.00
  55    26.393 55195.86615094 15.60  55.153353  66.033015  7.575 -100.00 -100.00 -100.00
  55    26.464 55195.86615153 16.29  55.159779  66.033274  8.248 -100.00 -100.00 -100.00
  56    25.549 55205.78179991 15.61  55.144063  66.033751  6.329 -100.00 -100.00 -100.00
  56    25.987 55205.78180050 15.69  55.150489  66.034010  6.660 -100.00 -100.00 -100.00
  56    26.570 55205.78180109 15.85  55.156915  66.034269  7.187 -100.00 -100.00 -100.00
  64    97.956 55285.10694122  3.71  55.139880  66.032904  3.250  256.30  253.69  249.71
  64    96.917 55285.10694181  3.28  55.146305  66.033163  2.848  256.30  253.69  249.71
  64    95.490 55285.10694240  3.48  55.152731  66.033421  3.568  256.30  253.69  249.71
  64    94.915 55285.10694299  3.10  55.159158  66.033680  3.220  256.30  253.69  249.71
  67    71.205 55314.85386261  4.90  55.142151  66.028409  4.648 -100.00 -100.00 -100.00
  67    69.525 55314.85386320  4.90  55.148575  66.028668  3.806 -100.00 -100.00 -100.00
  67    29.875 55314.85386379 13.23  55.154999  66.028927 15.222 -100.00 -100.00 -100.00
  68    94.092 55324.76950816 13.93  55.142573  66.029465 18.440 -100.00 -100.00 -100.00
  68    90.250 55324.76950875 18.72  55.148997  66.029724 22.523 -100.00 -100.00 -100.00
  68    89.703 55324.76950934 26.82  55.155422  66.029983   -100 -100.00 -100.00 -100.00
  69   117.505 55334.68515235 16.32  55.141635  66.031659 14.064  257.91  258.59  261.64
  69    95.643 55334.68515294 18.39  55.148059  66.031918 22.724  257.91  258.59  261.64
  69    89.920 55334.68515353 19.23  55.154485  66.032176 22.962  257.91  258.59  261.64
  70   109.427 55344.60079653  4.02  55.143795  66.033409  4.134 -100.00 -100.00 -100.00
  70   108.711 55344.60079712  3.17  55.150221  66.033667  3.958 -100.00 -100.00 -100.00
  70   106.408 55344.60079771  3.28  55.156647  66.033926  5.406 -100.00 -100.00 -100.00
  71   102.223 55354.51643948 13.13  55.141267  66.033363  8.409 -100.00 -100.00 -100.00
  71   104.033 55354.51644007  9.85  55.147692  66.033622  4.126 -100.00 -100.00 -100.00
  71   104.347 55354.51644066 10.01  55.154118  66.033880  4.594 -100.00 -100.00 -100.00
  72   109.385 55364.43208043  7.26  55.139525  66.032727  4.734 -100.00 -100.00 -100.00
  72   103.665 55364.43208102  6.56  55.145950  66.032986  5.698 -100.00 -100.00 -100.00
  72    99.997 55364.43208161  8.51  55.152376  66.033244  7.725 -100.00 -100.00 -100.00
  72   101.207 55364.43208220  6.48  55.158802  66.033503  5.745 -100.00 -100.00 -100.00
  73   101.329 55374.34772010  8.30  55.141828  66.032605 10.112 -100.00 -100.00 -100.00
  73   103.239 55374.34772069  4.86  55.148253  66.032864  5.641 -100.00 -100.00 -100.00
  73   100.366 55374.34772128  5.99  55.154679  66.033122  8.012 -100.00 -100.00 -100.00
  74   108.971 55384.26335867  3.02  55.144927  66.033536  6.136 -100.00 -100.00 -100.00
  74   107.601 55384.26335927  2.52  55.151353  66.033795  4.803 -100.00 -100.00 -100.00
  75   109.102 55394.17899610  1.68  55.144595  66.034502  3.964 -100.00 -100.00 -100.00
  75   102.726 55394.17899669  1.66  55.151021  66.034761  4.385 -100.00 -100.00 -100.00
  78    26.766 55423.92593394 22.72  55.141261  66.030718 16.746 -100.00 -100.00 -100.00
  78    27.257 55423.92593454 25.04  55.147686  66.030977 18.825 -100.00 -100.00 -100.00
  78    27.607 55423.92593513 26.34  55.154110  66.031235 21.072 -100.00 -100.00 -100.00
  79   119.932 55433.84158005  8.84  55.141848  66.028924 16.447  264.21  263.36  262.93
  79   119.765 55433.84158064  8.48  55.148272  66.029183 17.485  264.21  263.36  262.93
  79   103.974 55433.84158123  1.74  55.154697  66.029441  6.026  264.21  263.36  262.93
  80   109.467 55443.75722466  3.87  55.143063  66.029479  4.545 -100.00 -100.00 -100.00
  80   108.365 55443.75722525  2.78  55.149488  66.029738  3.868 -100.00 -100.00 -100.00
  80   109.267 55443.75722584  2.23  55.155912  66.029996  3.635 -100.00 -100.00 -100.00
  81   109.691 55453.67286798  5.73  55.143998  66.031339  3.660 -100.00 -100.00 -100.00
  81   108.094 55453.67286857  5.77  55.150424  66.031598  4.235 -100.00 -100.00 -100.00
  81   107.028 55453.67286916  5.67  55.156849  66.031856  5.193 -100.00 -100.00 -100.00
  82   100.785 55463.58851023 10.32  55.142087  66.032850  9.767 -100.00 -100.00 -100.00
  82   100.153 55463.58851082  7.67  55.148513  66.033109  6.790 -100.00 -100.00 -100.00
  82    91.502 55463.58851141 12.38  55.154939  66.033367 14.858 -100.00 -100.00 -100.00
  83    94.989 55473.50415017 12.11  55.140298  66.032126 12.606 -100.00 -100.00 -100.00
  83    77.803 55473.50415076 13.78  55.146724  66.032385 18.415 -100.00 -100.00 -100.00
  83    83.071 55473.50415135 16.88  55.153150  66.032644 27.407 -100.00 -100.00 -100.00
  83   101.989 55473.50415194 16.70  55.159576  66.032902 26.525 -100.00 -100.00 -100.00
  84   103.443 55483.41978737 11.01  55.140266  66.030006  7.864 -100.00 -100.00 -100.00
  84   104.643 55483.41978796  8.59  55.146691  66.030265  4.292 -100.00 -100.00 -100.00
  84    99.855 55483.41978855  9.25  55.153117  66.030524  6.535 -100.00 -100.00 -100.00
  84   106.114 55483.41978914  8.22  55.159543  66.030782  5.981 -100.00 -100.00 -100.00
  85   102.475 55493.33542280 10.61  55.144020  66.028365  7.864 -100.00 -100.00 -100.00
  85   107.673 55493.33542339 10.17  55.150445  66.028624  7.670 -100.00 -100.00 -100.00
  85   106.141 55493.33542398  7.97  55.156871  66.028883  5.106 -100.00 -100.00 -100.00
  86   107.343 55503.25105628  8.75  55.140831  66.028849  5.736 -100.00 -100.00 -100.00
  86   108.813 55503.25105687  6.05  55.147256  66.029108  3.244 -100.00 -100.00 -100.00
  86   107.231 55503.25105746  6.97  55.153682  66.029367  4.173 -100.00 -100.00 -100.00
  87   100.189 55513.16670382  6.01  55.143947  66.031437 10.691  259.36  257.31  256.73
  87    99.731 55513.16670441  7.29  55.150372  66.031696 13.006  259.36  257.31  256.73
  87    93.384 55513.16670500  2.25  55.156799  66.031954  5.931  259.36  257.31  256.73
  88    25.090 55523.08235321 38.33  55.141527  66.033553 28.204 -100.00 -100.00 -100.00
  88    25.358 55523.08235380 39.34  55.147953  66.033812 26.534 -100.00 -100.00 -100.00
  88    25.197 55523.08235439 42.92  55.154380  66.034071   -100 -100.00 -100.00 -100.00
  89    25.384 55532.99800108 27.47  55.139927  66.034066 18.375 -100.00 -100.00 -100.00
  89    25.349 55532.99800167 29.12  55.146353  66.034325 23.129 -100.00 -100.00 -100.00
  89    25.365 55532.99800226 29.79  55.152779  66.034583 25.968 -100.00 -100.00 -100.00
  90    25.248 55542.91364736 22.76  55.140106  66.033251 11.675 -100.00 -100.00 -100.00
  90    24.992 55542.91364795 25.30  55.146532  66.033510 16.287 -100.00 -100.00 -100.00
  90    25.923 55542.91364854 25.26  55.152959  66.033769 16.900 -100.00 -100.00 -100.00
  90    25.336 55542.91364913 24.57  55.159385  66.034027 15.133 -100.00 -100.00 -100.00
  91    25.322 55552.82929170 21.30  55.140810  66.032679 11.806 -100.00 -100.00 -100.00
  91    25.902 55552.82929229 20.63  55.147236  66.032938 10.758 -100.00 -100.00 -100.00
  91    26.521 55552.82929289 21.27  55.153661  66.033196 10.573 -100.00 -100.00 -100.00
  92    25.720 55562.74493473 17.15  55.140365  66.033258  6.212 -100.00 -100.00 -100.00
  92    26.042 55562.74493532 17.89  55.146791  66.033517  7.332 -100.00 -100.00 -100.00
  92    26.369 55562.74493592 19.18  55.153217  66.033775  8.409 -100.00 -100.00 -100.00
  92    26.793 55562.74493651 18.18  55.159643  66.034034  8.239 -100.00 -100.00 -100.00
  94    25.110 55582.57621835 17.46  55.140876  66.034283  6.905 -100.00 -100.00 -100.00
  94    25.022 55582.57621894 18.90  55.147303  66.034542  9.521 -100.00 -100.00 -100.00
  94    25.696 55582.57621953 19.25  55.153730  66.034801  9.786 -100.00 -100.00 -100.00
  95    25.515 55592.49185623 17.01  55.142098  66.032618  9.527 -100.00 -100.00 -100.00
  95    26.032 55592.49185682 17.02  55.148524  66.032877  8.995 -100.00 -100.00 -100.00
  95    26.378 55592.49185741 16.89  55.154950  66.033135  7.686 -100.00 -100.00 -100.00
  96    25.386 55602.40749042 16.35  55.139370  66.030066  6.728 -100.00 -100.00 -100.00
  96    26.250 55602.40749101 16.39  55.145796  66.030326  7.295 -100.00 -100.00 -100.00
  96    26.351 55602.40749160 16.22  55.152221  66.030584  6.140 -100.00 -100.00 -100.00
  96    26.833 55602.40749219 16.23  55.158648  66.030843  6.301 -100.00 -100.00 -100.00
 101    25.468 55651.98570911 14.42  55.143344  66.031786  7.305  254.36  244.70  223.64
 101    26.109 55651.98570970 15.52  55.149769  66.032045  8.791  254.36  244.70  223.64
 101    26.322 55651.98571029 15.05  55.156195  66.032303  7.114  254.36  244.70  223.64
 102    23.097 55661.90135305 25.19  55.144926  66.030033   -100 -100.00 -100.00 -100.00
 102    23.337 55661.90135364 26.17  55.151351  66.030292   -100 -100.00 -100.00 -100.00
 102    23.533 55661.90135423 23.79  55.157776  66.030551 21.058 -100.00 -100.00 -100.00
 103    97.149 55671.81699351  1.57  55.142572  66.029042  4.768 -100.00 -100.00 -100.00
 103    96.059 55671.81699410  0.55  55.148996  66.029301  4.681 -100.00 -100.00 -100.00
 103    92.569 55671.81699469  1.90  55.155420  66.029560  6.641 -100.00 -100.00 -100.00
 104    66.094 55681.73263287  8.43  55.144376  66.029869  9.055 -100.00 -100.00 -100.00
 104    99.544 55681.73263346  6.28  55.150800  66.030128  8.661 -100.00 -100.00 -100.00
 104   103.043 55681.73263405  7.21  55.157225  66.030386  8.157 -100.00 -100.00 -100.00
 105   110.276 55691.64827020 12.74  55.141764  66.031778  4.394 -100.00 -100.00 -100.00
 105   108.550 55691.64827079 14.46  55.148190  66.032037  7.038 -100.00 -100.00 -100.00
 105   107.544 55691.64827138 12.25  55.154615  66.032296  5.579 -100.00 -100.00 -100.00
 106   110.007 55701.56390612 11.42  55.141635  66.033396  5.784 -100.00 -100.00 -100.00
 106   100.656 55701.56390671 12.13  55.148061  66.033656  7.918 -100.00 -100.00 -100.00
 106   101.352 55701.56390730 11.90  55.154487  66.033915  7.988 -100.00 -100.00 -100.00
 107   109.371 55711.47954778  5.49  55.142301  66.033894  5.247 -100.00 -100.00 -100.00
 107   108.679 55711.47954837  4.12  55.148728  66.034153  3.818 -100.00 -100.00 -100.00
 107   102.765 55711.47954896  4.95  55.155154  66.034412  5.063 -100.00 -100.00 -100.00
 110    28.288 55741.22649136 18.68  55.140095  66.033299  9.351  270.47  269.06  269.61
 110    28.723 55741.22649195 20.73  55.146521  66.033558  9.645  270.47  269.06  269.61
 110    29.036 55741.22649254 24.60  55.152947  66.033816 18.568  270.47  269.06  269.61
 110    29.506 55741.22649313 25.48  55.159373  66.034075 15.191  270.47  269.06  269.61
 111    22.877 55751.14213677 32.76  55.143040  66.033666 19.238 -100.00 -100.00 -100.00
 111    24.108 55751.14213736 37.45  55.149466  66.033924 24.320 -100.00 -100.00 -100.00
 111    23.707 55751.14213795 32.80  55.155892  66.034183 25.872 -100.00 -100.00 -100.00
 112    27.506 55761.05777972 20.96  55.144938  66.033332 11.754  269.66  269.09  269.33
 112    27.656 55761.05778031 24.04  55.151364  66.033591 14.036  269.66  269.09  269.33
 112    28.510 55761.05778090 21.96  55.157790  66.033850 10.018  269.66  269.09  269.33
 113    24.180 55770.97341934 33.57  55.141867  66.032063 17.325  265.16  264.22  263.14
 113    22.761 55770.97341993 37.54  55.148292  66.032322 19.707  265.16  264.22  263.14
 113    22.989 55770.97342052 48.65  55.154718  66.032581   -100  265.16  264.22  263.14
 114    27.285 55780.88905590 21.11  55.143136  66.030360  8.621  268.11  267.34  266.52
 114    27.457 55780.88905649 24.56  55.149560  66.030619 13.476  268.11  267.34  266.52
 114    27.925 55780.88905708 28.48  55.155985  66.030878 18.292  268.11  267.34  266.52
 115    26.998 55790.80468987 22.18  55.144214  66.029444 17.281 -100.00 -100.00 -100.00
 115    27.111 55790.80469046 25.56  55.150639  66.029703 24.217 -100.00 -100.00 -100.00
 115    27.637 55790.80469105 26.60  55.157063  66.029962 20.747 -100.00 -100.00 -100.00
 117    22.880 55810.63597165 48.85  55.144592  66.031014 31.955 -100.00 -100.00 -100.00
 117    22.633 55810.63597224 48.87  55.151017  66.031273   -100 -100.00 -100.00 -100.00
 117    22.655 55810.63597283 52.09  55.157442  66.031532   -100 -100.00 -100.00 -100.00
 119    81.948 55830.46726426 11.51  55.140682  66.031389 14.653 -100.00 -100.00 -100.00
 119    85.515 55830.46726485 11.10  55.147107  66.031648  9.902 -100.00 -100.00 -100.00
 119    85.297 55830.46726544 16.98  55.153533  66.031907 19.861 -100.00 -100.00 -100.00
 120    95.168 55840.38290422  4.47  55.145016  66.030244  6.556 -100.00 -100.00 -100.00
 120   109.401 55840.38290481  1.92  55.151441  66.030503  3.731 -100.00 -100.00 -100.00
 120   100.378 55840.38290540  2.33  55.157867  66.030762  5.177 -100.00 -100.00 -100.00
 121   107.915 55850.29854022  7.09  55.139545  66.029229  4.160 -100.00 -100.00 -100.00
 121   108.493 55850.29854081  6.00  55.145971  66.029489  3.816 -100.00 -100.00 -100.00
 121   109.054 55850.29854140  5.70  55.152396  66.029748  3.882 -100.00 -100.00 -100.00
 121   106.674 55850.29854199  5.19  55.158822  66.030006  4.250 -100.00 -100.00 -100.00
 122    25.912 55860.21417514 38.47  55.143847  66.030268 20.890 -100.00 -100.00 -100.00
 122    24.875 55860.21417573 41.55  55.150273  66.030527   -100 -100.00 -100.00 -100.00
 122    24.901 55860.21417632 35.07  55.156699  66.030786   -100 -100.00 -100.00 -100.00
 123    23.796 55870.12982621 39.69  55.144225  66.032265 20.419 -100.00 -100.00 -100.00
 123    23.461 55870.12982680 43.61  55.150651  66.032524   -100 -100.00 -100.00 -100.00
 123    23.258 55870.12982739 41.38  55.157078  66.032783   -100 -100.00 -100.00 -100.00
 124    24.045 55880.04547669 36.88  55.139843  66.033598   -100 -100.00 -100.00 -100.00
 124    23.821 55880.04547728 38.40  55.146269  66.033857   -100 -100.00 -100.00 -100.00
 124    23.937 55880.04547787 38.88  55.152696  66.034116   -100 -100.00 -100.00 -100.00
 124    23.803 55880.04547846 38.75  55.159122  66.034374   -100 -100.00 -100.00 -100.00
 125    24.276 55889.96112129 24.77  55.144536  66.034104 14.002 -100.00 -100.00 -100.00
 125    24.220 55889.96112188 26.01  55.150962  66.034363 16.611 -100.00 -100.00 -100.00
 125    24.415 55889.96112247 25.93  55.157389  66.034622 15.068 -100.00 -100.00 -100.00
 126    24.941 55899.87675955 20.54  55.144095  66.033656  9.607 -100.00 -100.00 -100.00
 126    24.857 55899.87676015 21.29  55.150521  66.033915 11.701 -100.00 -100.00 -100.00
 126    25.913 55899.87676074 22.19  55.156947  66.034174 12.228 -100.00 -100.00 -100.00
 127    25.330 55909.79239307 17.10  55.144096  66.033337  8.315 -100.00 -100.00 -100.00
 127    23.470 55909.79239366 19.32  55.150521  66.033596 10.779 -100.00 -100.00 -100.00
 127    23.756 55909.79239425 18.73  55.156947  66.033855  9.648 -100.00 -100.00 -100.00
 128    24.623 55919.70804455 18.56  55.141532  66.033624 10.398 -100.00 -100.00 -100.00
 128    24.480 55919.70804514 18.55  55.147959  66.033883 10.860 -100.00 -100.00 -100.00
 128    23.697 55919.70804573 17.85  55.154385  66.034141  9.407 -100.00 -100.00 -100.00
 132    23.854 55959.37063031 18.03  55.146573  66.030137  9.897 -100.00 -100.00 -100.00
 132    25.477 55959.37063090 17.53  55.152998  66.030396 10.287 -100.00 -100.00 -100.00
 132    26.085 55959.37063149 15.95  55.159425  66.030655  7.179 -100.00 -100.00 -100.00
 133    22.999 55969.28626722 17.63  55.141233  66.030132  9.754 -100.00 -100.00 -100.00
 133    23.947 55969.28626781 16.79  55.147659  66.030391  6.964 -100.00 -100.00 -100.00
 133    24.417 55969.28626840 17.31  55.154085  66.030649  9.258 -100.00 -100.00 -100.00
 138   111.118 56018.86447928  0.49  55.142948  66.030171  3.795  252.65  244.89  224.46
 138   109.394 56018.86447987  1.00  55.149373  66.030430  5.367  252.65  244.89  224.46
 142   107.096 56058.52704280 12.08  55.143014  66.033697  5.695 -100.00 -100.00 -100.00
 142    92.538 56058.52704339 16.58  55.149440  66.033956 15.476 -100.00 -100.00 -100.00
 142    92.073 56058.52704398 21.62  55.155866  66.034215   -100 -100.00 -100.00 -100.00
 143   109.343 56068.44267580 11.03  55.141118  66.033385  4.557 -100.00 -100.00 -100.00
 143   102.278 56068.44267639 12.87  55.147544  66.033645  8.131 -100.00 -100.00 -100.00
 143   107.875 56068.44267698  9.60  55.153970  66.033904  3.927 -100.00 -100.00 -100.00
 144   104.670 56078.35832693  7.59  55.139207  66.033352  5.009 -100.00 -100.00 -100.00
 144   110.465 56078.35832752  6.63  55.145633  66.033611  4.875 -100.00 -100.00 -100.00
 144   108.484 56078.35832811  6.08  55.152059  66.033870  4.167 -100.00 -100.00 -100.00
 144   107.015 56078.35832870  5.70  55.158486  66.034129  4.277 -100.00 -100.00 -100.00
 145   109.295 56088.27397582  6.56  55.142628  66.033781  4.013 -100.00 -100.00 -100.00
 145   105.707 56088.27397641  6.63  55.149054  66.034040  6.303 -100.00 -100.00 -100.00
 145    96.601 56088.27397700  9.28  55.155480  66.034299  8.179 -100.00 -100.00 -100.00
 146   109.967 56098.18962215  2.74  55.145350  66.034245  3.411 -100.00 -100.00 -100.00
 146   108.368 56098.18962274  2.64  55.151776  66.034504  3.432 -100.00 -100.00 -100.00
 148   110.833 56118.02089488  5.95  55.140755  66.031861  5.459 -100.00 -100.00 -100.00
 148   110.662 56118.02089547  4.15  55.147180  66.032120  3.402 -100.00 -100.00 -100.00
 148   109.394 56118.02089607  4.11  55.153605  66.032379  3.780 -100.00 -100.00 -100.00
 149   111.795 56127.93653223  1.35  55.141552  66.030160  3.478 -100.00 -100.00 -100.00
 149   109.869 56127.93653282  1.11  55.147976  66.030419  3.754 -100.00 -100.00 -100.00
 149   107.918 56127.93653341  0.86  55.154401  66.030678  4.192 -100.00 -100.00 -100.00
 150   111.676 56137.85216568  1.55  55.139121  66.029233  3.255 -100.00 -100.00 -100.00
 150   109.528 56137.85216627  1.90  55.145545  66.029493  4.442 -100.00 -100.00 -100.00
 150   108.597 56137.85216686  1.63  55.151969  66.029752  3.647 -100.00 -100.00 -100.00
 150   108.526 56137.85216745  0.36  55.158394  66.030010  3.087 -100.00 -100.00 -100.00
 152    22.704 56157.68346171 28.42  55.143696  66.031800 19.994 -100.00 -100.00 -100.00
 152    27.006 56157.68346231 27.48  55.150121  66.032059 14.967 -100.00 -100.00 -100.00
 152    27.154 56157.68346290 28.40  55.156546  66.032317 18.507 -100.00 -100.00 -100.00
 154    22.331 56177.51475528 27.86  55.141687  66.031432 24.301  271.38  269.89  267.79
 154    22.435 56177.51475587 28.73  55.148112  66.031691 25.162  271.38  269.89  267.79
 154    22.354 56177.51475646 31.54  55.154538  66.031950   -100  271.38  269.89  267.79
 155   109.592 56187.43039626  3.83  55.143102  66.030295  4.145 -100.00 -100.00 -100.00
 155   108.824 56187.43039685  3.92  55.149527  66.030553  5.104 -100.00 -100.00 -100.00
 155   107.626 56187.43039744  3.64  55.155953  66.030812  4.726 -100.00 -100.00 -100.00
 156   103.586 56197.34603325 10.37  55.140123  66.029764  5.157 -100.00 -100.00 -100.00
 156   100.545 56197.34603384 11.80  55.146549  66.030023  6.671 -100.00 -100.00 -100.00
 156    99.168 56197.34603443 12.34  55.152974  66.030282 10.047 -100.00 -100.00 -100.00
 156    99.662 56197.34603502 10.04  55.159400  66.030541  7.553 -100.00 -100.00 -100.00
 157    92.304 56207.26166769 13.19  55.141382  66.030961 17.048 -100.00 -100.00 -100.00
 157    91.628 56207.26166828 11.59  55.147808  66.031220 14.969 -100.00 -100.00 -100.00
 157    80.710 56207.26166887 15.67  55.154234  66.031479 22.132 -100.00 -100.00 -100.00
 158   100.152 56217.17730033 10.71  55.139871  66.032734 10.585 -100.00 -100.00 -100.00
 158   100.207 56217.17730092  9.07  55.146297  66.032993  8.208 -100.00 -100.00 -100.00
 158    99.699 56217.17730151  9.05  55.152723  66.033252  9.538 -100.00 -100.00 -100.00
 158    97.121 56217.17730210  9.32  55.159149  66.033511 10.340 -100.00 -100.00 -100.00
 159   103.864 56227.09294341  6.88  55.143853  66.034162  6.247 -100.00 -100.00 -100.00
 159   106.009 56227.09294400  4.85  55.150279  66.034421  3.548 -100.00 -100.00 -100.00
 159   104.790 56227.09294459  5.13  55.156706  66.034680  5.245 -100.00 -100.00 -100.00
 160    23.295 56237.00859809 37.61  55.143643  66.034052 27.596  253.07  249.34  246.79
 160    23.184 56237.00859868 41.99  55.150069  66.034311   -100  253.07  249.34  246.79
 160    23.280 56237.00859927 37.65  55.156495  66.034570   -100  253.07  249.34  246.79
 161    23.313 56246.92424852 36.57  55.139418  66.033169   -100 -100.00 -100.00 -100.00
 161    23.634 56246.92424911 37.63  55.145843  66.033428 28.761 -100.00 -100.00 -100.00
 161    23.605 56246.92424970 35.15  55.152269  66.033687 32.561 -100.00 -100.00 -100.00
 161    23.901 56246.92425029 34.04  55.158695  66.033945 24.413 -100.00 -100.00 -100.00
 162    23.988 56256.83989456 24.74  55.142203  66.032979 18.365 -100.00 -100.00 -100.00
 162    25.615 56256.83989515 23.47  55.148629  66.033238 12.796 -100.00 -100.00 -100.00
 162    23.759 56256.83989574 27.26  55.155055  66.033497 26.535 -100.00 -100.00 -100.00
 163    23.627 56266.75553693 20.90  55.143534  66.033758 15.059 -100.00 -100.00 -100.00
 163    23.857 56266.75553752 20.96  55.149960  66.034017 12.986 -100.00 -100.00 -100.00
 163    23.648 56266.75553811 22.56  55.156386  66.034276 17.343 -100.00 -100.00 -100.00
 164    23.441 56276.67117726 20.21  55.140869  66.034280 10.997 -100.00 -100.00 -100.00
 164    23.473 56276.67117785 21.07  55.147295  66.034539 15.713 -100.00 -100.00 -100.00
 164    23.640 56276.67117844 20.63  55.153722  66.034798 12.670 -100.00 -100.00 -100.00
 165    23.536 56286.58682475 18.09  55.143943  66.033928  8.130 -100.00 -100.00 -100.00
 165    23.637 56286.58682534 19.29  55.150370  66.034187 11.084 -100.00 -100.00 -100.00
 165    26.053 56286.58682593 18.95  55.156796  66.034445  9.561 -100.00 -100.00 -100.00
 166    25.000 56296.50247437 17.68  55.142122  66.031823  8.542 -100.00 -100.00 -100.00
 166    26.362 56296.50247496 16.91  55.148548  66.032082  7.394 -100.00 -100.00 -100.00
 166    26.667 56296.50247555 18.21  55.154974  66.032341 10.536 -100.00 -100.00 -100.00
 173   100.709 56365.91196581  0.34  55.145404  66.030045  3.983 -100.00 -100.00 -100.00
 173    99.965 56365.91196640  0.00  55.151829  66.030304  3.788 -100.00 -100.00 -100.00
 174   101.078 56375.82761401  0.31  55.140066  66.029886  4.261 -100.00 -100.00 -100.00
 174   110.277 56375.82761461  0.09  55.146491  66.030145  4.008 -100.00 -100.00 -100.00
 176   111.158 56395.65890371  2.32  55.141992  66.034183  3.725 -100.00 -100.00 -100.00
 176   109.896 56395.65890430  1.54  55.148418  66.034441  3.731 -100.00 -100.00 -100.00
 176   108.943 56395.65890490  0.99  55.154844  66.034700  3.593 -100.00 -100.00 -100.00
 177    25.559 56405.57454544 26.01  55.143336  66.035211 14.791  262.89  263.33  265.36
 177    22.878 56405.57454603 26.95  55.149763  66.035469 15.493  262.89  263.33  265.36
 178    96.500 56415.49018355  9.16  55.141343  66.034618  7.953 -100.00 -100.00 -100.00
 178    97.376 56415.49018414  6.91  55.147770  66.034877  5.483 -100.00 -100.00 -100.00
 178    95.980 56415.49018473  5.04  55.154196  66.035136  4.595 -100.00 -100.00 -100.00
 179    74.706 56425.40581733 21.75  55.144835  66.033225 31.508 -100.00 -100.00 -100.00
 179    97.837 56425.40581792 20.47  55.151261  66.033484 17.153 -100.00 -100.00 -100.00
 179   103.095 56425.40581852 23.72  55.157687  66.033743 18.881 -100.00 -100.00 -100.00
 180   110.281 56435.32146523 10.69  55.140745  66.032530  3.727 -100.00 -100.00 -100.00
 180   108.378 56435.32146582 10.93  55.147170  66.032790  4.774 -100.00 -100.00 -100.00
 180    99.886 56435.32146642 12.77  55.153596  66.033048  9.185 -100.00 -100.00 -100.00
 181   109.069 56445.23711727  7.45  55.141809  66.033179  4.953 -100.00 -100.00 -100.00
 181   109.032 56445.23711786  6.93  55.148235  66.033438  4.694 -100.00 -100.00 -100.00
 181   103.060 56445.23711845  7.19  55.154661  66.033697  5.594 -100.00 -100.00 -100.00
 182   109.956 56455.15276696  7.46  55.143706  66.034400  4.575 -100.00 -100.00 -100.00
 182   109.034 56455.15276755  6.61  55.150133  66.034658  3.352 -100.00 -100.00 -100.00
 182   107.929 56455.15276815  7.58  55.156559  66.034917  5.867 -100.00 -100.00 -100.00
 183   104.376 56465.06841320  3.73  55.140721  66.034028  5.968 -100.00 -100.00 -100.00
 183   109.407 56465.06841379  1.78  55.147147  66.034287  4.027 -100.00 -100.00 -100.00
 183   110.362 56465.06841438  0.50  55.153573  66.034545  3.176 -100.00 -100.00 -100.00
 185    22.433 56484.89969520 30.24  55.139180  66.029646   -100 -100.00 -100.00 -100.00
 185    22.500 56484.89969579 32.38  55.145605  66.029905   -100 -100.00 -100.00 -100.00
 185    23.344 56484.89969638 45.11  55.152029  66.030164   -100 -100.00 -100.00 -100.00
 185    26.632 56484.89969697 31.35  55.158454  66.030422   -100 -100.00 -100.00 -100.00
 186    22.741 56494.81533171 27.54  55.140791  66.028926 17.897 -100.00 -100.00 -100.00
 186    23.149 56494.81533230 28.51  55.147215  66.029185 17.350 -100.00 -100.00 -100.00
 186    26.759 56494.81533289 25.84  55.153640  66.029443 12.867 -100.00 -100.00 -100.00
 187    22.541 56504.73096628 39.92  55.141477  66.030365   -100 -100.00 -100.00 -100.00
 187    22.341 56504.73096687 41.12  55.147902  66.030624 30.954 -100.00 -100.00 -100.00
 187    22.012 56504.73096746 44.24  55.154327  66.030882   -100 -100.00 -100.00 -100.00
 188    25.737 56514.64659933 22.84  55.142380  66.032468 18.827 -100.00 -100.00 -100.00
 188    25.771 56514.64659992 24.03  55.148806  66.032728 20.967 -100.00 -100.00 -100.00
 188    26.198 56514.64660051 26.46  55.155231  66.032987 27.884 -100.00 -100.00 -100.00
 189    25.578 56524.56225154 22.71  55.141489  66.033246 11.037 -100.00 -100.00 -100.00
 189    21.861 56524.56225213 27.57  55.147915  66.033505 21.356 -100.00 -100.00 -100.00
 189    22.550 56524.56225272 27.95  55.154341  66.033764 18.866 -100.00 -100.00 -100.00
 193   107.061 56564.22483765  4.35  55.141940  66.032148  3.638  262.22  260.57  261.40
 193   103.475 56564.22483824  4.84  55.148366  66.032407  4.814  262.22  260.57  261.40
 193   107.563 56564.22483883  4.27  55.154792  66.032665  4.478  262.22  260.57  261.40
 194   109.213 56574.14047932  5.99  55.143767  66.034682  5.176 -100.00 -100.00 -100.00
 194   107.892 56574.14047991  6.38  55.150194  66.034941  4.747 -100.00 -100.00 -100.00
 195    23.444 56584.05611792 35.93  55.140909  66.035705 28.379 -100.00 -100.00 -100.00
 195    23.241 56584.05611851 37.93  55.147336  66.035964   -100 -100.00 -100.00 -100.00
 196    23.474 56593.97175251 35.42  55.143606  66.034842 23.627  256.90  258.81  261.56
 196    23.524 56593.97175310 36.26  55.150032  66.035101 26.105  256.90  258.81  261.56
 197   109.873 56603.88740591  4.97  55.144019  66.033394  4.520 -100.00 -100.00 -100.00
 197   110.223 56603.88740650  3.84  55.150444  66.033653  2.884 -100.00 -100.00 -100.00
 197   109.227 56603.88740709  3.68  55.156870  66.033912  4.241 -100.00 -100.00 -100.00
 198    26.303 56613.80305427 39.12  55.141630  66.032427 26.720 -100.00 -100.00 -100.00
 198    26.067 56613.80305486 41.00  55.148056  66.032686   -100 -100.00 -100.00 -100.00
 198    26.278 56613.80305545 45.03  55.154482  66.032944   -100 -100.00 -100.00 -100.00
 199    24.106 56623.71869872 33.45  55.140092  66.032880   -100 -100.00 -100.00 -100.00
 199    24.117 56623.71869932 35.34  55.146518  66.033139 29.901 -100.00 -100.00 -100.00
 199    23.922 56623.71869991 34.78  55.152944  66.033397   -100 -100.00 -100.00 -100.00
 199    24.034 56623.71870050 34.35  55.159370  66.033656   -100 -100.00 -100.00 -100.00
 200    24.776 56633.63434057 27.15  55.140858  66.033599 22.221 -100.00 -100.00 -100.00
 200    24.769 56633.63434116 32.13  55.147284  66.033858 27.308 -100.00 -100.00 -100.00
 200    24.930 56633.63434175 31.00  55.153710  66.034117 27.955 -100.00 -100.00 -100.00
 201    24.448 56643.54997781 24.07  55.142945  66.033549 25.684  244.25  237.60  226.62
 201    24.896 56643.54997840 25.02  55.149372  66.033808 19.417  244.25  237.60  226.62
 201    24.939 56643.54997899 19.24  55.155798  66.034067 11.148  244.25  237.60  226.62
 202   100.252 56653.46562925  4.64  55.140078  66.031923  6.330 -100.00 -100.00 -100.00
 202   100.218 56653.46562984  4.11  55.146504  66.032182  5.632 -100.00 -100.00 -100.00
 202    98.322 56653.46563043  3.19  55.152931  66.032440  4.581 -100.00 -100.00 -100.00
 202    96.976 56653.46563102  3.46  55.159357  66.032699  5.340 -100.00 -100.00 -100.00
 209    96.001 56722.87513259  1.64  55.144091  66.031205  2.855  240.32  231.14  215.59
 209    95.813 56722.87513318  1.25  55.150516  66.031464  3.064  240.32  231.14  215.59
 209    94.878 56722.87513377  0.86  55.156941  66.031722  2.505  240.32  231.14  215.59
 211   112.218 56742.70643059  0.43  55.139251  66.032805  3.615 -100.00 -100.00 -100.00
 211   111.458 56742.70643118  0.54  55.145676  66.033064  4.468 -100.00 -100.00 -100.00
 212   101.765 56752.62207419  1.25  55.144105  66.035113  3.693 -100.00 -100.00 -100.00
 212   104.055 56752.62207478  0.35  55.150532  66.035372  3.681 -100.00 -100.00 -100.00
 213    23.074 56762.53771176 31.98  55.140984  66.035811   -100 -100.00 -100.00 -100.00
 213    23.051 56762.53771236 33.16  55.147410  66.036070 32.013 -100.00 -100.00 -100.00
 214    25.542 56772.45334313 17.39  55.143341  66.034919  9.492 -100.00 -100.00 -100.00
 214    23.327 56772.45334372 19.27  55.149767  66.035178 11.321 -100.00 -100.00 -100.00
 215   111.296 56782.36900087  3.31  55.142023  66.033600  5.301 -100.00 -100.00 -100.00
 215   110.325 56782.36900146  3.01  55.148450  66.033859  5.284 -100.00 -100.00 -100.00
 215   106.872 56782.36900205  3.44  55.154876  66.034117  6.018 -100.00 -100.00 -100.00
 216    73.495 56792.28465482 18.08  55.139390  66.032733 21.434 -100.00 -100.00 -100.00
 216    72.761 56792.28465541 15.40  55.145816  66.032992 15.456 -100.00 -100.00 -100.00
 216    72.397 56792.28465600 13.92  55.152243  66.033251 11.614 -100.00 -100.00 -100.00
 216    92.486 56792.28465659 11.82  55.158669  66.033509  8.650 -100.00 -100.00 -100.00
 217   107.764 56802.20030645 18.36  55.142606  66.033115 15.392 -100.00 -100.00 -100.00
 217   113.778 56802.20030704 19.61  55.149032  66.033374 14.538 -100.00 -100.00 -100.00
 217   113.223 56802.20030763 21.24  55.155458  66.033632 19.189 -100.00 -100.00 -100.00
 218   109.347 56812.11595007 10.81  55.141005  66.033550  5.659 -100.00 -100.00 -100.00
 218   108.660 56812.11595066 12.03  55.147431  66.033809  7.805 -100.00 -100.00 -100.00
 218   101.157 56812.11595125 10.62  55.153857  66.034067  6.530 -100.00 -100.00 -100.00
 219   110.090 56822.03158976  3.99  55.140111  66.033253  3.532 -100.00 -100.00 -100.00
 219   102.424 56822.03159035  8.49  55.146537  66.033512 11.270 -100.00 -100.00 -100.00
 219   108.589 56822.03159094  3.63  55.152962  66.033771  3.696 -100.00 -100.00 -100.00
 219   108.476 56822.03159153  2.40  55.159388  66.034029  4.361 -100.00 -100.00 -100.00
 220    95.981 56831.94722574 11.28  55.144669  66.032093  5.458 -100.00 -100.00 -100.00
 220    95.991 56831.94722633  8.37  55.151094  66.032352  2.892 -100.00 -100.00 -100.00
 220    96.158 56831.94722692  7.61  55.157519  66.032610  3.004 -100.00 -100.00 -100.00
 221   100.566 56841.86285761  8.52  55.141174  66.030364  8.657 -100.00 -100.00 -100.00
 221   102.005 56841.86285820  6.64  55.147599  66.030623  5.613 -100.00 -100.00 -100.00
 221   101.913 56841.86285879  5.81  55.154023  66.030882  5.722 -100.00 -100.00 -100.00
 222   102.201 56851.77849598 10.76  55.141944  66.029998 19.436 -100.00 -100.00 -100.00
 222   102.042 56851.77849657 10.17  55.148369  66.030257 15.468 -100.00 -100.00 -100.00
 222   101.687 56851.77849716 12.91  55.154793  66.030515 18.713 -100.00 -100.00 -100.00
 225   104.430 56881.52545476  6.70  55.141391  66.033203 13.338 -100.00 -100.00 -100.00
 225   104.084 56881.52545535  7.02  55.147817  66.033462 14.583 -100.00 -100.00 -100.00
 225   103.497 56881.52545594  9.36  55.154243  66.033720 19.023 -100.00 -100.00 -100.00
 226   112.453 56891.44110198  1.49  55.143238  66.032878  2.786 -100.00 -100.00 -100.00
 226   108.457 56891.44110257  3.47  55.149664  66.033137  5.182 -100.00 -100.00 -100.00
 226   107.499 56891.44110316  2.79  55.156091  66.033395  4.433 -100.00 -100.00 -100.00
 227   111.378 56901.35674566  0.38  55.139008  66.031952  3.720  270.87  269.51  269.96
 227   110.655 56901.35674625  0.59  55.145434  66.032211  4.399  270.87  269.51  269.96
 228   110.030 56911.27238819  2.93  55.143566  66.032633  3.521 -100.00 -100.00 -100.00
 228   109.516 56911.27238878  2.85  55.149992  66.032892  3.898 -100.00 -100.00 -100.00
 228    99.484 56911.27238937  5.65  55.156419  66.033150  8.029 -100.00 -100.00 -100.00
 229   110.100 56921.18802829  2.20  55.138984  66.033666  3.391 -100.00 -100.00 -100.00
 229   109.253 56921.18802888  2.62  55.145410  66.033925  4.488 -100.00 -100.00 -100.00
 229   108.276 56921.18802947  2.29  55.151836  66.034184  4.263 -100.00 -100.00 -100.00
 229    99.575 56921.18803006  3.99  55.158263  66.034442  7.656 -100.00 -100.00 -100.00
 230   100.628 56931.10366675  9.85  55.140119  66.035050 10.944 -100.00 -100.00 -100.00
 230   100.813 56931.10366734  7.16  55.146545  66.035308  7.776 -100.00 -100.00 -100.00
 230   101.210 56931.10366793  4.94  55.152972  66.035567  4.523 -100.00 -100.00 -100.00
 231   109.365 56941.01930020  2.71  55.142269  66.035277  3.935 -100.00 -100.00 -100.00
 231   106.727 56941.01930079  2.10  55.148695  66.035536  3.039 -100.00 -100.00 -100.00
 232    23.587 56950.93494012 39.06  55.139739  66.034393 23.679  254.11  250.67  247.46
 232    23.509 56950.93494071 40.92  55.146165  66.034653 30.734  254.11  250.67  247.46
 232    23.175 56950.93494130 46.00  55.152591  66.034911   -100  254.11  250.67  247.46
 233    24.248 56960.85059200 42.36  55.143432  66.033525 23.669 -100.00 -100.00 -100.00
 233    24.069 56960.85059259 45.18  55.149858  66.033783   -100 -100.00 -100.00 -100.00
 233    23.939 56960.85059318 47.08  55.156284  66.034042   -100 -100.00 -100.00 -100.00
 234    23.967 56970.76623852 22.35  55.142855  66.032999 14.240  251.28  248.44  241.23
 234    25.645 56970.76623911 21.30  55.149281  66.033258 11.031  251.28  248.44  241.23
 234    26.080 56970.76623970 21.93  55.155707  66.033516 11.597  251.28  248.44  241.23
 235    97.642 56980.68188086  2.83  55.140112  66.032840  3.639  257.64  259.51  261.21
 235    96.339 56980.68188145  2.39  55.146537  66.033099  3.703  257.64  259.51  261.21
 235    95.733 56980.68188205  2.43  55.152963  66.033358  4.012  257.64  259.51  261.21
 235    94.254 56980.68188264  1.98  55.159389  66.033616  3.995  257.64  259.51  261.21
 245   101.872 57079.83830787  4.06  55.142267  66.032257  6.560 -100.00 -100.00 -100.00
 245   101.238 57079.83830846  3.92  55.148692  66.032516  6.056 -100.00 -100.00 -100.00
 245   108.763 57079.83830905  2.10  55.155118  66.032775  5.365 -100.00 -100.00 -100.00
 246    97.531 57089.75394676  4.32  55.143974  66.033168  4.043 -100.00 -100.00 -100.00
 246   100.158 57089.75394735  3.37  55.150400  66.033427  4.019 -100.00 -100.00 -100.00
 246    98.317 57089.75394794  3.58  55.156826  66.033686  5.382 -100.00 -100.00 -100.00
 247   111.124 57099.66960477  1.66  55.143794  66.034678  5.691 -100.00 -100.00 -100.00
 247   100.761 57099.66960536  3.06  55.150220  66.034936  8.301 -100.00 -100.00 -100.00
 248   102.533 57109.58525963  3.54  55.142161  66.035491  5.854 -100.00 -100.00 -100.00
 248   110.580 57109.58526022  3.95  55.148588  66.035750  7.319 -100.00 -100.00 -100.00
 249    22.546 57119.50090906 11.16  55.140860  66.034929  9.007 -100.00 -100.00 -100.00
 249    22.594 57119.50090965 14.45  55.147286  66.035188 13.966 -100.00 -100.00 -100.00
 249    23.055 57119.50091024 12.89  55.153713  66.035447 10.698 -100.00 -100.00 -100.00
 252    96.533 57149.24782523  1.79  55.139954  66.033156  4.827 -100.00 -100.00 -100.00
 252    95.871 57149.24782582  1.07  55.146381  66.033415  4.439 -100.00 -100.00 -100.00
 252    95.116 57149.24782641  0.12  55.152807  66.033674  3.739 -100.00 -100.00 -100.00
 253    74.055 57159.16345721 22.41  55.142834  66.033358 22.345 -100.00 -100.00 -100.00
 253   101.117 57159.16345780 23.07  55.149260  66.033617 19.505 -100.00 -100.00 -100.00
 253    77.441 57159.16345839 25.05  55.155686  66.033876   -100 -100.00 -100.00 -100.00
 254    95.908 57169.07910740 16.36  55.142012  66.032783 12.435 -100.00 -100.00 -100.00
 254    94.947 57169.07910799 15.33  55.148437  66.033042 12.331 -100.00 -100.00 -100.00
 254   107.170 57169.07910858 10.28  55.154863  66.033301  5.375 -100.00 -100.00 -100.00
 255   109.651 57178.99476307  8.79  55.140454  66.031607  3.882  256.90  257.65  259.37
 255    78.864 57178.99476366 18.79  55.146879  66.031866 23.817  256.90  257.65  259.37
 255   107.312 57178.99476425  8.26  55.153304  66.032125  4.697  256.90  257.65  259.37
 255   107.297 57178.99476484  7.33  55.159729  66.032383  3.705  256.90  257.65  259.37
 256   103.384 57188.91041501  9.34  55.142535  66.030703  5.576 -100.00 -100.00 -100.00
 256   108.174 57188.91041560 11.59  55.148960  66.030962  9.853 -100.00 -100.00 -100.00
 256   108.037 57188.91041619 16.75  55.155384  66.031220 22.522 -100.00 -100.00 -100.00
 257   109.903 57198.82606272  6.17  55.140413  66.030795  4.756 -100.00 -100.00 -100.00
 257   108.286 57198.82606331  6.25  55.146838  66.031054  4.602 -100.00 -100.00 -100.00
 257   107.867 57198.82606390  5.15  55.153263  66.031313  4.344 -100.00 -100.00 -100.00
 257   107.030 57198.82606449  4.92  55.159688  66.031571  3.872 -100.00 -100.00 -100.00
 258   102.978 57208.74169707  9.11  55.141429  66.031880 17.841  265.87  265.34  265.37
 258   102.713 57208.74169766  8.64  55.147854  66.032138 20.121  265.87  265.34  265.37
 260   109.698 57228.57298506  2.84  55.144195  66.032977  3.866 -100.00 -100.00 -100.00
 260   110.089 57228.57298565  3.28  55.150621  66.033236  3.083 -100.00 -100.00 -100.00
 260   109.484 57228.57298624  2.79  55.157046  66.033494  3.621 -100.00 -100.00 -100.00
 261   110.698 57238.48862577  3.69  55.139195  66.032312  4.475  275.91  276.28  274.93
 261   110.172 57238.48862636  3.69  55.145620  66.032572  4.540  275.91  276.28  274.93
 261   110.130 57238.48862695  2.82  55.152046  66.032830  3.647  275.91  276.28  274.93
 261   108.728 57238.48862754  2.13  55.158472  66.033089  3.118  275.91  276.28  274.93
 262   111.350 57248.40426399  2.51  55.141871  66.032092  3.256 -100.00 -100.00 -100.00
 262   110.585 57248.40426458  3.15  55.148297  66.032351  5.095 -100.00 -100.00 -100.00
 262   110.138 57248.40426517  1.84  55.154723  66.032609  3.684 -100.00 -100.00 -100.00
 264   109.686 57268.23553388  1.03  55.142999  66.034098  3.322 -100.00 -100.00 -100.00
 264   109.578 57268.23553447  0.67  55.149425  66.034358  3.259 -100.00 -100.00 -100.00
 264   108.598 57268.23553506  0.23  55.155852  66.034616  3.125 -100.00 -100.00 -100.00
 265   110.298 57278.15118278  5.80  55.143253  66.035391  3.529  266.64  266.28  266.85
 265   101.362 57278.15118337  8.00  55.149680  66.035650  8.305  266.64  266.28  266.85
 266    95.095 57288.06683870  9.94  55.140583  66.035348 19.125  260.55  259.77  260.28
 266    95.067 57288.06683929  8.52  55.147010  66.035607 14.068  260.55  259.77  260.28
 267   116.260 57297.98249218  4.02  55.142711  66.034327  3.825 -100.00 -100.00 -100.00
 267    99.786 57297.98249277  8.44  55.149137  66.034586 10.086 -100.00 -100.00 -100.00
 267    96.114 57297.98249336 11.04  55.155563  66.034845 17.603 -100.00 -100.00 -100.00
 268    25.157 57307.89814176 37.67  55.141880  66.032870 17.352 -100.00 -100.00 -100.00
 268    24.924 57307.89814235 39.34  55.148305  66.033129 21.265 -100.00 -100.00 -100.00
 268    24.007 57307.89814294 51.23  55.154731  66.033388   -100 -100.00 -100.00 -100.00
 269    24.167 57317.81378794 38.38  55.143783  66.032615 22.084  259.51  257.25  253.97
 269    23.887 57317.81378853 42.34  55.150208  66.032873   -100  259.51  257.25  253.97
 269    23.573 57317.81378912 37.23  55.156634  66.033132   -100  259.51  257.25  253.97
 270    24.040 57327.72943077 34.68  55.143674  66.033176   -100  253.68  250.68  243.23
 270    24.116 57327.72943136 36.24  55.150100  66.033435   -100  253.68  250.68  243.23
 270    23.821 57327.72943195 33.91  55.156526  66.033693   -100  253.68  250.68  243.23
 271    24.185 57337.64507161 25.02  55.145344  66.033976 16.599  247.85  242.61  234.00
 271    23.894 57337.64507220 25.72  55.151771  66.034235 18.286  247.85  242.61  234.00
 271    23.497 57337.64507279 25.83  55.158197  66.034493 19.500  247.85  242.61  234.00
 272    23.933 57347.56071961 19.06  55.144893  66.033409 10.596 -100.00 -100.00 -100.00
 272    25.162 57347.56072020 20.53  55.151319  66.033667 13.139 -100.00 -100.00 -100.00
 272    23.865 57347.56072079 20.68  55.157745  66.033925 13.973 -100.00 -100.00 -100.00
 276    23.879 57387.22328753 14.80  55.140752  66.031772  6.142  249.81  244.22  231.89
 276    25.724 57387.22328812 15.45  55.147178  66.032031  6.609  249.81  244.22  231.89
 276    26.509 57387.22328871 15.33  55.153604  66.032289  7.307  249.81  244.22  231.89
 280    24.972 57426.88586374 14.83  55.139061  66.031716  6.824 -100.00 -100.00 -100.00
 280    25.715 57426.88586433 15.32  55.145486  66.031975  7.261 -100.00 -100.00 -100.00
 280    26.326 57426.88586492 14.41  55.151912  66.032234  5.905 -100.00 -100.00 -100.00
 280    26.761 57426.88586551 15.21  55.158338  66.032492  5.915 -100.00 -100.00 -100.00
 281   111.137 57436.80151192  0.76  55.139663  66.032716  5.064 -100.00 -100.00 -100.00
 281   110.252 57436.80151251  1.14  55.146088  66.032975  6.492 -100.00 -100.00 -100.00
 282   101.670 57446.71715869  1.51  55.141332  66.034881  4.921 -100.00 -100.00 -100.00
 282   101.558 57446.71715928  0.69  55.147758  66.035140  3.975 -100.00 -100.00 -100.00
 284   111.623 57466.54844768  2.03  55.141753  66.035962  3.868 -100.00 -100.00 -100.00
 284   110.674 57466.54844827  2.18  55.148180  66.036221  4.646 -100.00 -100.00 -100.00
 285   111.879 57476.46408734  2.12  55.145332  66.033913  3.615 -100.00 -100.00 -100.00
 285   110.115 57476.46408793  2.07  55.151759  66.034172  3.715 -100.00 -100.00 -100.00
 285   109.299 57476.46408852  1.91  55.158186  66.034430  4.334 -100.00 -100.00 -100.00
 287    22.754 57496.29535679 18.13  55.142481  66.031349 14.799 -100.00 -100.00 -100.00
 287    22.896 57496.29535738 20.09  55.148907  66.031609 22.637 -100.00 -100.00 -100.00
 287    22.921 57496.29535797 20.50  55.155333  66.031867 21.683 -100.00 -100.00 -100.00
 288    97.976 57506.21099211 10.09  55.139545  66.032576  6.998 -100.00 -100.00 -100.00
 288    93.453 57506.21099270  9.53  55.145971  66.032835 13.159 -100.00 -100.00 -100.00
 288   100.957 57506.21099329  7.79  55.152397  66.033094 11.332 -100.00 -100.00 -100.00
 288    97.175 57506.21099388 16.28  55.158823  66.033353 16.259 -100.00 -100.00 -100.00
 289    96.387 57516.12664893  4.37  55.144656  66.033971  4.421 -100.00 -100.00 -100.00
 289    95.060 57516.12664952  6.84  55.151082  66.034230  8.924 -100.00 -100.00 -100.00
 289    93.335 57516.12665011  5.91  55.157508  66.034488  9.225 -100.00 -100.00 -100.00
 290   104.283 57526.04230215 14.03  55.139814  66.033243  5.585 -100.00 -100.00 -100.00
 290    99.448 57526.04230274 17.36  55.146240  66.033502 11.278 -100.00 -100.00 -100.00
 290    93.891 57526.04230333 18.56  55.152666  66.033761 14.673 -100.00 -100.00 -100.00
 290   101.408 57526.04230392 11.90  55.159092  66.034020  4.940 -100.00 -100.00 -100.00
 291    85.519 57535.95795372 19.16  55.144109  66.031353 29.433 -100.00 -100.00 -100.00
 291    91.060 57535.95795431 13.37  55.150534  66.031611 13.858 -100.00 -100.00 -100.00
 291    90.541 57535.95795490 20.02  55.156959  66.031870   -100 -100.00 -100.00 -100.00
 292   110.595 57545.87360193 13.59  55.141961  66.029708 22.893 -100.00 -100.00 -100.00
 292   100.791 57545.87360252 12.99  55.148386  66.029967 19.903 -100.00 -100.00 -100.00
 292   102.081 57545.87360311  2.83  55.154810  66.030225  5.811 -100.00 -100.00 -100.00
 293   108.756 57555.78924871  3.41  55.144079  66.030155  6.166 -100.00 -100.00 -100.00
 293   102.996 57555.78924930  4.19  55.150503  66.030414  4.358 -100.00 -100.00 -100.00
 293   104.793 57555.78924989  3.27  55.156928  66.030672  4.153 -100.00 -100.00 -100.00
 294   109.371 57565.70489366  3.65  55.141000  66.032065  3.588  270.27  270.31  269.72
 294   106.804 57565.70489425  3.45  55.147425  66.032324  4.017  270.27  270.31  269.72
 294   107.697 57565.70489484  2.78  55.153850  66.032582  3.907  270.27  270.31  269.72
 295    27.175 57575.62053837 20.46  55.143181  66.033825 10.897 -100.00 -100.00 -100.00
 295    27.343 57575.62053896 21.16  55.149607  66.034084 12.347 -100.00 -100.00 -100.00
 295    27.633 57575.62053955 24.09  55.156033  66.034342 18.721 -100.00 -100.00 -100.00
 297    23.624 57595.45182355 36.86  55.143000  66.033008 15.492 -100.00 -100.00 -100.00
 297    23.213 57595.45182415 39.66  55.149426  66.033266 23.048 -100.00 -100.00 -100.00
 297    22.995 57595.45182474 42.53  55.155852  66.033525   -100 -100.00 -100.00 -100.00
