# NaN NaN NaN ;Mean Elev.(m), Avg Gradient(m/km), RMS Gradient(m/km) - SRTM1     
#    7.742   0.498   9.221 ;Mean Elev.(m), Avg Gradient(m/km), RMS Gradient(m/km) - ASTER GDEM
#   39.000   1.016   8.309 ;Mean Elev.(m), Avg Gradient(m/km), RMS Gradient(m/km) - GMTED2010 
   2  54.834364  65.735755    23.735    24.006  3 54672.36856591 27.405
   3  54.836021  65.736624     7.803     7.891  3 54682.28420968 16.027
   4  54.840729  65.737031    23.728    22.992  3 54692.19985252 27.211
   5  54.836288  65.737216     8.390     8.405  3 54702.11549214 14.341
   6  54.836961  65.735511    97.622    97.622  2 54712.03114033  2.093
   7  54.836342  65.733766    12.598    12.598  2 54721.94679139 24.846
   8  54.835160  65.732647    23.489    23.489  2 54731.86243980 26.750
   9  54.833678  65.732973    21.918    22.087  3 54741.77808649 45.596
  10  54.835009  65.733372    23.986    23.284  3 54751.69373331 28.532
  11  54.834293  65.733453    24.953    24.953  2 54761.60937973 26.611
  12  54.832774  65.732667    23.772    23.772  2 54771.52502370 28.223
  13  54.832364  65.731904    22.220    22.220  2 54781.44066468 42.671
  14  54.834666  65.731577    20.823    20.823  2 54791.35630335 40.997
  15  54.834234  65.732736    21.132    21.139  3 54801.27194063 28.070
  16  54.835304  65.733955    21.810    21.834  3 54811.18757805 22.498
  17  54.836643  65.734768    25.120    25.135  3 54821.10321880 15.094
  18  54.837221  65.734491    25.205    25.260  3 54831.01887108 12.179
  19  54.834113  65.734699    24.877    24.874  3 54840.93450952 12.766
  20  54.836923  65.735187    25.264    25.264  2 54850.85015872 13.156
  21  54.838582  65.736290    24.976    24.937  3 54860.76580737 12.422
  22  54.840319  65.736806    25.260    25.281  3 54870.68145613 13.583
  23  54.838154  65.735909    25.469    25.521  3 54880.59710320 15.353
  24  54.833488  65.733972    24.829    24.917  3 54890.51274686 16.130
  25  54.834836  65.731792    24.864    24.864  2 54900.42838808 17.653
  26  54.832374  65.731967    22.964    22.964  2 54910.34402685 18.706
  27  54.834202  65.733283    24.909    24.777  3 54920.25966478 17.430
  28  54.834391  65.734429    25.332    25.304  3 54930.17530213 12.752
  29  54.835063  65.733874    25.313    25.313  2 54940.09093847 10.949
  30  54.833462  65.732566    25.114    25.114  2 54950.00657299 14.471
  31  54.833271  65.731512    20.703    20.703  2 54959.92221208 23.731
  32  54.834752  65.731915    21.608    21.586  3 54969.83786080 32.936
  33  54.833772  65.733523    26.884    26.947  3 54979.75350805 36.381
  34  54.836054  65.734576    75.302    75.276  3 54989.66915542 26.119
  35  54.837620  65.734462    28.915    28.889  3 54999.58480276 48.466
  36  54.836439  65.734308    25.489    25.576  3 55009.50044806 30.752
  37  54.836385  65.734285    24.256    24.256  2 55019.41609177 30.546
  38  54.834863  65.735447    22.348    22.365  3 55029.33173402 47.874
  39  54.840706  65.736315    25.272    25.111  3 55039.24737638 23.642
  40  54.840485  65.737080    22.675    22.912  3 55049.16301691 28.993
  41  54.837007  65.736240    22.346    22.407  3 55059.07865514 27.957
  42  54.833689  65.734042    19.172    19.013  3 55068.99429438 35.280
  43  54.832176  65.731823    20.606    20.687  3 55078.90994410 43.839
  44  54.832206  65.731533    20.892    20.074  3 55088.82559173 37.858
  45  54.834029  65.732847    21.100    21.100  2 55098.74123805 39.206
  46  54.836596  65.734164    23.269    23.269  2 55108.65688393 24.437
  47  54.836893  65.733802    22.615    22.600  3 55118.57252857 36.252
  48  54.832316  65.732150    25.134    25.134  2 55128.48817043 26.822
  49  54.831789  65.730459    20.015    19.989  3 55138.40381058 39.865
  50  54.833333  65.730794    22.542    22.542  2 55148.31944933 30.626
  51  54.834318  65.733143    23.030    23.030  2 55158.23508745 28.416
  52  54.835706  65.735242    24.654    24.710  3 55168.15072541 22.122
  53  54.839730  65.735632    25.090    25.063  3 55178.06636297 19.701
  54  54.835952  65.734942    24.823    24.825  3 55187.98200738 18.404
  55  54.836236  65.734281    24.998    24.998  2 55197.89765823 17.862
  56  54.834328  65.735140    24.740    24.724  3 55207.81330778 17.270
  57  54.835010  65.736540    24.414    24.519  3 55217.72895699 18.505
  58  54.837367  65.736653    24.600    24.700  3 55227.64460569 18.290
  59  54.836296  65.735202    24.624    24.529  3 55237.56025129 17.732
  60  54.833384  65.732722    24.882    24.936  3 55247.47589328 17.670
  61  54.832026  65.730868    24.817    25.015  3 55257.39153290 17.021
  62  54.832846  65.731101    24.632    24.661  3 55267.30717177 19.063
  63  54.835107  65.732947    25.065    25.038  3 55277.22281020 16.106
  64  54.833808  65.734559    25.423    25.457  3 55287.13844717 12.365
  65  54.833613  65.734397    24.212    25.032  3 55297.05408202 13.569
  66  54.834833  65.732308    25.118    25.118  2 55306.96972341 19.520
  67  54.833482  65.730755    23.608    23.751  3 55316.88537001 30.744
  68  54.833381  65.731158    26.401    26.401  2 55326.80101540 51.085
  69  54.833750  65.733254    28.724    28.724  2 55336.71665976 54.120
  70  54.837636  65.734979    23.012    23.034  3 55346.63230398 43.998
  71  54.836439  65.735650    24.589    24.633  3 55356.54794639 33.957
  72  54.836187  65.735240    23.267    23.267  2 55366.46358693 33.170
  73  54.834896  65.734876    24.426    24.753  3 55376.37922590 31.276
  74  54.838344  65.735117    22.956    23.039  3 55386.29486437 31.154
  75  54.835458  65.736302    22.845    22.903  3 55396.21050134 26.264
  76  54.839467  65.736418    20.434    20.281  3 55406.12614307 45.463
  77  54.839008  65.735092    20.632    19.639  3 55416.04179440 33.494
  78  54.835254  65.732875    21.292    21.139  3 55425.95744216 30.342
  79  54.833211  65.731155    20.598    20.598  2 55435.87308736 39.507
  80  54.831831  65.731252    23.320    23.242  3 55445.78873119 26.696
  81  54.835406  65.732445    21.769    21.711  3 55455.70437468 42.141
  82  54.836360  65.733918    25.037    25.037  2 55465.62001721 24.249
  83  54.835008  65.733973    23.836    23.925  3 55475.53565661 28.736
  84  54.833007  65.732617    25.083    25.188  3 55485.45129290 24.350
  85  54.833152  65.731160    21.636    21.636  2 55495.36692729 47.799
  86  54.833569  65.731782    21.444    21.419  3 55505.28256123 48.574
  87  54.834842  65.733518    21.620    21.620  2 55515.19821183 42.583
  88  54.838437  65.735180    22.346    22.381  3 55525.11386175 41.262
  89  54.838185  65.735794    23.740    24.074  3 55535.02950942 24.316
  90  54.835159  65.735430    24.787    24.708  3 55544.94515486 20.625
  91  54.836615  65.734822    25.009    25.039  3 55554.86079882 19.323
  92  54.837782  65.735042    25.114    25.095  3 55564.77644175 17.927
  93  54.837337  65.735574    25.073    25.073  2 55574.69208390 17.880
  94  54.834708  65.735342    24.866    24.838  3 55584.60772433 17.408
  95  54.834346  65.734069    25.012    24.857  3 55594.52336163 17.139
  96  54.835660  65.732561    25.212    25.065  3 55604.43899580 17.156
  97  54.832937  65.732276    25.045    25.045  2 55614.35462749 15.910
  98  54.833460  65.732782    24.825    24.825  2 55624.27026615 16.611
  99  54.836716  65.733215    25.251    25.129  3 55634.18591905 16.798
 100  54.835079  65.733605    25.116    25.116  2 55644.10156927 16.406
 101  54.835765  65.733125    25.106    25.209  3 55654.01721691 16.378
 102  54.834850  65.732183    21.796    21.796  2 55663.93285993 21.255
 103  54.833260  65.731858    22.085    22.080  3 55673.84849988 30.375
 104  54.834380  65.732423    25.194    25.194  2 55683.76413847 32.335
 105  54.835915  65.733940    26.307    26.316  3 55693.67977575 30.399
 106  54.835166  65.735630    24.600    24.610  3 55703.59541136 46.225
 107  54.839279  65.735861    27.075    27.018  3 55713.51105674 53.050
 108  54.838757  65.735607    26.480    26.514  3 55723.42670591 30.203
 109  54.838480  65.735421    22.776    23.049  3 55733.34235314 35.468
 110  54.836816  65.735589    21.147    21.147  2 55743.25799898 46.237
 111  54.834650  65.735558    21.813    22.793  3 55753.17364342 31.382
 112  54.835597  65.734536    20.465    19.336  3 55763.08928590 36.891
 113  54.834558  65.733253    20.832    20.832  2 55773.00492540 32.542
 114  54.834006  65.732069    19.021    19.021  2 55782.92056146 33.245
 115  54.833615  65.732354    18.974    18.974  2 55792.83619491 34.216
 116  54.836310  65.733262    19.911    19.958  3 55802.75182970 38.575
 117  54.837175  65.733811    19.048    19.038  3 55812.66747963 34.554
 118  54.835455  65.733653    19.222    19.243  3 55822.58312764 39.148
 119  54.834699  65.732837    19.361    19.361  2 55832.49877097 40.031
 120  54.833486  65.732272    91.345    91.345  2 55842.41440986  4.717
 121  54.834823  65.732553    81.931    81.834  3 55852.33004590  8.272
 122  54.835323  65.734106    22.299    22.236  3 55862.24568020 40.848
 123  54.835106  65.735159    20.446    20.441  3 55872.16133462 35.749
 124  54.837663  65.735481    20.949    20.929  3 55882.07698449 30.504
 125  54.836968  65.735488    24.776    24.885  3 55891.99262754 21.732
 126  54.838820  65.735398    25.305    25.282  3 55901.90826509 16.248
 127  54.835414  65.736229    24.661    24.594  3 55911.82389927 16.278
 128  54.836000  65.736336    24.663    24.364  3 55921.73955375 17.411
 129  54.835531  65.735750    24.548    24.250  3 55931.65520547 18.414
 130  54.834208  65.734049    24.619    24.754  3 55941.57085306 19.505
 131  54.832678  65.732069    24.219    24.219  2 55951.48649620 20.973
 132  54.831704  65.731408    21.847    20.748  3 55961.40213566 18.611
 133  54.832556  65.732332    23.955    23.955  2 55971.31777305 19.230
 134  54.835480  65.733906    24.392    24.305  3 55981.23340942 17.759
 135  54.835159  65.734617    24.502    24.331  3 55991.14904429 16.751
 136  54.836326  65.733638    24.280    24.280  2 56001.06469022 18.432
 137  54.833165  65.732212    24.251    24.251  2 56010.98034034 18.770
 138  54.833142  65.731724    24.569    24.834  3 56020.89598682 16.681
 139  54.834455  65.732619    25.928    25.931  3 56030.81163040  8.603
 140  54.834697  65.734549    18.940    18.927  3 56040.72727183 25.204
 141  54.834385  65.735892    23.526    23.543  3 56050.64291101 42.474
 142  54.837328  65.736104    24.821    24.821  2 56060.55854786 28.300
 143  54.839086  65.735411    27.301    27.273  3 56070.47418496 30.583
 144  54.837687  65.734976    25.136    25.155  3 56080.38983566 48.182
 145  54.835338  65.735464    24.122    24.242  3 56090.30548357 30.447
 146  54.837617  65.736098    24.698    24.698  2 56100.22112947 25.487
 147  54.838548  65.735663    23.841    23.687  3 56110.13676119 28.068
 148  54.837085  65.733970    20.359    20.354  3 56120.05240120 42.182
 149  54.832192  65.732214    19.888    19.888  2 56129.96803723 35.818
 150  54.834363  65.731291    20.689    20.672  3 56139.88367074 48.508
 151  54.833747  65.732437    20.655    20.421  3 56149.79932100 39.950
 152  54.836325  65.734184    20.159    20.137  3 56159.71497020 35.666
 153  54.838132  65.734781    25.090    25.332  3 56169.63061796 22.509
 154  54.834021  65.733823    19.316    19.045  3 56179.54626173 31.076
 155  54.833790  65.732069    21.057    20.869  3 56189.46190172 42.475
 156  54.835007  65.731495    21.350    21.350  2 56199.37753871 43.241
 157  54.834884  65.733335    21.851    21.732  3 56209.29317286 47.030
 158  54.835146  65.736018    24.833    24.801  3 56219.20880526 22.320
 159  54.839921  65.737070    24.713    24.745  3 56229.12445318 21.134
 160  54.839128  65.736462    20.218    20.120  3 56239.04010687 34.709
 161  54.838556  65.735217    20.363    20.354  3 56248.95575671 31.007
 162  54.833802  65.734762    24.134    24.121  3 56258.87140124 20.340
 163  54.834937  65.735301    23.586    24.384  3 56268.78704332 19.906
 164  54.835085  65.736036    22.850    23.793  3 56278.70268358 19.451
 165  54.836970  65.735715    24.458    24.458  2 56288.61833344 18.577
 166  54.837281  65.733703    24.473    24.492  3 56298.53398223 19.065
 167  54.832316  65.731733    24.565    24.565  2 56308.44962663 18.247
 168  54.833723  65.730614    24.276    24.276  2 56318.36526905 20.150
 169  54.835100  65.731972    23.320    24.318  3 56328.28091020 21.577
 170  54.834404  65.734293    19.923    20.041  3 56338.19655019 26.538
 171  54.836399  65.735356    24.361    24.361  2 56348.11218856 20.220
 172  54.836094  65.734437    24.686    24.686  2 56358.02782401 17.056
 173  54.834704  65.732363    24.679    24.497  3 56367.94347372 16.804
 175  54.834612  65.733198    24.866    24.766  3 56387.77476736 15.619
 176  54.835087  65.735801    25.684    25.812  3 56397.69041069 10.830
 177  54.840212  65.737003    18.856    18.937  3 56407.60605217 30.720
 178  54.839126  65.736852    21.882    21.874  3 56417.52168919 32.288
 179  54.835887  65.735861    25.668    25.646  3 56427.43732138 52.529
 180  54.835415  65.734653    23.996    23.996  2 56437.35297402 44.556
 181  54.834711  65.734705    24.994    25.146  3 56447.26862547 27.413
 182  54.836715  65.735330    82.086    82.198  3 56457.18427491  9.276
 183  54.837298  65.735054    23.806    23.835  3 56467.09992105 50.879
 184  54.836608  65.733673    21.364    21.370  3 56477.01556308 46.894
 185  54.832657  65.732073    21.224    20.292  3 56486.93120113 35.050
 186  54.834182  65.731420    19.067    19.067  2 56496.84683695 41.885
 187  54.834543  65.732680    18.593    18.593  2 56506.76247123 29.158
 188  54.835984  65.734785    22.429    22.631  3 56516.67810650 25.532
 189  54.836460  65.735372    23.351    23.351  2 56526.59376096 24.439
 190  54.834889  65.734640    19.286    19.261  3 56536.50941111 31.026
 192  54.834159  65.732613    19.758    19.719  3 56556.34070138 41.011
 193  54.834472  65.733935   101.567   101.567  2 56566.25634406  3.515
 194  54.835639  65.736163    19.292    19.310  3 56576.17198545 35.267
 195  54.841472  65.737245    20.366    20.448  3 56586.08762403 41.426
 196  54.836440  65.737457    21.629    21.676  3 56596.00326190 35.517
 197  54.836679  65.735829    96.375   101.274  3 56605.91891431 15.034
 198  54.835604  65.734724    23.077    23.077  2 56615.83456170 40.960
 199  54.838316  65.734432    21.036    21.065  3 56625.75020580 39.186
 200  54.835768  65.734983    24.191    24.191  2 56635.66584662 21.947
 201  54.838792  65.734803    24.892    24.849  3 56645.58148593 17.758
 202  54.834608  65.733868    25.153    25.153  2 56655.49713807  6.044
 203  54.835183  65.732245    25.123    25.123  2 56665.41278638 12.690
 204  54.832251  65.731930    24.568    24.568  2 56675.32843168 13.500
 205  54.834466  65.732637    24.605    24.583  3 56685.24407636 14.348
 206  54.836563  65.733938    24.528    24.619  3 56695.15971900 15.004
 207  54.835870  65.734910    24.273    24.143  3 56705.07535692 15.259
 208  54.836402  65.734633    25.623    25.623  2 56714.99098954  7.372
 209  54.834569  65.733636    82.838    82.838  2 56724.90664145  1.737
 210  54.834962  65.733432    25.281    25.222  3 56734.82229140 10.632
 211  54.833873  65.734902    25.348    25.161  3 56744.73793778  9.644
 212  54.837389  65.736321    25.149    25.077  3 56754.65358031 10.926
 213  54.835945  65.737288    20.621    20.595  3 56764.56921686 30.932
 214  54.839404  65.736537    20.513    20.513  3 56774.48485372 28.323
 215  54.834513  65.735643    22.420    22.405  3 56784.40051033 39.000
 216  54.834309  65.734879    27.676    27.662  3 56794.31616374 44.508
 217  54.836783  65.734447    29.865    29.897  3 56804.23181395 34.865
 218  54.833954  65.734479    25.805    25.755  3 56814.14745636 40.492
 219  54.835665  65.733665    25.747    25.645  3 56824.06309573 27.653
 220  54.835222  65.732965    81.409    81.476  3 56833.97873090 10.311
 221  54.835687  65.732806    24.034    24.034  2 56843.89436268 34.488
 222  54.835234  65.733284    24.662    25.022  3 56853.81000561 26.573
 223  54.836851  65.733655    20.304    19.961  3 56863.72565957 36.441
 224  54.836070  65.734028    20.821    20.821  2 56873.64131272 42.114
 225  54.835673  65.733922    21.119    21.119  2 56883.55696275 34.036
 226  54.834367  65.733733    20.248    20.248  2 56893.47260936 36.508
 227  54.835434  65.733607    20.690    21.032  3 56903.38825302 38.955
 228  54.836416  65.734406    21.273    21.356  3 56913.30389468 42.924
 229  54.837129  65.735596    22.207    22.207  2 56923.21953463 40.751
 230  54.835867  65.736783    24.079    24.664  3 56933.13517198 23.831
 231  54.838245  65.736827    21.566    21.353  3 56943.05080442 28.232
 232  54.836108  65.736132    20.464    20.471  3 56952.96644960 38.715
 233  54.835012  65.735207    20.798    20.739  3 56962.88210010 36.846
 234  54.834528  65.735091    20.967    20.977  3 56972.79774576 32.697
 235  54.834255  65.735415    20.933    20.952  3 56982.71338715 36.278
 236  54.834526  65.735236    20.593    20.603  3 56992.62902400 25.770
 237  54.836635  65.734040    20.265    20.255  3 57002.54465903 25.096
 238  54.832905  65.732749    20.221    20.183  3 57012.46031571 26.083
 239  54.834611  65.732125    19.753    19.819  3 57022.37596726 24.726
 240  54.834564  65.733270    24.021    23.934  3 57032.29161588 18.825
 241  54.835293  65.734459    23.946    24.041  3 57042.20726247 17.959
 242  54.835146  65.734896    24.352    24.054  3 57052.12290685 16.435
 243  54.836305  65.734122    24.347    24.159  3 57062.03854709 16.459
 244  54.833431  65.733896    23.792    24.652  3 57071.95418156 17.137
 245  54.838213  65.734312    25.314    25.166  3 57081.86981255 15.694
 246  54.835352  65.736183    24.863    24.827  3 57091.78545690 17.097
 247  54.839152  65.737236    24.732    24.812  3 57101.70111454 11.109
 248  54.840698  65.737194    25.537    25.420  3 57111.61676862 12.162
 249  54.836989  65.736179    23.766    24.997  3 57121.53241645 17.987
 250  54.837554  65.734574    25.139    25.100  3 57131.44805907 10.722
 251  54.835956  65.734445    19.644    19.271  3 57141.36369640 30.731
 252  54.836849  65.735413    23.390    23.390  2 57151.27933067 16.611
 253  54.838012  65.736274    74.242    73.389  3 57161.19496169 25.886
 254  54.838310  65.735292    31.611    31.634  3 57171.11061736 53.932
 255  54.836927  65.733344    29.715    29.744  3 57181.02627226 48.971
 256  54.834582  65.731817    26.025    26.025  2 57190.94192312 28.391
 257  54.832943  65.732092    22.944    22.926  3 57200.85757076 44.340
 258  54.834947  65.733555    24.172    24.172  2 57210.77320498 28.250
 259  54.836390  65.735047    20.753    20.753  2 57220.68884891 40.066
 260  54.836272  65.735208    23.016    23.016  2 57230.60449155 28.497
 261  54.833899  65.734667    23.996    23.967  3 57240.52013166 25.595
 262  54.835068  65.733866    23.987    23.987  2 57250.43576935 25.387
 263  54.836743  65.734561    22.196    22.196  2 57260.35140491 31.420
 264  54.836853  65.736543    23.297    22.620  3 57270.26703902 25.906
 265  54.840863  65.737790    24.084    24.830  3 57280.18269289 25.129
 266  54.837400  65.737922    21.594    21.572  3 57290.09834806 46.038
 267  54.835652  65.736332    21.101    21.076  3 57300.01400051 36.083
 268  54.835580  65.734121    21.092    21.021  3 57309.92964946 45.319
 269  54.834136  65.733368    19.911    19.911  2 57319.84529477 37.234
 270  54.834874  65.734100    20.311    20.311  2 57329.76093736 37.995
 271  54.837659  65.735391    20.517    20.520  3 57339.67657792 36.090
 272  54.836815  65.735160    20.098    20.128  3 57349.59222743 33.417
 273  54.834638  65.733414    20.615    20.615  2 57359.50787283 20.976
 274  54.832692  65.731483    22.361    22.361  2 57369.42351508 18.185
 275  54.834809  65.731326    24.752    24.752  2 57379.33915513 17.130
 276  54.834943  65.733574    24.619    24.619  2 57389.25479359 17.412
 277  54.834554  65.736010    23.758    23.977  3 57399.17043109 17.237
 278  54.837908  65.736423    24.006    24.134  3 57409.08606893 17.018
 279  54.835817  65.735031    23.955    23.955  2 57419.00172168 16.281
 280  54.835060  65.733813    24.871    24.707  3 57428.91737193 16.494
 281  54.835399  65.734305    24.695    24.695  2 57438.83301981 17.997
 282  54.837008  65.736221    21.359    20.859  3 57448.74866651 20.254
 283  54.837230  65.737831    25.441    25.336  3 57458.66431183 12.110
 284  54.838940  65.737619    25.109    25.005  3 57468.57995442 14.863
 285  54.837408  65.735966    25.585    25.656  3 57478.49559275  7.643
 286  54.836170  65.734211    19.063    19.063  2 57488.41122801 24.857
 287  54.835259  65.733846    19.310    19.313  3 57498.32686123 28.566
 288  54.835784  65.734935    26.687    26.687  2 57508.24250215 47.670
 289  54.834767  65.735658    25.491    25.439  3 57518.15815816 27.093
 290  54.835175  65.735402    23.754    23.745  3 57528.07381146 50.786
 291  54.834499  65.733671    26.281    26.281  2 57537.98946185 28.493
 292  54.835232  65.731885    23.102    23.102  2 57547.90510971 46.613
 293  54.833784  65.731668    22.881    22.798  3 57557.82075587 48.600
 294  54.835876  65.733173    25.148    24.974  3 57567.73640125 25.510
 295  54.838780  65.734881    23.073    23.007  3 57577.65204601 28.552
 296  54.834769  65.736061    20.364    20.634  3 57587.56768886 42.482
 297  54.837849  65.735244    22.177    22.126  3 57597.48332998 28.187
