# NaN NaN NaN ;Mean Elev.(m), Avg Gradient(m/km), RMS Gradient(m/km) - SRTM1     
#    6.271     NaN     NaN ;Mean Elev.(m), Avg Gradient(m/km), RMS Gradient(m/km) - ASTER GDEM
#   39.000  -1.654   4.360 ;Mean Elev.(m), Avg Gradient(m/km), RMS Gradient(m/km) - GMTED2010 
   1  54.362249  65.532314    17.476    17.476  2 54659.48625806 17.025
   2  54.369897  65.530830    23.012    23.977  4 54669.40190486 22.737
   3  54.369005  65.531595     3.642     3.639  4 54679.31754887 10.788
   4  54.371019  65.532873    21.187    21.085  4 54689.23319197 24.360
   5  54.370301  65.533954    -2.527    -1.919  4 54699.14883274 26.595
   6  54.368814  65.533247    27.990    28.764  4 54709.06447660 21.837
   7  54.367613  65.531165    13.296    13.347  4 54718.98012813 15.446
   8  54.367939  65.528823    20.437    20.448  3 54728.89577718 46.905
   9  54.368656  65.527924    32.524    32.609  3 54738.81142460 19.813
  10  54.367825  65.528603    69.666    69.707  3 54748.72707171 13.430
  11  54.369494  65.529386    30.239    33.125  3 54758.64271875 25.540
  12  54.370526  65.529502    69.453    69.290  3 54768.55836352 13.439
  13  54.369647  65.528651    21.917    21.896  4 54778.47400480 43.806
  14  54.367946  65.527616    20.008    20.050  3 54788.38964359 45.104
  15  54.369075  65.527379    19.581    19.578  3 54798.30528161 37.264
  16  54.371447  65.528653    20.144    20.137  3 54808.22091967 29.105
  17  54.371740  65.530588    21.079    20.353  4 54818.13655701 18.950
  18  54.368251  65.531747    19.952    19.948  4 54828.05220752 17.826
  19  54.368311  65.531457    53.106    53.159  4 54837.96784651  9.010
  20  54.367847  65.531310    45.066    45.979  4 54847.88349578  8.536
  21  54.367242  65.531704    40.303    39.648  4 54857.79914443  9.007
  22  54.370494  65.532160    45.836    44.957  5 54867.71479350  9.093
  23  54.371491  65.531969    38.454    36.822  4 54877.63044168 14.412
  24  54.369565  65.531033    45.244    45.481  3 54887.54608660 11.275
  25  54.370589  65.529027    63.593    67.005  3 54897.46172848  8.801
  26  54.368595  65.528016    56.436    56.028  3 54907.37736745  9.360
  27  54.370169  65.528055    56.932    55.058  3 54917.29300550  9.945
  28  54.371290  65.528852    54.795    49.728  3 54927.20864336 10.531
  29  54.368391  65.529666    69.940    69.755  4 54937.12428022  2.549
  30  54.369996  65.529418    68.904    69.875  3 54947.03991574  6.028
  31  54.367559  65.529023    69.392    69.964  3 54956.95554948  6.090
  32  54.370910  65.528027    32.904    32.956  3 54966.87119843 23.875
  33  54.368694  65.528530    74.173    76.082  3 54976.78684579 27.173
  34  54.369349  65.529440    70.495    70.129  4 54986.70249339 19.919
  35  54.370691  65.530196    27.786    27.854  4 54996.61814118 46.424
  36  54.372083  65.530551    25.072    25.129  4 55006.53378733 27.836
  37  54.369483  65.531066    27.126    24.931  4 55016.44943094 22.501
  38  54.368020  65.531615    20.381    20.401  4 55026.36507325 42.341
  39  54.370768  65.532249    19.715    19.700  5 55036.28071550 42.565
  40  54.370711  65.532738    20.907    20.637  5 55046.19635665 24.621
  41  54.371976  65.532034    20.912    20.724  4 55056.11199615 26.733
  42  54.367816  65.530695    20.843    20.897  4 55066.02763286 23.933
  43  54.370063  65.528695    22.030    23.519  3 55075.94328231 22.794
  44  54.368263  65.528219    20.248    18.823  3 55085.85892998 21.753
  45  54.371880  65.528428    22.021    23.530  3 55095.77457645 23.861
  46  54.369906  65.529187    30.930    32.845  4 55105.69022211 20.857
  47  54.368971  65.529053    69.139    69.516  4 55115.60586762 12.293
  48  54.369368  65.528042    29.475    32.319  3 55125.52151091 23.725
  49  54.370879  65.527175    19.197    19.279  3 55135.43715172 38.575
  50  54.369324  65.527429    19.780    19.780  2 55145.35279011 39.305
  51  54.369035  65.528725    19.435    19.439  3 55155.26842789 35.515
  52  54.370257  65.529902    20.817    19.604  3 55165.18406607 27.900
  53  54.371991  65.530804    19.789    19.403  4 55175.09970411 22.919
  54  54.370222  65.531113    20.519    20.326  3 55185.01534435 17.462
  55  54.369462  65.531070    20.218    20.095  4 55194.93099543 16.935
  56  54.368323  65.531621    20.141    19.941  4 55204.84664514 17.008
  57  54.372036  65.532251    19.919    19.569  4 55214.76229462 17.941
  58  54.370239  65.532579    19.180    18.965  4 55224.67794308 21.948
  59  54.367397  65.531364    19.729    19.576  4 55234.59358966 17.944
  60  54.368369  65.528851    19.573    19.653  3 55244.50923338 18.658
  61  54.369690  65.526905    20.417    20.130  3 55254.42487418 16.669
  62  54.367667  65.527332    20.024    20.234  3 55264.34051278 17.949
  63  54.367486  65.529222    19.275    19.561  3 55274.25615058 18.393
  64  54.369553  65.530315    49.437    54.000  3 55284.17178808  8.235
  65  54.370571  65.529694    69.740    69.578  4 55294.08742405  3.687
  67  54.367692  65.526926    32.742    32.742  2 55313.91870897 24.729
  68  54.367151  65.527725    33.263    33.194  3 55323.83435433 20.439
  69  54.369033  65.529466    76.795    77.402  4 55333.74999854 27.190
  70  54.371761  65.530684    23.832    23.671  4 55343.66564269 30.107
  71  54.369513  65.530976    69.445    69.420  4 55353.58128591 13.697
  72  54.368857  65.530652    23.542    23.527  4 55363.49692721 40.428
  73  54.370147  65.530600    21.454    21.459  3 55373.41256687 43.948
  74  54.369290  65.531772    20.725    20.680  4 55383.32820503 49.313
  75  54.370898  65.532863    21.621    21.521  4 55393.24384264 24.536
  76  54.371760  65.533248    25.908    23.485  5 55403.15947903 22.292
  77  54.372798  65.531282    19.073    19.023  4 55413.07513119 53.077
  78  54.367385  65.528996    19.928    18.156  3 55422.99077991 22.836
  79  54.366699  65.527034    19.403    19.489  3 55432.90642638 42.968
  80  54.367153  65.527354    19.632    19.616  3 55442.82207098 47.220
  81  54.367024  65.529043    20.586    20.579  3 55452.73771398 44.484
  82  54.368144  65.530484    20.185    20.249  4 55462.65335629 34.591
  83  54.369463  65.529818    33.251    33.340  4 55472.56899683 22.155
  84  54.370171  65.527983    32.675    32.683  3 55482.48463455 18.985
  85  54.367594  65.526800    70.668    70.668  2 55492.40026975 11.486
  86  54.370148  65.527525    69.581    70.094  3 55502.31590373 18.033
  87  54.369315  65.529840    20.136    20.122  4 55512.23154905 39.491
  88  54.370725  65.531562    21.062    21.133  4 55522.14719871 42.268
  89  54.370554  65.531877    21.134    21.139  4 55532.06284697 26.029
  90  54.371461  65.530786    21.814    22.057  4 55541.97849372 19.690
  91  54.368366  65.530367    20.631    20.615  4 55551.89413800 20.489
  92  54.370205  65.530765    20.400    20.332  4 55561.80978127 19.253
  93  54.372639  65.531869    24.431    21.901  4 55571.72542381 18.505
  94  54.370722  65.532421    20.658    20.279  5 55581.64106481 19.302
  95  54.369574  65.530958    20.898    20.457  3 55591.55670281 17.178
  96  54.367413  65.528704    33.253    33.557  3 55601.47233752 17.086
  97  54.370286  65.527006    39.336    36.011  3 55611.38797053 11.956
  98  54.370557  65.527917    21.307    21.255  3 55621.30360313 16.349
  99  54.368819  65.529905    30.616    33.477  4 55631.21925580 16.270
 100  54.372242  65.530664    20.362    20.388  4 55641.13490693 16.142
 101  54.369379  65.530087    20.269    19.876  3 55651.05055484 16.842
 102  54.370701  65.527668    19.108    19.122  3 55660.96619949 36.917
 103  54.366845  65.526786    28.386    32.310  3 55670.88184027 30.742
 104  54.369235  65.527521    55.793    55.378  3 55680.79747979 18.357
 105  54.369361  65.530143    73.591    74.675  4 55690.71311719 26.063
 106  54.372530  65.532027    69.010    69.108  4 55700.62875329 14.559
 107  54.371471  65.532616    23.977    23.903  4 55710.54439315 49.388
 108  54.367565  65.531919    26.079    26.056  4 55720.46004286 38.382
 109  54.370099  65.530958    21.380    21.364  3 55730.37569099 49.853
 110  54.367437  65.531305    23.076    23.901  4 55740.29133731 21.458
 111  54.370155  65.531561    23.700    23.815  4 55750.20698291 23.205
 112  54.369896  65.531534    23.390    23.433  4 55760.12262588 23.297
 113  54.369178  65.530547    18.627    18.732  3 55770.03826600 38.866
 114  54.371148  65.528442    19.768    17.843  3 55779.95390306 27.935
 115  54.368727  65.527529    17.793    17.901  3 55789.86953707 27.551
 116  54.367214  65.528287    18.588    18.484  3 55799.78516987 33.648
 117  54.368845  65.529524    18.442    18.519  3 55809.70081723 45.078
 118  54.370076  65.530612    21.290    22.725  3 55819.61646614 25.668
 119  54.367776  65.530576    17.790    17.775  4 55829.53211030 32.889
 120  54.369165  65.528890    26.151    23.481  3 55839.44775042 18.812
 121  54.369573  65.527618    70.281    73.117  3 55849.36338740 24.576
 122  54.369556  65.528530    20.570    20.538  4 55859.27902225 30.136
 123  54.370508  65.530454    19.159    19.099  4 55869.19467132 41.333
 124  54.370637  65.532220    19.444    19.437  4 55879.11032260 45.439
 125  54.371218  65.532614    19.490    19.507  4 55889.02596733 28.834
 126  54.372751  65.531870    19.858    19.768  4 55898.94160639 21.465
 127  54.369019  65.531793    19.351    19.392  4 55908.85724001 18.844
 128  54.371622  65.531386    19.512    19.511  4 55918.77288992 19.896
 129  54.372345  65.531242    23.940    20.313  4 55928.68854286 18.797
 130  54.369044  65.530927    19.044    19.040  4 55938.60419186 21.373
 131  54.370263  65.529206    19.314    19.453  3 55948.51983647 18.422
 132  54.369385  65.527905    62.689    65.257  3 55958.43547640  7.017
 133  54.367270  65.527826    69.517    69.758  3 55968.35111375  5.729
 134  54.367504  65.528799    45.188    41.679  3 55978.26675042  8.671
 135  54.369384  65.529823    55.533    56.369  3 55988.18238661  8.073
 136  54.369541  65.530243    19.493    19.518  4 55998.09802703 19.291
 137  54.370254  65.529380    59.723    55.756  3 56008.01367836  9.154
 138  54.369725  65.528392    18.600    18.410  3 56017.92932538 19.301
 139  54.371186  65.528082    56.117    56.537  3 56027.84496960  9.155
 140  54.368817  65.529233    17.978    17.993  3 56037.76061170 26.594
 141  54.369584  65.530724    29.281    33.748  3 56047.67625212 33.792
 142  54.371212  65.531931    68.750    68.819  4 56057.59188985 22.027
 143  54.370315  65.532648    29.720    29.505  4 56067.50752304 29.902
 144  54.370503  65.532124    26.949    24.470  4 56077.42317264 27.962
 145  54.372615  65.531490    31.525    33.596  4 56087.33882168 23.691
 146  54.372124  65.531403    21.486    21.475  4 56097.25446801 43.974
 147  54.370500  65.531125    26.218    23.795  4 56107.17011208 23.599
 148  54.368746  65.530223    19.212    19.034  4 56117.08574177 50.593
 149  54.371478  65.528885    32.862    32.826  3 56127.00137977 23.924
 150  54.371662  65.528215    32.704    32.715  3 56136.91701368 23.892
 151  54.366658  65.528891    18.907    18.909  3 56146.83265777 30.644
 152  54.370862  65.529202    19.387    19.197  3 56156.74830748 48.525
 153  54.370824  65.529759    25.046    23.702  3 56166.66395586 22.990
 154  54.368483  65.529673    18.357    18.332  3 56176.57960165 41.194
 155  54.370372  65.528839    30.154    33.183  3 56186.49524297 21.975
 156  54.371815  65.528252    69.981    69.937  3 56196.41088052 15.303
 157  54.370215  65.529200    28.527    28.586  4 56206.32651476 27.613
 158  54.369729  65.531027    31.575    33.789  4 56216.24214759 23.775
 159  54.368764  65.532693    34.601    34.664  4 56226.15778791 21.420
 160  54.369898  65.532617    18.829    18.884  4 56236.07344320 38.703
 161  54.370022  65.531895    18.406    18.446  4 56245.98909454 37.564
 162  54.367362  65.531604    19.072    19.056  4 56255.90474050 27.754
 163  54.367550  65.531938    19.019    19.013  4 56265.82038285 25.403
 164  54.368982  65.532273    18.678    18.679  4 56275.73602359 22.885
 165  54.369315  65.531636    18.742    18.703  4 56285.65166972 21.269
 166  54.369486  65.529671    19.595    18.705  4 56295.56732015 19.775
 167  54.367767  65.527722    18.935    18.568  3 56305.48296629 18.948
 168  54.367804  65.527191    20.903    21.936  3 56315.39860909 18.359
 169  54.371210  65.528271    18.750    18.300  3 56325.31425027 19.620
 170  54.368345  65.530346    17.929    17.923  4 56335.22989002 23.122
 171  54.368410  65.530827    49.483    47.267  4 56345.14552908 11.366
 172  54.368348  65.529953    20.089    19.914  4 56355.06116586 18.705
 173  54.371205  65.528260    21.404    21.488  3 56364.97681161 17.408
 174  54.368451  65.528265    39.382    42.651  3 56374.89246023 13.706
 176  54.367477  65.531725    44.582    44.640  4 56394.72374967  9.400
 177  54.371052  65.532408    20.592    17.533  5 56404.63939180 29.695
 178  54.372155  65.532312    34.769    34.659  4 56414.55503066 27.804
 179  54.368471  65.531950    74.560    76.334  4 56424.47066425 24.788
 180  54.367712  65.531489    72.587    73.338  4 56434.38631041 25.574
 181  54.368868  65.531334    23.981    23.972  4 56444.30196267 51.047
 182  54.367792  65.532066    22.864    22.765  4 56454.21761219 22.843
 183  54.371152  65.531224    22.513    22.349  4 56464.13325937 35.135
 184  54.369062  65.529642    20.184    20.244  4 56474.04890260 49.665
 185  54.369378  65.527545    18.613    18.613  2 56483.96454267 21.672
 186  54.367489  65.527294    18.393    18.329  3 56493.88017917 39.307
 187  54.368759  65.528895    17.729    17.619  3 56503.79581365 39.927
 188  54.371293  65.531188    17.857    17.878  4 56513.71144659 45.121
 189  54.367589  65.532074    17.605    17.456  4 56523.62709638 44.701
 190  54.370002  65.530352    17.763    17.823  4 56533.54274843 38.235
 192  54.369296  65.528115    18.187    18.187  2 56553.37404117 37.709
 193  54.369696  65.529943    19.771    18.273  3 56563.28968387 27.031
 194  54.370659  65.532399    19.245    18.066  4 56573.20532535 25.302
 195  54.369358  65.533969    18.932    19.073  5 56583.12096442 44.522
 196  54.371143  65.533340    18.282    18.196  5 56593.03659937 37.522
 197  54.371717  65.531370    19.248    19.274  4 56602.95225139 34.253
 198  54.369855  65.530388    21.926    21.903  4 56612.86790037 39.813
 199  54.368660  65.531108    20.436    20.382  4 56622.78354506 42.715
 200  54.367814  65.532070    20.095    20.107  4 56632.69918686 27.297
 201  54.370365  65.531925    20.206    20.198  5 56642.61482456 20.922
 202  54.368871  65.530029    20.238    20.263  3 56652.53047459 20.480
 203  54.371074  65.527517    69.699    70.001  3 56662.44612441  2.040
 204  54.365364  65.527226    71.571    71.571  2 56672.36177056  0.839
 205  54.369517  65.528503    70.105    69.980  4 56682.27741596  3.209
 206  54.371238  65.530412    19.420    19.429  4 56692.19305906 15.445
 207  54.368029  65.531811    61.600    61.649  4 56702.10869776  5.668
 208  54.369008  65.530768    50.371    47.310  4 56712.02433197  7.350
 210  54.369795  65.528475    18.757    18.767  3 56731.85562938 13.769
 211  54.369278  65.530291    70.170    70.239  3 56741.77127700  3.011
 212  54.370294  65.532615    43.759    46.143  5 56751.68692039  8.737
 213  54.371496  65.533853    70.884    70.928  4 56761.60255872 11.739
 214  54.371472  65.533424    18.728    18.661  4 56771.51819026 25.063
 215  54.367194  65.531689    20.017    20.011  4 56781.43384548 21.945
 216  54.368066  65.530133    69.169    69.271  4 56791.34950028 25.739
 217  54.368747  65.529999    70.051    69.915  4 56801.26515201 16.267
 218  54.368960  65.530867    24.868    24.763  4 56811.18079653 30.360
 219  54.369683  65.531001    23.848    23.828  4 56821.09643664 51.632
 220  54.370471  65.529790    67.786    67.946  3 56831.01207271 26.832
 221  54.368511  65.528446    23.874    23.975  3 56840.92770522 47.119
 222  54.369042  65.528006    32.391    32.391  2 56850.84334153 20.084
 223  54.370140  65.528807    19.263    19.330  3 56860.75899598 45.021
 224  54.369107  65.530620    22.255    23.906  3 56870.67464946 22.099
 225  54.369363  65.531274    18.650    18.597  4 56880.59030035 39.870
 226  54.369671  65.530418    30.448    33.169  3 56890.50594766 20.800
 227  54.369667  65.528965    26.999    23.940  3 56900.42159213 20.620
 228  54.368666  65.529089    33.088    33.205  4 56910.33723438 21.117
 229  54.371188  65.530453    31.311    33.398  4 56920.25287527 22.564
 230  54.370287  65.532787    20.520    20.552  4 56930.16851369 46.141
 231  54.371167  65.533794    34.818    34.869  4 56940.08414752 22.608
 232  54.369550  65.533398    19.046    18.971  4 56949.99978523 44.248
 233  54.370234  65.531436    19.496    19.494  4 56959.91543751 46.224
 234  54.368541  65.530449    19.094    19.050  4 56969.83108443 25.116
 235  54.367650  65.530585    19.520    19.436  4 56979.74672743 34.104
 236  54.372349  65.530766    19.345    19.334  4 56989.66236651 29.942
 237  54.370108  65.531212    19.153    19.160  3 56999.57799864 25.861
 238  54.369260  65.530125    18.981    18.974  3 57009.49365152 25.897
 239  54.370659  65.528488    18.730    18.721  3 57019.40930414 28.493
 240  54.368976  65.528204    40.566    37.063  3 57029.32495341 11.493
 241  54.367205  65.529173    34.160    34.220  3 57039.24060095 14.142
 242  54.368426  65.530388    18.589    18.422  4 57049.15624645 22.481
 243  54.369666  65.531072    35.275    36.456  4 57059.07188803 13.544
 244  54.370994  65.530873    68.162    68.130  4 57068.98752396  8.001
 245  54.371163  65.530695    68.800    68.900  4 57078.90315546 12.492
 246  54.368384  65.531467    58.241    60.186  4 57088.81879123 13.223
 247  54.370217  65.532128    68.105    68.384  4 57098.73444964 11.919
 248  54.369616  65.533148    61.529    66.977  4 57108.65010484 11.475
 249  54.370038  65.533110    68.925    68.929  4 57118.56575497  3.998
 250  54.363230  65.532750    70.027    70.027  2 57128.48139839  0.629
 251  54.367731  65.531321    29.953    32.981  4 57138.39703742 17.275
 252  54.369947  65.530981    33.988    34.041  4 57148.31267240 28.283
 253  54.369395  65.531498    73.572    73.758  4 57158.22830451 26.960
 254  54.371078  65.531092    28.737    28.723  4 57168.14395257 33.425
 255  54.368232  65.530347    29.223    29.256  4 57178.05960856 47.143
 256  54.371194  65.528848    33.138    33.291  3 57187.97526103 25.331
 257  54.372149  65.528297    21.468    21.390  3 57197.89090918 42.320
 258  54.369372  65.529002    22.095    21.581  3 57207.80654324 32.599
 259  54.369579  65.529911    30.383    32.921  3 57217.72218779 21.494
 260  54.371822  65.530286    28.895    28.730  4 57227.63783153 24.313
 261  54.370446  65.530574    29.029    28.937  4 57237.55347282 23.847
 262  54.369494  65.530701    33.557    33.712  3 57247.46911078 19.425
 263  54.371770  65.530978    31.534    33.770  4 57257.38474649 24.416
 264  54.370707  65.532392    24.988    22.882  5 57267.30038065 23.668
 265  54.370711  65.533418    28.344    27.865  5 57277.21602737 23.569
 266  54.370368  65.533452    20.356    20.358  4 57287.13168389 50.940
 267  54.370197  65.532386    23.421    19.738  4 57297.04733759 30.442
 268  54.369697  65.531066    20.389    20.261  4 57306.96298764 47.627
 269  54.370092  65.530293    18.540    18.543  4 57316.87863395 35.897
 270  54.370324  65.530312    18.623    18.632  3 57326.79427693 37.730
 271  54.367946  65.531024    18.794    18.794  4 57336.70991753 33.265
 272  54.370633  65.530277    18.932    18.815  3 57346.62556511 31.370
 273  54.369977  65.529060    54.510    54.852  3 57356.54121213  6.468
 274  54.366744  65.528303    18.947    18.903  3 57366.45685531 21.113
 275  54.370360  65.528086    18.899    18.901  3 57376.37249584 20.895
 276  54.368184  65.529758    18.909    18.769  3 57386.28813393 17.999
 277  54.367450  65.531281    18.720    18.624  4 57396.20377158 18.361
 278  54.369253  65.531804    18.849    18.743  4 57406.11940844 19.413
 279  54.372111  65.530738    43.042    41.098  4 57416.03505876 11.177
 280  54.369147  65.530356    33.572    33.512  3 57425.95070974 17.293
 281  54.370008  65.530713    36.987    41.030  4 57435.86635806 15.340
 282  54.368693  65.532438    41.700    42.672  4 57445.78200442 12.037
 283  54.370885  65.533544    30.353    34.361  4 57455.69765028 18.954
 284  54.370202  65.533540    42.373    42.342  5 57465.61329385 13.372
 285  54.370252  65.531989    69.952    70.050  4 57475.52893373 12.482
 286  54.365499  65.530859    70.785    70.785  2 57485.44456975  0.936
 287  54.368417  65.530403    18.123    18.056  4 57495.36020385 28.944
 288  54.369783  65.531755    27.592    27.406  4 57505.27583702 31.928
 289  54.370104  65.532182    25.024    24.945  4 57515.19149351 50.274
 290  54.372200  65.531047    69.378    69.554  4 57525.10714785 16.399
 291  54.369188  65.529185    57.913    69.703  3 57535.02279940 16.659
 292  54.368144  65.527639    22.180    22.019  3 57544.93844820 34.777
 293  54.370015  65.527789    26.043    23.671  3 57554.85409495 22.392
 294  54.369714  65.529744    21.907    21.990  4 57564.76973990 46.397
 295  54.368404  65.531476    19.953    19.950  4 57574.68538411 31.458
 296  54.369220  65.531512    28.238    28.346  4 57584.60102806 21.350
 297  54.370673  65.530519    19.666    18.402  4 57594.51667009 32.349
