-109019.487   219.651     0.00   12.73
-108733.238   217.153    -8.73   13.22
-108446.981   213.769   -11.82   13.53
-108160.714   210.031   -13.06   13.79
-107874.439   205.095   -17.24   13.08
-107588.155   201.011   -14.27   11.09
-107301.863   199.467    -5.39    8.92
-107015.561   198.303    -4.06    7.50
-106729.251   198.246    -0.20    7.84
-106442.932   199.074     2.89    8.30
-106156.604   199.813     2.58    8.50
-105870.268   200.496     2.39    8.10
-105583.922   199.759    -2.58    8.15
-105297.568   198.494    -4.42    8.44
-105011.205   197.894    -2.10    7.15
-104724.833   197.864    -0.10    6.10
-104438.453   199.098     4.31    6.16
-104152.063   199.899     2.80    5.65
-103865.665   200.907     3.52    5.13
-103579.258   202.260     4.73    4.65
-103292.842   203.791     5.34    3.74
-103006.417   204.824     3.61    4.33
-102719.984   205.128     1.06    4.75
-102433.542   204.891    -0.83    5.26
-102147.090   204.699    -0.67    6.23
-101860.630   203.456    -4.34    8.07
-101574.162   201.324    -7.44    9.65
-101287.684   198.695    -9.18    9.79
-101001.198   196.651    -7.14    9.02
-100714.703   195.260    -4.85    8.23
-100428.199   193.841    -4.96    7.99
-100141.686   191.954    -6.58    8.25
 -99855.164   191.288    -2.32    8.06
 -99568.634   190.231    -3.69    8.41
 -99282.094   188.129    -7.33    8.32
 -98995.546   186.555    -5.49    8.41
 -98708.989   185.591    -3.36    8.32
 -98422.423   184.769    -2.87    8.16
 -98135.849   182.885    -6.57    8.95
 -97849.265   179.538   -11.68   11.13
 -97562.673   175.621   -13.67   13.98
 -97276.072   172.538   -10.76   14.41
 -96989.462   170.449    -7.29   14.99
 -96702.843   171.439     3.46   17.43
 -96416.216   174.117     9.34   20.17
 -96129.579   178.798    16.33   21.31
 -95842.934   182.305    12.23   19.01
 -95556.280   184.664     8.23   15.60
 -95269.617   184.210    -1.58   13.48
 -94982.945   182.602    -5.61   12.60
 -94696.264   180.505    -7.32   12.74
 -94409.575   178.553    -6.81   12.60
 -94122.877   177.188    -4.76   11.99
 -93836.169   176.421    -2.68   10.85
 -93549.453   173.555    -9.99    9.35
 -93262.729   170.502   -10.65    9.44
 -92975.995   167.610   -10.09    9.11
 -92689.252   164.563   -10.63    9.05
 -92402.501   161.246   -11.57   10.01
 -92115.741   161.014    -0.81   13.76
 -91828.972   160.951    -0.22   15.12
 -91542.194   164.652    12.91   18.22
 -91255.407   169.881    18.23   20.22
 -90968.611   176.636    23.55   19.04
 -90681.807   181.145    15.72   15.28
 -90394.993   182.959     6.33   11.73
 -90108.171   181.165    -6.26   13.21
 -89821.340   176.067   -17.77   14.60
 -89534.500   168.785   -25.38   13.99
 -89247.651   162.305   -22.59   12.01
 -88960.793   156.835   -19.07    8.89
 -88673.927   153.315   -12.27    9.07
 -88387.052   150.432   -10.05    9.87
 -88100.167   147.702    -9.51   10.52
 -87813.274   144.912    -9.73   10.60
 -87526.372   141.876   -10.58    9.87
 -87239.461   139.454    -8.44    9.15
 -86952.541   137.181    -7.92    8.11
 -86665.613   134.854    -8.11    8.13
 -86378.675   131.702   -10.98    9.05
 -86091.729   127.110   -16.00   10.60
 -85804.774   122.677   -15.45   11.36
 -85517.810   117.153   -19.25   11.21
 -85230.837   112.302   -16.90    9.69
 -84943.855   108.541   -13.11    7.78
 -84656.864   106.017    -8.79    6.56
 -84369.865   105.131    -3.09    6.10
 -84082.856   104.724    -1.42    6.15
 -83795.839   104.258    -1.62    5.98
 -83508.812   103.362    -3.12    4.74
 -83221.777   102.647    -2.49    4.16
 -82934.733   101.581    -3.71    4.77
 -82647.680    99.842    -6.06    6.16
 -82360.619    97.961    -6.55    5.98
 -82073.548    95.699    -7.88    5.92
 -81786.468    94.129    -5.47    5.33
 -81499.380    94.114    -0.05    5.24
 -81212.283    94.767     2.27    6.02
 -80925.176    96.813     7.13    6.73
 -80638.061    98.630     6.33    6.88
 -80350.937   100.418     6.23    6.09
 -80063.804   102.070     5.75    4.72
 -79776.662   102.124     0.19    4.69
 -79489.512   101.188    -3.26    5.32
 -79202.352    99.255    -6.73    5.85
 -78915.184    96.618    -9.18    6.37
 -78628.006    93.647   -10.35    8.25
 -78340.820    90.691   -10.29    9.96
 -78053.625    87.195   -12.17   11.41
 -77766.421    83.365   -13.33   11.98
 -77479.207    79.761   -12.55   11.84
 -77191.986    76.795   -10.33   11.55
 -76904.755    74.502    -7.98   10.38
 -76617.515    72.969    -5.34    8.75
 -76330.266    72.209    -2.64    7.07
 -76043.009    71.431    -2.71    5.01
 -75755.742    70.602    -2.88    3.00
 -75468.467    70.245    -1.25    2.15
 -75181.183    69.673    -1.99    1.77
 -74893.889    68.658    -3.53    2.85
 -74606.587    66.648    -7.00    5.22
 -74319.276    62.710   -13.71   10.01
 -74031.956    58.047   -16.23   13.95
 -73744.627    53.468   -15.94   15.10
 -73457.290    50.231   -11.27   14.39
 -73169.943    48.239    -6.93   12.89
 -72882.587    47.981    -0.90   12.25
 -72595.223    49.629     5.73   12.13
 -72307.849    50.019     1.36   12.65
 -72020.467    48.040    -6.88   16.72
 -71733.076    43.963   -14.19   20.63
 -71446.060    40.239   -12.98   22.75
 -71160.481    33.421   -23.87   23.68
 -70874.893    27.246   -21.62   22.10
 -70589.298    22.780   -15.64   18.86
 -70303.694    19.968    -9.85   16.03
 -70018.083    18.992    -3.42   14.08
 -69732.463    19.695     2.46   12.81
 -69446.836    20.983     4.51   12.08
 -69161.200    22.395     4.95   10.87
 -68875.556    23.842     5.07    9.69
 -68589.905    26.056     7.75    9.26
 -68304.245    27.921     6.53    8.28
 -68018.577    29.789     6.54    7.74
 -67732.902    32.612     9.88    7.70
 -67447.218    35.325     9.49    7.10
 -67161.526    37.443     7.42    6.50
 -66875.826    39.639     7.69    6.53
 -66590.118    42.486     9.96    7.78
 -66304.402    45.108     9.18    8.82
 -66018.678    47.055     6.81    8.93
 -65732.946    49.495     8.54    8.47
 -65447.206    51.376     6.58    7.26
 -65161.458    52.820     5.05    5.90
 -64875.702    53.540     2.52    4.45
 -64589.938    54.382     2.95    3.33
 -64304.166    54.659     0.97    3.10
 -64018.385    54.798     0.49    3.14
 -63732.597    54.604    -0.68    3.26
 -63446.801    54.004    -2.10    3.75
 -63160.996    53.139    -3.03    4.18
 -62875.184    52.487    -2.28    4.50
 -62589.363    52.181    -1.07    4.21
 -62303.535    51.536    -2.26    4.41
 -62017.698    51.095    -1.54    4.96
 -61731.854    52.055     3.36    5.79
 -61446.001    53.210     4.04    7.88
 -61160.140    54.720     5.28    9.92
 -60874.271    56.811     7.32   10.94
 -60588.394    61.739    17.24   12.89
 -60302.509    66.562    16.87   14.51
 -60016.616    71.924    18.75   15.91
 -59730.715    75.489    12.47   15.93
 -59444.806    77.656     7.58   14.22
 -59158.889    79.094     5.03   11.82
 -58872.964    79.021    -0.26   10.86
 -58587.031    76.942    -7.27   11.00
 -58301.089    73.209   -13.05   10.03
 -58015.140    69.458   -13.12    7.30
 -57729.182    67.571    -6.60    5.99
 -57443.217    67.140    -1.51    5.57
 -57157.243    66.797    -1.20    4.75
 -56871.262    66.107    -2.41    3.61
 -56585.272    65.597    -1.78    3.76
 -56299.274    64.820    -2.72    3.70
 -56013.268    64.041    -2.73    3.97
 -55727.254    62.315    -6.03    4.79
 -55441.232    60.210    -7.36    5.64
 -55155.202    57.318   -10.11    5.90
 -54869.164    54.578    -9.58    5.71
 -54583.118    52.617    -6.86    5.68
 -54297.063    51.026    -5.56    4.97
 -54011.001    50.167    -3.00    4.09
 -53724.931    50.826     2.30    4.71
 -53438.852    52.398     5.49    5.85
 -53152.765    54.380     6.93    6.02
 -52866.671    56.454     7.25    5.38
 -52580.568    57.934     5.17    5.74
 -52294.457    59.310     4.81    6.25
 -52008.338    60.181     3.04    6.73
 -51722.211    59.978    -0.71    6.76
 -51436.076    60.210     0.81    6.99
 -51149.933    60.336     0.44    6.59
 -50863.782    60.713     1.32    5.62
 -50577.622    61.797     3.79    5.10
 -50291.455    63.368     5.49    4.95
 -50005.279    64.526     4.05    4.32
 -49719.096    64.514    -0.04    4.06
 -49432.904    63.653    -3.01    4.62
 -49146.704    63.033    -2.17    4.93
 -48860.496    61.327    -5.96    6.52
 -48574.280    58.252   -10.74    8.88
 -48288.056    54.076   -14.59   11.86
 -48001.824    49.999   -14.24   13.31
 -47715.584    46.550   -12.05   14.21
 -47429.335    43.786    -9.66   14.15
 -47143.079    40.629   -11.03   11.99
 -46856.814    37.092   -12.35   10.51
 -46570.542    34.812    -7.96    8.90
 -46284.261    33.107    -5.96    7.36
 -45997.972    32.289    -2.86    6.25
 -45711.675    32.699     1.43    7.15
 -45425.370    33.405     2.47    8.26
 -45139.057    35.982     9.00   10.58
 -44852.736    40.695    16.46   13.30
 -44566.406    46.139    19.01   14.64
 -44280.069    50.565    15.46   14.40
 -43993.723    54.323    13.12   12.15
 -43707.369    55.784     5.10   10.41
 -43421.008    56.614     2.90    8.61
 -43134.638    57.017     1.41    7.71
 -42848.260    57.302     1.00    6.27
 -42561.874    57.989     2.40    5.00
 -42275.479    59.202     4.24    4.28
 -41989.077    60.382     4.12    3.71
 -41702.666    61.333     3.32    2.92
 -41416.248    61.921     2.05    3.25
 -41129.821    62.260     1.18    4.20
 -40843.386    63.246     3.45    4.89
 -40556.943    64.918     5.83    5.29
 -40270.492    65.951     3.61    5.27
 -39984.033    66.303     1.23    4.85
 -39697.566    66.268    -0.12    4.29
 -39411.091    65.895    -1.30    4.25
 -39124.607    64.581    -4.59    4.64
 -38838.115    63.115    -5.12    4.42
 -38551.616    62.032    -3.78    3.54
 -38265.108    60.878    -4.03    2.47
 -37978.592    60.021    -2.99    2.14
 -37692.067    59.245    -2.71    2.45
 -37405.535    58.481    -2.67    3.18
 -37118.995    57.818    -2.31    3.56
 -36832.446    57.381    -1.53    3.75
 -36545.890    57.245    -0.48    3.90
 -36259.325    57.253     0.03    4.07
 -35972.752    57.485     0.81    4.26
 -35686.171    57.329    -0.54    4.44
 -35399.582    56.989    -1.19    4.45
 -35112.984    56.014    -3.40    4.93
 -34826.379    54.124    -6.59    5.05
 -34539.765    52.188    -6.75    4.66
 -34253.143    50.630    -5.44    4.42
 -33966.514    49.216    -4.93    3.81
 -33679.876    48.576    -2.23    3.53
 -33393.229    48.830     0.89    3.71
 -33106.575    49.569     2.58    4.13
 -32819.913    50.512     3.29    4.18
 -32533.242    51.797     4.48    4.09
 -32246.563    53.028     4.30    3.04
 -31959.876    53.320     1.02    2.62
 -31673.181    52.862    -1.60    3.00
 -31386.478    52.167    -2.42    3.22
 -31099.767    51.638    -1.84    3.14
 -30813.048    51.407    -0.81    3.02
 -30526.320    50.830    -2.01    2.62
 -30239.584    49.881    -3.31    3.36
 -29952.840    49.579    -1.05    3.56
 -29666.088    49.706     0.44    3.68
 -29379.328    49.310    -1.38    3.73
 -29092.560    48.550    -2.65    3.85
 -28805.783    47.524    -3.58    3.98
 -28518.998    46.829    -2.42    4.38
 -28232.206    46.394    -1.52    4.78
 -27945.405    46.239    -0.54    4.95
 -27658.596    46.139    -0.35    5.02
 -27371.778    46.223     0.30    5.04
 -27084.953    46.086    -0.48    4.40
 -26798.119    45.981    -0.36    3.78
 -26511.277    45.380    -2.10    2.82
 -26224.427    45.130    -0.87    2.54
 -25937.569    43.886    -4.34    3.35
 -25650.703    41.993    -6.60    4.28
 -25363.829    39.969    -7.05    4.68
 -25076.946    37.996    -6.87    4.82
 -24790.055    35.074   -10.19    5.28
 -24503.156    32.144   -10.21    5.95
 -24216.249    29.049   -10.79    6.53
 -23929.334    25.627   -11.93    7.74
 -23642.411    22.595   -10.57    8.52
 -23355.479    19.072   -12.28    9.03
 -23068.539    16.756    -8.07    9.16
 -22781.591    14.781    -6.88    9.72
 -22494.635    13.852    -3.24    9.90
 -22207.671    14.309     1.59   10.72
 -21920.698    14.900     2.06   10.26
 -21633.718    15.036     0.47    9.25
 -21346.729    15.664     2.19    8.85
 -21059.732    15.926     0.91    8.93
 -20772.727    15.786    -0.49    8.87
 -20485.713    15.495    -1.01    9.18
 -20198.692    14.947    -1.91    9.32
 -19911.662    13.913    -3.60    9.19
 -19624.624    11.821    -7.29    8.37
 -19337.578    10.860    -3.35    7.76
 -19050.524     9.786    -3.74    6.49
 -18763.461     9.297    -1.70    5.25
 -18476.391     9.344     0.16    4.52
 -18189.312    10.145     2.79    4.29
 -17902.225    10.970     2.88    3.57
 -17615.130    11.630     2.30    3.06
 -17328.026    11.666     0.13    2.86
 -17040.915    10.731    -3.26    3.06
 -16753.795     9.734    -3.47    3.09
 -16466.667     8.931    -2.80    2.95
 -16179.531     8.355    -2.01    2.86
 -15892.386     7.944    -1.43    2.65
 -15605.234     7.491    -1.58    2.39
 -15318.073     6.673    -2.85    2.99
 -15030.904     5.452    -4.25    3.82
 -14743.727     4.053    -4.87    4.40
 -14456.542     2.151    -6.62    4.53
 -14169.348     0.756    -4.86    3.62
 -13882.146    -0.076    -2.90    2.70
 -13594.936    -0.232    -0.54    2.41
 -13307.718    -0.044     0.66    2.54
 -13020.492     0.748     2.76    2.49
 -12733.257     1.109     1.26    2.14
 -12446.015     1.041    -0.24    2.16
 -12158.764     0.788    -0.88    2.27
 -11871.504     0.401    -1.35    2.42
 -11584.237     0.334    -0.23    2.55
 -11296.961     0.604     0.94    3.20
 -11009.678     1.260     2.28    3.52
 -10722.386     1.579     1.11    3.46
 -10435.085     1.745     0.58    3.42
 -10147.777     1.607    -0.48    3.45
  -9860.460     0.960    -2.25    3.48
  -9573.605    -0.088    -3.65    3.16
  -9287.952    -0.931    -2.95    2.36
  -9002.291    -1.385    -1.59    1.87
  -8716.623    -1.319     0.23    2.37
  -8430.948    -1.409    -0.31    2.64
  -8145.266    -1.657    -0.87    2.53
  -7859.576    -2.059    -1.41    2.03
  -7573.878    -2.433    -1.31    1.76
  -7288.174    -2.798    -1.28    1.51
  -7002.462    -3.073    -0.96    1.27
  -6716.743    -3.145    -0.25    1.28
  -6431.016    -3.352    -0.72    1.08
  -6145.282    -3.530    -0.62    0.90
  -5859.541    -3.681    -0.53    0.57
  -5573.792    -3.740    -0.21    0.43
  -5288.036    -3.798    -0.20    0.00
  -5002.273    -3.702     0.33    0.30
  -4716.502    -3.551     0.53    0.43
  -4430.724    -3.418     0.47    0.61
  -4144.939    -3.344     0.26    1.11
  -3859.146    -3.261     0.29    1.34
  -3573.346    -2.924     1.18    1.68
  -3287.538    -2.298     2.19    3.05
  -3001.723    -1.356     3.30    5.19
  -2715.901    -0.790     1.98    5.83
  -2430.072     1.104     6.63    8.26
  -2144.235     2.095     3.47    8.77
  -1858.391     2.862     2.68    9.44
  -1572.539     4.139     4.47   10.74
  -1286.680     4.794     2.29   11.13
  -1000.814     4.920     0.44   11.00
   -714.940     4.601    -1.12   10.39
   -429.059     4.049    -1.93    9.63
   -143.171     4.667     2.16   10.67
    142.725     5.028     1.27   11.65
    428.628     7.435     8.42   14.56
    714.538    10.850    11.95   17.99
   1000.456    12.952     7.35   19.50
   1286.381    14.267     4.60   20.51
   1572.314    15.890     5.68   22.05
   1858.254    17.152     4.41   22.90
   2144.201    17.086    -0.23   23.16
   2430.156    16.202    -3.09   23.59
   2716.118    15.026    -4.11   22.93
   3002.087    13.594    -5.01   21.42
   3288.064    12.210    -4.84   20.08
   3574.048    10.117    -7.32   17.56
   3860.039     8.640    -5.16   15.69
   4146.038     7.743    -3.14   14.42
   4432.045     8.731     3.45   15.22
   4718.058     9.316     2.05   14.62
   5004.079    10.449     3.96   15.01
   5290.107    14.138    12.90   19.28
   5576.143    20.660    22.80   25.04
   5862.186    29.202    29.86   28.95
   6148.237    33.855    16.26   30.11
   6434.295    37.472    12.65   31.26
   6720.360    37.391    -0.28   32.15
   7006.432    34.332   -10.69   31.53
   7292.512    28.586   -20.08   30.26
   7578.600    21.489   -24.81   27.04
   7864.695    13.049   -29.50   19.78
   8150.797     7.283   -20.16   13.96
   8436.906     4.610    -9.34    9.26
   8723.023     5.592     3.44    9.97
   9009.147     8.963    11.78   15.35
   9295.279    16.717    27.10   21.65
   9581.418    26.538    34.32   27.02
   9867.564    39.340    44.74   30.19
  10153.718    51.027    40.84   32.63
  10439.879    64.881    48.41   35.26
  10726.048    76.617    41.01   35.73
  11012.224    86.811    35.62   32.54
  11298.407    95.139    29.10   29.46
  11584.598   100.966    20.36   24.50
  11870.796   104.804    13.41   18.37
  12157.002   103.275    -5.34   13.63
  12443.215   102.759    -1.80   10.45
  12729.435   103.088     1.15   10.06
  13015.663   103.502     1.44   12.41
  13301.898   103.259    -0.85   14.79
  13588.140   101.857    -4.90   16.76
  13874.390    98.355   -12.24   17.42
  14160.648    92.915   -19.00   17.08
  14446.912    86.982   -20.73   14.91
  14733.184    82.745   -14.80   12.68
  15019.464    81.072    -5.84   12.94
  15305.751    82.477     4.91   15.01
  15592.045    86.329    13.46   16.85
  15878.347    89.224    10.11   16.36
  16164.656    92.447    11.26   15.68
  16450.972    98.195    20.08   15.15
  16737.296   103.785    19.52   13.26
  17023.628   107.253    12.11   11.88
  17309.966   109.759     8.75   11.08
  17596.313   111.482     6.02    9.23
  17882.666   112.611     3.94    6.51
  18169.027   112.317    -1.03    4.94
  18455.395   110.787    -5.34    5.69
  18741.771   108.702    -7.28    7.02
  19028.154   106.673    -7.08    7.81
  19314.545   106.058    -2.15    8.13
  19600.943   106.111     0.19    7.97
  19887.348   106.440     1.15    7.96
  20173.761   106.947     1.77    7.73
  20460.181   107.581     2.21    7.02
  20746.609   108.115     1.86    6.13
  21033.044   108.502     1.35    4.71
  21319.486   107.751    -2.62    5.06
  21605.936   106.562    -4.15    4.92
  21892.394   106.072    -1.71    4.45
  22178.858   106.104     0.11    4.28
  22465.330   106.588     1.69    4.71
  22751.810   107.898     4.57    6.29
  23038.297   109.376     5.16    6.99
  23324.791   111.741     8.26    7.43
  23611.293   112.322     2.03    7.12
  23897.802   111.999    -1.13    7.30
  24184.319   110.656    -4.69    7.73
  24470.843   108.099    -8.92    8.87
  24757.375   105.526    -8.98    9.17
  25043.914   103.808    -6.00    8.80
  25330.460   102.472    -4.66    8.41
  25617.014   101.345    -3.93    7.57
  25903.575   100.443    -3.15    7.15
  26190.144   100.436    -0.02    6.93
  26476.720   100.661     0.78    6.92
  26763.303   101.884     4.27    6.39
  27049.894   102.994     3.87    6.01
  27336.492   103.986     3.46    5.60
  27623.098   104.857     3.04    4.42
  27909.711   105.623     2.67    3.29
  28196.332   106.741     3.90    2.85
  28482.960   107.720     3.41    3.50
  28769.596   109.015     4.52    4.08
  29056.239   109.545     1.85    4.20
  29342.889   109.802     0.90    4.26
  29629.547   110.144     1.19    4.52
  29916.212   109.677    -1.63    4.79
  30202.885   108.611    -3.72    5.09
  30489.565   107.295    -4.59    5.58
  30776.253   105.845    -5.06    6.46
  31062.948   104.174    -5.83    7.55
  31349.650   102.028    -7.49    8.22
  31636.360   100.499    -5.33    8.31
  31923.077    98.123    -8.29    8.70
  32209.802    95.520    -9.08    9.37
  32496.534    94.547    -3.39    8.34
  32783.274    94.514    -0.12    6.37
  33070.021    93.467    -3.65    5.53
  33356.776    92.867    -2.09    4.74
  33643.538    91.195    -5.83    5.66
  33930.307    88.724    -8.62    7.17
  34217.084    84.456   -14.88    9.19
  34503.869    79.260   -18.12   11.04
  34790.661    73.706   -19.37   13.39
  35077.460    68.083   -19.60   14.72
  35364.267    62.921   -18.00   13.95
  35651.081    59.992   -10.21   12.93
  35937.902    59.093    -3.14   13.16
  36224.732    59.384     1.02   14.55
  36511.568    58.367    -3.55   16.23
  36798.412    56.840    -5.32   18.11
  37085.264    55.252    -5.54   18.98
  37372.122    54.042    -4.22   18.14
  37658.989    53.630    -1.43   16.87
  37945.863    53.943     1.09   16.94
  38232.744    56.885    10.26   18.27
  38519.633    64.252    25.68   21.00
  38806.529    73.706    32.95   21.20
  39093.433    82.259    29.81   17.49
  39380.344    89.069    23.74   12.51
  39667.262    93.384    15.04    7.34
  39954.188    94.995     5.62    4.65
  40241.122    95.007     0.04    4.47
  40528.063    94.173    -2.90    4.10
  40815.011    93.004    -4.08    3.59
  41101.967    91.588    -4.93    3.54
  41388.931    89.674    -6.67    4.59
  41675.902    89.630    -0.15    5.79
  41962.880    90.414     2.73    7.48
  42249.866    91.354     3.28    8.24
  42536.859    92.717     4.75    7.66
  42823.860    93.717     3.48    7.46
  43110.868    94.902     4.13    6.62
  43397.884    95.364     1.61    7.12
  43684.907    95.210    -0.54    8.00
  43971.938    95.310     0.35    8.81
  44258.976    95.848     1.88    9.34
  44546.021    97.405     5.43    8.79
  44833.074    98.876     5.12    7.20
  45120.135   100.264     4.83    6.02
  45407.203   101.074     2.82    5.20
  45694.279   101.138     0.22    4.25
  45981.361   100.512    -2.18    4.11
  46268.452    99.547    -3.36    4.27
  46555.550    98.057    -5.19    5.14
  46842.655    95.058   -10.45    6.90
  47129.768    90.895   -14.50    9.69
  47416.889    86.488   -15.35   11.78
  47704.017    83.144   -11.65   13.08
  47991.152    79.587   -12.39   14.08
  48278.295    77.069    -8.77   14.56
  48565.445    74.634    -8.48   14.82
  48852.603    72.975    -5.78   15.02
  49139.768    71.238    -6.05   14.45
  49426.941    69.152    -7.26   13.45
  49714.121    66.231   -10.17   13.24
  50001.309    61.890   -15.12   13.74
  50288.504    55.412   -22.56   15.00
  50575.707    50.913   -15.67   13.75
  50862.918    48.115    -9.74   13.72
  51150.135    48.134     0.06   15.72
  51437.361    49.929     6.25   17.73
  51724.593    52.538     9.08   18.32
  52011.834    59.344    23.69   18.99
  52298.547    66.324    24.34   17.81
  52584.272    71.370    17.66   16.27
  52870.003    74.663    11.53   15.89
  53155.741    77.496     9.91   16.47
  53441.486    79.890     8.38   15.69
  53727.238    80.623     2.56   14.39
  54012.996    78.415    -7.73   13.50
  54298.760    75.769    -9.26   11.50
  54584.532    74.210    -5.46    9.46
  54870.310    71.348   -10.01   10.01
  55156.094    68.583    -9.68   10.80
  55441.885    67.074    -5.28   12.02
  55727.683    66.224    -2.97   13.56
  56013.488    65.461    -2.67   14.44
  56299.299    65.550     0.31   14.49
  56585.117    64.797    -2.63   14.51
  56870.941    62.963    -6.41   14.60
  57156.773    62.008    -3.34   14.35
  57442.610    61.482    -1.84   14.52
  57728.455    59.979    -5.26   14.36
  58014.306    58.594    -4.84   14.35
  58300.164    58.144    -1.57   14.28
  58586.028    58.731     2.05   14.19
  58871.899    59.667     3.28   13.31
  59157.777    60.311     2.25   11.19
  59443.661    58.902    -4.93   11.00
  59729.552    55.789   -10.89   12.80
  60015.450    50.358   -18.99   15.54
  60301.355    43.562   -23.77   17.71
  60587.266    39.167   -15.37   17.12
  60873.183    37.798    -4.79   17.19
  61159.108    37.521    -0.97   18.51
  61445.039    38.297     2.71   20.30
  61730.976    40.942     9.25   21.86
  62016.921    44.727    13.24   23.16
  62302.872    49.028    15.04   21.66
  62588.829    54.028    17.49   18.84
  62874.794    56.494     8.62   15.25
  63160.765    60.053    12.45    8.83
  63446.742    60.981     3.24    8.07
  63732.727    60.005    -3.41    8.93
  64018.717    57.195    -9.83   11.04
  64304.715    53.486   -12.97   13.85
  64590.719    49.764   -13.02   15.99
  64876.730    45.238   -15.82   17.42
  65162.748    38.341   -24.11   17.79
  65448.772    31.345   -24.46   16.93
  65734.803    25.440   -20.65   15.44
  66020.841    21.146   -15.01   13.50
  66306.885    17.442   -12.95    9.97
  66592.936    15.131    -8.08    8.88
  66878.994    15.100    -0.11   11.09
  67165.058    16.410     4.58   14.23
  67451.129    17.678     4.43   16.10
  67737.207    20.869    11.16   17.95
  68023.292    25.375    15.75   20.56
  68309.383    31.657    21.96   22.30
  68595.480    37.602    20.78   21.64
  68881.585    44.644    24.61   20.21
  69167.696    51.951    25.54   16.75
  69453.814    58.026    21.24   12.82
  69739.938    62.391    15.26    8.05
  70026.069    63.231     2.94    8.28
  70312.207    63.217    -0.05    8.78
  70598.351    62.075    -3.99   10.52
  70884.503    60.062    -7.04   11.32
  71170.660    59.876    -0.65    9.84
  71456.825    60.018     0.50    8.98
  71742.996    61.264     4.36    8.11
  72029.174    60.926    -1.18    7.71
  72315.359    60.340    -2.05    7.42
  72601.550    61.449     3.87    5.68
  72887.748    61.061    -1.36    4.46
  73173.952    60.804    -0.90    3.44
  73460.164    60.405    -1.39    3.10
  73746.382    60.356    -0.17    2.94
  74032.606    60.400     0.15    2.98
  74318.838    60.015    -1.34    3.28
  74605.076    59.239    -2.71    3.93
  74891.321    58.155    -3.79    4.68
  75177.572    57.843    -1.09    4.71
  75463.830    57.483    -1.26    4.74
  75750.095    55.637    -6.45    5.78
  76036.366    53.614    -7.07    6.34
  76322.645    52.288    -4.63    6.75
  76608.930    51.691    -2.08    6.99
  76895.221    50.917    -2.71    6.90
  77181.519    49.428    -5.20    7.40
  77467.824    48.745    -2.39    8.00
  77754.136    49.007     0.92    8.24
  78040.455    48.044    -3.36    8.55
  78326.780    46.326    -6.00    8.29
  78613.111    44.166    -7.54    7.71
  78899.450    41.915    -7.86    7.66
  79185.795    40.251    -5.81    7.65
  79472.147    39.831    -1.47    7.70
  79758.505    41.138     4.56    8.09
  80044.871    42.253     3.89    8.11
  80331.243    42.846     2.07    7.90
  80617.621    43.991     4.00    6.93
  80904.007    44.739     2.61    6.65
  81190.399    43.572    -4.07    6.57
  81476.798    42.189    -4.83    6.37
  81763.203    41.624    -1.97    6.20
  82049.615    41.038    -2.04    6.36
  82336.034    40.862    -0.61    6.43
  82622.460    39.734    -3.94    6.85
