# NaN NaN NaN ;Mean Elev.(m), Avg Gradient(m/km), RMS Gradient(m/km) - SRTM1     
#    4.135     NaN     NaN ;Mean Elev.(m), Avg Gradient(m/km), RMS Gradient(m/km) - ASTER GDEM
#   39.972   0.336   3.838 ;Mean Elev.(m), Avg Gradient(m/km), RMS Gradient(m/km) - GMTED2010 
   1    19.939 54666.35459281 38.73  54.444947  65.629500 26.277 -100.00 -100.00 -100.00
   1    20.377 54666.35459340 41.06  54.451169  65.630040 22.982 -100.00 -100.00 -100.00
   1    20.080 54666.35459399 46.27  54.457391  65.630580 32.154 -100.00 -100.00 -100.00
   1    19.985 54666.35459458 48.82  54.463613  65.631119   -100 -100.00 -100.00 -100.00
   2    19.169 54676.27023764 30.69  54.447124  65.630848 11.556 -100.00 -100.00 -100.00
   2    19.157 54676.27023823 30.24  54.453345  65.631387  9.677 -100.00 -100.00 -100.00
   2    19.156 54676.27023882 30.95  54.459567  65.631927 12.563 -100.00 -100.00 -100.00
   2    19.369 54676.27023941 30.59  54.465790  65.632466 10.378 -100.00 -100.00 -100.00
   3     4.885 54686.18588119  8.10  54.450284  65.632908  3.628 -100.00 -100.00 -100.00
   3     5.969 54686.18588178  9.13  54.456506  65.633448  4.036 -100.00 -100.00 -100.00
   3     7.022 54686.18588237  9.97  54.462729  65.633987  4.345 -100.00 -100.00 -100.00
   4    76.232 54696.10152283 20.83  54.451127  65.633917 16.232 -100.00 -100.00 -100.00
   4    75.317 54696.10152342 20.15  54.457350  65.634457 22.497 -100.00 -100.00 -100.00
   4    41.625 54696.10152401 13.23  54.463572  65.634996 28.404 -100.00 -100.00 -100.00
   5     7.328 54706.01716213 18.61  54.449452  65.632645 13.241 -100.00 -100.00 -100.00
   5     7.360 54706.01716273 19.53  54.455674  65.633184 18.361 -100.00 -100.00 -100.00
   5    10.172 54706.01716332 10.46  54.461896  65.633724  3.681 -100.00 -100.00 -100.00
   6    20.979 54715.93281436 30.37  54.449355  65.630283   -100 -100.00 -100.00 -100.00
   6    21.717 54715.93281495 41.83  54.455576  65.630823 18.474 -100.00 -100.00 -100.00
   6    21.243 54715.93281554 45.97  54.461798  65.631362   -100 -100.00 -100.00 -100.00
   7    13.050 54725.84846364 14.74  54.444113  65.627560  7.211 -100.00 -100.00 -100.00
   7    12.482 54725.84846423 18.31  54.450333  65.628100 17.515 -100.00 -100.00 -100.00
   7    12.042 54725.84846482 21.36  54.456554  65.628639 27.275 -100.00 -100.00 -100.00
   7    12.657 54725.84846541 20.52  54.462774  65.629179 21.317 -100.00 -100.00 -100.00
   8    47.312 54735.76411155 22.94  54.442848  65.627191 12.544  259.10  257.86  257.62
   8    46.310 54735.76411214 20.78  54.449069  65.627731   -100  259.10  257.86  257.62
   8    19.949 54735.76411273 30.16  54.455290  65.628270 31.428  259.10  257.86  257.62
   8    33.969 54735.76411332 25.19  54.461510  65.628810 23.530  259.10  257.86  257.62
   9    47.115 54745.67975902 26.65  54.444610  65.629171   -100 -100.00 -100.00 -100.00
   9    45.897 54745.67975961 25.05  54.450831  65.629710 28.775 -100.00 -100.00 -100.00
   9    20.260 54745.67976020 37.21  54.457052  65.630250 31.434  259.88  259.38  259.85
   9    71.107 54745.67976079 12.06  54.463274  65.630789  6.400  259.88  259.38  259.85
  10    77.930 54755.59540642 18.57  54.450087  65.631398  8.837 -100.00 -100.00 -100.00
  10    45.169 54755.59540701 20.56  54.456310  65.631938 13.645 -100.00 -100.00 -100.00
  10    44.670 54755.59540760 21.44  54.462532  65.632477 13.504 -100.00 -100.00 -100.00
  11    45.302 54765.51105185 25.70  54.450565  65.631192 18.028  258.05  257.71  257.18
  11    43.969 54765.51105244 27.75  54.456788  65.631731 23.550  258.05  257.71  257.18
  11    34.437 54765.51105303 28.40  54.463010  65.632270 22.345  258.05  257.71  257.18
  12    21.931 54775.42669377 28.16  54.446047  65.628522 29.729  254.16  252.25  249.85
  12    22.268 54775.42669437 39.88  54.452269  65.629062 26.217  254.16  252.25  249.85
  12    22.747 54775.42669496 44.89  54.458491  65.629601 30.002  254.16  252.25  249.85
  12    22.415 54775.42669555 52.75  54.464713  65.630140   -100  254.16  252.25  249.85
  13    47.529 54785.34233348 18.74  54.444313  65.626315 12.371 -100.00 -100.00 -100.00
  13    46.432 54785.34233407 19.81  54.450535  65.626855 12.175 -100.00 -100.00 -100.00
  13    20.202 54785.34233466 25.54  54.456756  65.627394 30.864 -100.00 -100.00 -100.00
  14    63.627 54795.25797188 15.74  54.444000  65.626317 20.449  254.66  250.04  240.39
  14    64.019 54795.25797247 21.19  54.450221  65.626857   -100  254.66  250.04  240.39
  14    73.813 54795.25797306 12.45  54.456443  65.627396  7.111  254.66  250.04  240.39
  15    47.708 54805.17360959  7.12  54.442889  65.628241 21.237  261.52  259.20  254.54
  15    58.047 54805.17361018  4.99  54.449110  65.628781 16.433  261.52  259.20  254.54
  15    45.527 54805.17361077  6.13  54.455332  65.629321  8.082  261.52  259.20  254.54
  15    75.229 54805.17361136  2.95  54.461554  65.629860  5.307  261.52  259.20  254.54
  16    20.741 54815.08924749 20.76  54.449550  65.630552 21.549 -100.00 -100.00 -100.00
  16    22.678 54815.08924808 22.56  54.455772  65.631092 19.331  249.75  244.79  233.21
  16    22.682 54815.08924867 24.71  54.461994  65.631631 27.420  249.75  244.79  233.21
  17    20.408 54825.00489312 16.81  54.445169  65.630757 15.774  246.82  241.31  227.76
  17    22.366 54825.00489371 17.61  54.451391  65.631297 13.717  246.82  241.31  227.76
  17    20.087 54825.00489430 20.72  54.457613  65.631837 18.534  246.82  241.31  227.76
  17    20.289 54825.00489490 26.71  54.463836  65.632376   -100  246.82  241.31  227.76
  18    20.312 54834.92053312 18.42  54.449228  65.630505 15.666 -100.00 -100.00 -100.00
  18    20.905 54834.92053371 20.55  54.455450  65.631044 15.965 -100.00 -100.00 -100.00
  18    20.444 54834.92053430 23.75  54.461672  65.631584 22.096 -100.00 -100.00 -100.00
  19    20.119 54844.83618290 17.94  54.449236  65.630655 19.995 -100.00 -100.00 -100.00
  19    21.897 54844.83618349 19.37  54.455458  65.631194 13.676  246.96  242.20  230.26
  19    20.141 54844.83618408 21.32  54.461680  65.631733 24.107  246.96  242.20  230.26
  20    44.884 54854.75183210 12.90  54.451009  65.631903  7.576  245.33  239.04  223.92
  20    23.777 54854.75183269 14.25  54.457232  65.632442  9.228  245.33  239.04  223.92
  20    23.721 54854.75183328 13.76  54.463454  65.632981  6.949  245.33  239.04  223.92
  21    43.727 54864.66748103 13.39  54.451148  65.633670  7.269 -100.00 -100.00 -100.00
  21    43.689 54864.66748162 13.42  54.457370  65.634209  6.857 -100.00 -100.00 -100.00
  21    42.322 54864.66748221 13.65  54.463594  65.634748  5.746 -100.00 -100.00 -100.00
  22    44.265 54874.58312998 14.15  54.455149  65.634634  6.332  247.39  240.19  223.76
  22    42.821 54874.58313057 14.80  54.461372  65.635173  6.629  247.39  240.19  223.76
  23    45.423 54884.49877544 14.33  54.451058  65.633231  8.377  249.60  241.52  223.87
  23    43.980 54884.49877604 14.52  54.457281  65.633770  6.759  249.60  241.52  223.87
  23    42.388 54884.49877663 15.66  54.463504  65.634309  7.662  249.60  241.52  223.87
  24    45.137 54894.41441737 16.68  54.446371  65.630350 14.977 -100.00 -100.00 -100.00
  24    44.934 54894.41441796 16.37  54.452594  65.630890 12.336 -100.00 -100.00 -100.00
  24    23.005 54894.41441855 16.99  54.458816  65.631429 11.833 -100.00 -100.00 -100.00
  24    22.853 54894.41441914 17.45  54.465039  65.631968 10.635 -100.00 -100.00 -100.00
  25    48.631 54904.33005678 12.80  54.443292  65.628003  6.336 -100.00 -100.00 -100.00
  25    48.065 54904.33005737 12.13  54.449514  65.628542  5.196 -100.00 -100.00 -100.00
  25    45.655 54904.33005796 15.80  54.455736  65.629082 10.679 -100.00 -100.00 -100.00
  25    22.515 54904.33005855 19.88  54.461959  65.629621 17.836 -100.00 -100.00 -100.00
  26    47.675 54914.24569560 13.14  54.445567  65.627924  9.885  252.26  242.88  224.23
  26    24.171 54914.24569619 17.00  54.451789  65.628464 15.536  252.26  242.88  224.23
  26    24.111 54914.24569678 19.44  54.458011  65.629003 14.722  252.26  242.88  224.23
  26    22.798 54914.24569737 21.67  54.464233  65.629542 17.460  252.26  242.88  224.23
  27    48.438 54924.16133357 10.97  54.444276  65.629033  4.748 -100.00 -100.00 -100.00
  27    47.393 54924.16133416 13.61  54.450498  65.629572  8.616 -100.00 -100.00 -100.00
  27    19.659 54924.16133475 18.32  54.456720  65.630111 17.615 -100.00 -100.00 -100.00
  27    43.295 54924.16133534 17.89  54.462942  65.630650 15.179 -100.00 -100.00 -100.00
  28    47.902 54934.07697112 12.05  54.446884  65.630394  4.194 -100.00 -100.00 -100.00
  28    47.137 54934.07697171 12.37  54.453106  65.630934  4.579 -100.00 -100.00 -100.00
  28    46.523 54934.07697230 12.68  54.459328  65.631473  4.124 -100.00 -100.00 -100.00
  28    45.673 54934.07697289 12.46  54.465550  65.632012  4.482 -100.00 -100.00 -100.00
  29    47.629 54943.99260630  8.31  54.445629  65.629872  6.706 -100.00 -100.00 -100.00
  29    45.759 54943.99260689  9.13  54.451850  65.630412  5.923 -100.00 -100.00 -100.00
  29    44.528 54943.99260748 10.18  54.458071  65.630951  6.834 -100.00 -100.00 -100.00
  29    43.226 54943.99260807 10.81  54.464293  65.631490  6.267 -100.00 -100.00 -100.00
  30    48.994 54953.90823911  7.00  54.442915  65.627606  4.393  237.46  225.37  209.26
  30    47.335 54953.90823970  9.33  54.449136  65.628146  7.790  237.46  225.37  209.26
  30    45.471 54953.90824029 10.41  54.455356  65.628686  7.912  237.46  225.37  209.26
  30    43.926 54953.90824088 11.85  54.461577  65.629226  8.350  237.46  225.37  209.26
  31    47.464 54963.82388426 17.32  54.444646  65.626084 11.224 -100.00 -100.00 -100.00
  31    46.570 54963.82388485 19.05  54.450866  65.626624 16.265 -100.00 -100.00 -100.00
  31    45.077 54963.82388544 20.53  54.457086  65.627163 21.080 -100.00 -100.00 -100.00
  32    24.291 54973.73953254 39.31  54.443525  65.626250   -100 -100.00 -100.00 -100.00
  32    43.429 54973.73953313 34.95  54.449745  65.626790 23.866 -100.00 -100.00 -100.00
  32    24.575 54973.73953372 37.76  54.455966  65.627330 30.222 -100.00 -100.00 -100.00
  33    27.002 54983.65518045 35.54  54.444689  65.628256 25.493 -100.00 -100.00 -100.00
  33    46.810 54983.65518104 30.00  54.450909  65.628796  9.690 -100.00 -100.00 -100.00
  33    44.602 54983.65518163 31.62  54.457130  65.629335 12.101 -100.00 -100.00 -100.00
  33    43.001 54983.65518222 31.34  54.463352  65.629875 12.075 -100.00 -100.00 -100.00
  34    71.621 54993.57082848 22.18  54.449035  65.630659 22.491  255.78  255.84  255.44
  34    73.498 54993.57082907 18.52  54.455257  65.631199  6.763  255.78  255.84  255.44
  34    71.354 54993.57082966 21.04  54.461479  65.631738 13.933  255.78  255.84  255.44
  35    34.290 55003.48647501 27.28  54.449589  65.631594 11.724  263.32  263.90  261.40
  35    34.430 55003.48647560 29.04  54.455811  65.632134 12.534  263.32  263.90  261.40
  35    34.363 55003.48647619 28.94  54.462034  65.632673 12.510  263.32  263.90  261.40
  36    26.028 55013.40211945 23.81  54.449774  65.631472 16.006  264.49  263.02  262.79
  36    34.396 55013.40212004 24.78  54.455996  65.632011 15.248  264.49  263.02  262.79
  36    34.364 55013.40212063 23.58  54.462218  65.632550  9.195  264.49  263.02  262.79
  37    45.446 55023.31776238 20.08  54.449015  65.630998 11.289  271.96  270.63  269.78
  37    44.083 55023.31776297 21.26  54.455237  65.631537  8.497  271.96  270.63  269.78
  37    34.193 55023.31776356 24.30  54.461459  65.632076 14.624  271.96  270.63  269.78
  38    45.292 55033.23340492 15.84  54.451284  65.631794 19.036 -100.00 -100.00 -100.00
  38    34.711 55033.23340551 22.00  54.457506  65.632334 29.101 -100.00 -100.00 -100.00
  38    35.140 55033.23340610 17.94  54.463728  65.632873 21.408 -100.00 -100.00 -100.00
  39    35.286 55043.14904665 17.51  54.452467  65.632822 24.800 -100.00 -100.00 -100.00
  39    35.362 55043.14904724 19.20  54.458690  65.633361 29.043 -100.00 -100.00 -100.00
  39    42.308 55043.14904783 14.05  54.464912  65.633900 17.657 -100.00 -100.00 -100.00
  40    49.729 55053.06468644 23.26  54.450451  65.632706 27.778 -100.00 -100.00 -100.00
  40    18.355 55053.06468703 26.20  54.456673  65.633246 26.530 -100.00 -100.00 -100.00
  40    18.606 55053.06468762 30.77  54.462895  65.633785   -100 -100.00 -100.00 -100.00
  41    19.593 55062.98032371 23.02  54.445852  65.630789 13.418 -100.00 -100.00 -100.00
  41    33.643 55062.98032430 20.41  54.452073  65.631329  6.904 -100.00 -100.00 -100.00
  41    34.458 55062.98032489 21.88  54.458294  65.631868 10.573 -100.00 -100.00 -100.00
  41    34.059 55062.98032548 23.22  54.464516  65.632408 11.253 -100.00 -100.00 -100.00
  42    75.657 55072.89596837 18.72  54.447486  65.628974 31.028 -100.00 -100.00 -100.00
  42    45.599 55072.89596896 12.24  54.453707  65.629514 12.688  261.22  260.09  258.91
  42    45.100 55072.89596955  7.64  54.459928  65.630054  9.937  261.22  260.09  258.91
  43    47.950 55082.81161624  9.74  54.443800  65.627333  9.028 -100.00 -100.00 -100.00
  43    46.723 55082.81161683  9.35  54.450021  65.627872  9.723 -100.00 -100.00 -100.00
  43    46.122 55082.81161742  8.49  54.456241  65.628412  8.814 -100.00 -100.00 -100.00
  43    34.205 55082.81161801 17.83  54.462462  65.628951   -100 -100.00 -100.00 -100.00
  44    46.908 55092.72726283 18.48  54.442382  65.627427 11.800 -100.00 -100.00 -100.00
  44    25.697 55092.72726342 22.98  54.448603  65.627967 18.924 -100.00 -100.00 -100.00
  44    44.410 55092.72726401 21.11  54.454824  65.628506 13.131 -100.00 -100.00 -100.00
  44    34.157 55092.72726460 22.01  54.461045  65.629045 10.604 -100.00 -100.00 -100.00
  45    75.911 55102.64290965 24.93  54.445328  65.628811 21.139  258.94  258.40  257.83
  45    77.341 55102.64291024 24.14  54.451549  65.629351 11.751  258.94  258.40  257.83
  45    71.036 55102.64291084 11.92  54.457770  65.629890 10.638  258.94  258.40  257.83
  45    65.424 55102.64291143 11.35  54.463992  65.630429 25.098  258.94  258.40  257.83
  46    46.001 55112.55855612 22.18  54.447663  65.630091 12.102  257.88  258.11  258.77
  46    44.765 55112.55855671 23.36  54.453885  65.630630 11.127  257.88  258.11  258.77
  46    34.303 55112.55855730 28.82  54.460107  65.631169 27.468  257.88  258.11  258.77
  47    46.138 55122.47419980 24.49  54.445936  65.629635 19.118  257.05  256.18  256.94
  47    44.852 55122.47420039 26.37  54.452158  65.630175 23.283  257.05  256.18  256.94
  47    43.743 55122.47420098 25.17  54.458380  65.630714 15.814  257.05  256.18  256.94
  47    34.326 55122.47420157 26.37  54.464602  65.631253 15.378  257.05  256.18  256.94
  48    69.296 55132.38984083 13.64  54.447535  65.628422 11.335  258.20  255.82  254.82
  48    72.337 55132.38984143 16.63  54.453756  65.628962 29.131  258.20  255.82  254.82
  48    75.545 55132.38984202 15.49  54.459978  65.629501  7.503  258.20  255.82  254.82
  49    46.891 55142.30547942 16.84  54.444987  65.626890   -100  258.15  255.13  250.28
  49    67.755 55142.30548001 11.97  54.451208  65.627429 10.107  258.15  255.13  250.28
  49    24.203 55142.30548060 24.91  54.457430  65.627969 30.516  258.15  255.13  250.28
  49    43.663 55142.30548120 17.13  54.463652  65.628508 17.932  258.15  255.13  250.28
  50    24.079 55152.22111765 21.43  54.444474  65.627048 27.797  258.28  256.10  250.44
  50    24.136 55152.22111824 23.77  54.450695  65.627587 16.910  258.28  256.10  250.44
  50    24.288 55152.22111883 24.21  54.456917  65.628127 12.429  258.28  256.10  250.44
  50    22.775 55152.22111942 28.82  54.463139  65.628666 18.178  258.28  256.10  250.44
  51    24.054 55162.13675631 22.64  54.445293  65.628458  9.054  247.99  243.53  237.40
  51    23.998 55162.13675690 23.63  54.451514  65.628998 11.100  247.99  243.53  237.40
  51    22.030 55162.13675749 28.40  54.457736  65.629538 21.050  247.99  243.53  237.40
  51    22.659 55162.13675808 27.54  54.463958  65.630077 15.727  247.99  243.53  237.40
  52    24.418 55172.05239475 19.77  54.447836  65.630111  7.285 -100.00 -100.00 -100.00
  52    24.510 55172.05239534 19.41  54.454058  65.630650  6.024 -100.00 -100.00 -100.00
  52    25.039 55172.05239594 20.38  54.460280  65.631190  8.241 -100.00 -100.00 -100.00
  53    24.863 55181.96803141 18.25  54.448509  65.630718 16.837 -100.00 -100.00 -100.00
  53    24.900 55181.96803200 18.69  54.454731  65.631258 17.429 -100.00 -100.00 -100.00
  53    24.702 55181.96803259 18.52  54.460953  65.631798 12.819 -100.00 -100.00 -100.00
  54    24.635 55191.88368160 16.83  54.448547  65.630934 17.178 -100.00 -100.00 -100.00
  54    24.902 55191.88368219 15.66  54.454769  65.631474 10.683 -100.00 -100.00 -100.00
  54    24.586 55191.88368278 18.42  54.460991  65.632013 15.588 -100.00 -100.00 -100.00
  55    24.449 55201.79933182 17.38  54.449408  65.631563 18.555  252.36  246.75  233.46
  55    24.811 55201.79933241 16.28  54.455630  65.632103 11.544  252.36  246.75  233.46
  55    24.481 55201.79933300 16.61  54.461852  65.632642 10.039  252.36  246.75  233.46
  56    24.434 55211.71498145 17.49  54.450525  65.632413 16.512  250.08  243.21  225.78
  56    24.216 55211.71498204 17.95  54.456747  65.632952 15.514  250.08  243.21  225.78
  56    24.400 55211.71498263 18.01  54.462970  65.633491 12.142  250.08  243.21  225.78
  57    24.307 55221.63063067 18.76  54.452121  65.633000 17.584 -100.00 -100.00 -100.00
  57    18.816 55221.63063126 20.20  54.458344  65.633539 18.832 -100.00 -100.00 -100.00
  57    18.843 55221.63063185 22.31  54.464567  65.634078 22.551 -100.00 -100.00 -100.00
  58    45.404 55231.54627800 13.50  54.446777  65.631838 13.004 -100.00 -100.00 -100.00
  58    21.900 55231.54627859 17.44  54.453000  65.632378 16.097 -100.00 -100.00 -100.00
  58    23.075 55231.54627918 17.31  54.459223  65.632917 15.106 -100.00 -100.00 -100.00
  58    19.596 55231.54627977 18.53  54.465446  65.633456 14.259 -100.00 -100.00 -100.00
  59    46.840 55241.46192254 12.20  54.446167  65.630290  8.146  255.22  246.45  224.80
  59    24.271 55241.46192313 17.05  54.452390  65.630830 15.469  255.22  246.45  224.80
  59    22.812 55241.46192372 17.75  54.458612  65.631369 14.830  255.22  246.45  224.80
  59    23.049 55241.46192431 17.83  54.464835  65.631908 10.482  255.22  246.45  224.80
  60    46.516 55251.37756345 15.88  54.444219  65.628637 15.749 -100.00 -100.00 -100.00
  60    22.160 55251.37756404 19.37  54.450441  65.629176 23.707 -100.00 -100.00 -100.00
  60    22.758 55251.37756463 18.76  54.456663  65.629716 14.599 -100.00 -100.00 -100.00
  60    22.866 55251.37756522 20.67  54.462886  65.630255 19.280 -100.00 -100.00 -100.00
  61    47.831 55261.29320262 12.35  54.447841  65.628327  8.995 -100.00 -100.00 -100.00
  61    45.669 55261.29320322 13.26  54.454063  65.628866  7.661 -100.00 -100.00 -100.00
  61    22.575 55261.29320381 19.30  54.460285  65.629405 18.801 -100.00 -100.00 -100.00
  62    47.676 55271.20884044 11.18  54.446082  65.628618  7.334  252.53  241.06  216.63
  62    45.649 55271.20884103 14.55  54.452304  65.629158  9.646  252.53  241.06  216.63
  62    22.712 55271.20884162 18.57  54.458526  65.629697 16.372  252.53  241.06  216.63
  62    22.955 55271.20884221 19.57  54.464748  65.630236 13.118  252.53  241.06  216.63
  63    46.927 55281.12447858 12.70  54.448752  65.629346  8.245  251.88  240.15  216.96
  63    45.926 55281.12447917 12.21  54.454974  65.629885  6.449  251.88  240.15  216.96
  63    22.807 55281.12447976 19.35  54.461195  65.630424 19.562  251.88  240.15  216.96
  64    46.377 55291.04011528  9.77  54.449146  65.629248  8.346  249.74  241.96  223.74
  64    19.548 55291.04011587 15.24  54.455367  65.629788 19.900  249.74  241.96  223.74
  64    22.656 55291.04011646 15.79  54.461589  65.630327 18.959  249.74  241.96  223.74
  65    18.277 55300.95574923 12.37  54.445088  65.628019 12.996  265.11  261.13  253.85
  65    25.197 55300.95574982 11.99  54.451308  65.628559 12.003  265.11  261.13  253.85
  65    18.291 55300.95575041 14.03  54.457529  65.629099 13.853  265.11  261.13  253.85
  65    18.462 55300.95575100 14.86  54.463750  65.629638 18.235  265.11  261.13  253.85
  66    46.161 55310.87139607 35.47  54.447068  65.627395 26.627  253.39  253.16  253.50
  66    45.324 55310.87139666 34.60  54.453288  65.627935 22.797  253.39  253.16  253.50
  66    44.721 55310.87139725 31.00  54.459509  65.628475 14.200  253.39  253.16  253.50
  66    43.554 55310.87139784 31.97  54.465729  65.629014 15.108  253.39  253.16  253.50
  67    46.484 55320.78704121 33.68  54.443002  65.626918 18.916  249.04  249.25  249.41
  67    43.010 55320.78704180 34.52  54.449222  65.627458 20.818  249.04  249.25  249.41
  67    24.089 55320.78704239 35.39  54.455443  65.627998 24.429  249.04  249.25  249.41
  67    24.463 55320.78704298 36.84  54.461663  65.628537 22.709  249.04  249.25  249.41
  68    25.804 55330.70268612 38.96  54.447415  65.628134 24.680 -100.00 -100.00 -100.00
  68    26.355 55330.70268671 42.99  54.453636  65.628674 26.578 -100.00 -100.00 -100.00
  68    25.851 55330.70268730 54.44  54.459856  65.629213   -100 -100.00 -100.00 -100.00
  69    26.790 55340.61833042 42.20  54.445983  65.629400 18.881  255.15  254.83  254.79
  69    27.074 55340.61833101 44.30  54.452204  65.629939 21.763  255.15  254.83  254.79
  69    26.950 55340.61833160 45.93  54.458426  65.630478   -100  255.15  254.83  254.79
  69    26.766 55340.61833220 47.87  54.464647  65.631017   -100  255.15  254.83  254.79
  70    21.480 55350.53397477 28.36  54.447483  65.630424 17.965 -100.00 -100.00 -100.00
  70    22.299 55350.53397536 39.16  54.453705  65.630964 22.494 -100.00 -100.00 -100.00
  70    21.821 55350.53397595 44.22  54.459927  65.631503   -100 -100.00 -100.00 -100.00
  71    25.154 55360.44961672 38.05  54.446305  65.630661 19.036  263.67  263.13  261.39
  71    25.393 55360.44961731 41.09  54.452527  65.631201 20.028  263.67  263.13  261.39
  71    25.230 55360.44961790 44.31  54.458749  65.631740 28.384  263.67  263.13  261.39
  71    25.035 55360.44961849 48.44  54.464971  65.632279   -100  263.67  263.13  261.39
  72    46.122 55370.36525659 22.54  54.446150  65.630835 14.761  265.80  266.30  264.16
  72    45.095 55370.36525718 22.54  54.452372  65.631375 10.950  265.80  266.30  264.16
  72    43.262 55370.36525777 26.46  54.458594  65.631914 20.690  265.80  266.30  264.16
  72    34.473 55370.36525836 25.55  54.464816  65.632454 13.881  265.80  266.30  264.16
  73    21.932 55380.28089531 27.05  54.449514  65.631581 22.235  274.41  274.57  272.11
  73    34.423 55380.28089590 26.26  54.455736  65.632120 22.847  274.41  274.57  272.11
  73    34.336 55380.28089649 25.48  54.461959  65.632660 11.729  274.41  274.57  272.11
  74    34.756 55390.19653296 20.00  54.449177  65.632129 26.556 -100.00 -100.00 -100.00
  74    34.360 55390.19653355 23.82  54.455399  65.632669   -100 -100.00 -100.00 -100.00
  74    35.333 55390.19653414 21.93  54.461621  65.633208 27.048 -100.00 -100.00 -100.00
  75    34.659 55400.11216976 27.30  54.452011  65.632132   -100 -100.00 -100.00 -100.00
  75    34.475 55400.11217035 26.51  54.458233  65.632671 26.067 -100.00 -100.00 -100.00
  75    34.503 55400.11217094 27.57  54.464455  65.633211 19.603 -100.00 -100.00 -100.00
  76    46.999 55410.02781688 15.87  54.446678  65.630349 11.572 -100.00 -100.00 -100.00
  76    45.779 55410.02781747 16.56  54.452899  65.630889 13.257 -100.00 -100.00 -100.00
  76    34.887 55410.02781806 22.37  54.459120  65.631429 25.241 -100.00 -100.00 -100.00
  76    42.721 55410.02781865 19.97  54.465342  65.631968 22.185 -100.00 -100.00 -100.00
  77    47.734 55419.94346699 12.21  54.445605  65.628337  8.149 -100.00 -100.00 -100.00
  77    46.828 55419.94346758 10.58  54.451826  65.628877  8.020 -100.00 -100.00 -100.00
  77    45.158 55419.94346817 15.22  54.458046  65.629416 17.269 -100.00 -100.00 -100.00
  77    34.831 55419.94346877 18.13  54.464267  65.629956 22.175 -100.00 -100.00 -100.00
  78    46.610 55429.85911394 22.22  54.444534  65.627109 19.411 -100.00 -100.00 -100.00
  78    25.219 55429.85911453 29.02  54.450754  65.627648   -100 -100.00 -100.00 -100.00
  78    25.503 55429.85911512 27.40  54.456974  65.628188 25.486 -100.00 -100.00 -100.00
  78    33.816 55429.85911571 26.09  54.463195  65.628727 12.251 -100.00 -100.00 -100.00
  79    74.291 55439.77475876 15.27  54.446443  65.627838  9.511 -100.00 -100.00 -100.00
  79    46.184 55439.77475935 17.23  54.452663  65.628378 14.714 -100.00 -100.00 -100.00
  79    45.450 55439.77475994 16.51  54.458884  65.628917 12.439 -100.00 -100.00 -100.00
  79    34.739 55439.77476053 20.67  54.465105  65.629456 26.876 -100.00 -100.00 -100.00
  80    46.377 55449.69040214 17.56  54.448015  65.629305   -100  259.41  258.67  258.52
  80    22.487 55449.69040273 27.52  54.454236  65.629844 25.177  259.41  258.67  258.52
  80    34.267 55449.69040333 26.46  54.460458  65.630383 29.315  259.41  258.67  258.52
  81    20.946 55459.60604455 37.10  54.443954  65.629509 18.020  263.85  263.93  263.05
  81    21.335 55459.60604514 39.20  54.450175  65.630049 17.483  263.85  263.93  263.05
  81    20.878 55459.60604573 44.19  54.456396  65.630588   -100  263.85  263.93  263.05
  81    20.727 55459.60604632 43.93  54.462618  65.631127   -100  263.85  263.93  263.05
  82    46.345 55469.52168685 23.83  54.448758  65.629179 12.918  257.44  256.59  256.61
  82    45.368 55469.52168744 24.28  54.454979  65.629719 11.843  257.44  256.59  256.61
  82    44.102 55469.52168803 24.30  54.461201  65.630258 12.196  257.44  256.59  256.61
  83    48.341 55479.43732512 21.00  54.444688  65.627390 23.380  263.11  262.98  262.58
  83    47.169 55479.43732571 18.70  54.450909  65.627930 15.141  263.11  262.98  262.58
  83    46.167 55479.43732630 18.94  54.457131  65.628469 13.318  263.11  262.98  262.58
  83    44.135 55479.43732689 21.68  54.463353  65.629008 25.494  263.11  262.98  262.58
  84    47.503 55489.35296094 26.76  54.443981  65.626454 18.634  255.35  254.47  253.77
  84    46.405 55489.35296153 24.15  54.450202  65.626994 10.319  255.35  254.47  253.77
  84    45.178 55489.35296212 24.30  54.456424  65.627534 11.706  255.35  254.47  253.77
  85    47.504 55499.26859447 21.97  54.442541  65.626644   -100  258.31  256.88  256.45
  85    57.442 55499.26859506 20.36  54.448762  65.627184 19.436  258.31  256.88  256.45
  85    71.404 55499.26859565  7.68  54.454983  65.627724  7.314  258.31  256.88  256.45
  85    71.822 55499.26859624 25.09  54.461205  65.628263   -100  258.31  256.88  256.45
  86    59.390 55509.18423519 15.77  54.448242  65.628648 17.718 -100.00 -100.00 -100.00
  86    59.940 55509.18423578 14.80  54.454464  65.629188 18.383 -100.00 -100.00 -100.00
  86    64.685 55509.18423637 24.04  54.460686  65.629728   -100 -100.00 -100.00 -100.00
  87    20.642 55519.09988513 28.62  54.446826  65.629933 18.278 -100.00 -100.00 -100.00
  87    20.670 55519.09988572 28.61  54.453048  65.630472   -100 -100.00 -100.00 -100.00
  87    20.990 55519.09988631 41.52  54.459270  65.631012   -100 -100.00 -100.00 -100.00
  87    20.700 55519.09988690 44.64  54.465493  65.631551  6.011 -100.00 -100.00 -100.00
  88    22.433 55529.01553451 26.00  54.449763  65.630843 18.960 -100.00 -100.00 -100.00
  88    22.358 55529.01553510 30.37  54.455985  65.631383 18.044 -100.00 -100.00 -100.00
  88    21.705 55529.01553569 33.26  54.462207  65.631922 31.646 -100.00 -100.00 -100.00
  89    22.227 55538.93118150 24.06  54.446873  65.630590 19.627  256.70  253.94  251.02
  89    20.966 55538.93118210 25.57  54.453094  65.631129 25.777  256.70  253.94  251.02
  89    22.045 55538.93118269 25.67  54.459316  65.631669 16.084  256.70  253.94  251.02
  89    21.112 55538.93118328 26.34  54.465539  65.632208 16.332  256.70  253.94  251.02
  90    23.232 55548.84682675 21.92  54.449101  65.630942 19.460  249.83  245.56  238.42
  90    23.172 55548.84682734 22.28  54.455322  65.631481 18.597  249.83  245.56  238.42
  90    23.316 55548.84682793 21.33  54.461544  65.632020  9.225  249.83  245.56  238.42
  91    23.797 55558.76247031 19.00  54.451288  65.631963 11.777 -100.00 -100.00 -100.00
  91    23.743 55558.76247090 19.18  54.457510  65.632502  9.122 -100.00 -100.00 -100.00
  91    23.211 55558.76247149 23.82  54.463732  65.633041 17.681 -100.00 -100.00 -100.00
  92    24.005 55568.67811295 18.20  54.452732  65.633094  8.225 -100.00 -100.00 -100.00
  92    23.857 55568.67811354 18.15  54.458955  65.633633  6.650 -100.00 -100.00 -100.00
  92    23.738 55568.67811413 18.87  54.465178  65.634172  7.679 -100.00 -100.00 -100.00
  93    44.321 55578.59375446 17.74  54.451812  65.632769 10.500  255.87  251.74  242.03
  93    43.282 55578.59375505 17.73  54.458035  65.633308  9.134  255.87  251.74  242.03
  93    42.158 55578.59375564 18.03  54.464258  65.633847  7.553  255.87  251.74  242.03
  94    23.215 55588.50939349 17.66  54.450502  65.630659 11.756 -100.00 -100.00 -100.00
  94    44.367 55588.50939408 16.67  54.456724  65.631199  9.267 -100.00 -100.00 -100.00
  94    23.473 55588.50939467 17.46  54.462947  65.631738  7.927 -100.00 -100.00 -100.00
  95    46.705 55598.42502927 13.77  54.447621  65.627640  8.535 -100.00 -100.00 -100.00
  95    44.658 55598.42502986 17.43  54.453843  65.628180 14.078 -100.00 -100.00 -100.00
  95    43.743 55598.42503045 16.73  54.460064  65.628719 11.235 -100.00 -100.00 -100.00
  96    46.572 55608.34066274 15.46  54.447018  65.626138 12.627  248.34  240.57  220.26
  96    45.185 55608.34066333 17.41  54.453240  65.626678 14.437  248.34  240.57  220.26
  96    22.794 55608.34066392 18.05  54.459461  65.627217 15.393  248.34  240.57  220.26
  97    47.123 55618.25629431 14.48  54.445215  65.626550 11.315 -100.00 -100.00 -100.00
  97    46.032 55618.25629490 14.51  54.451437  65.627090  9.667 -100.00 -100.00 -100.00
  97    44.283 55618.25629549 17.82  54.457658  65.627629 13.515 -100.00 -100.00 -100.00
  98    46.675 55628.17194107 13.18  54.444624  65.628710  9.287 -100.00 -100.00 -100.00
  98    45.422 55628.17194166 14.02  54.450845  65.629250  8.897 -100.00 -100.00 -100.00
  98    43.726 55628.17194225 15.01  54.457067  65.629789 10.968 -100.00 -100.00 -100.00
  98    23.255 55628.17194284 16.24  54.463289  65.630329 10.045 -100.00 -100.00 -100.00
  99    46.057 55638.08759244 13.72  54.445553  65.629783  9.842 -100.00 -100.00 -100.00
  99    44.462 55638.08759303 15.18  54.451775  65.630323 10.976 -100.00 -100.00 -100.00
  99    23.788 55638.08759362 14.76  54.457997  65.630863  8.036 -100.00 -100.00 -100.00
  99    23.004 55638.08759421 16.51  54.464219  65.631402  8.774 -100.00 -100.00 -100.00
 100    46.433 55648.00324161 13.48  54.446156  65.628915 10.353  254.80  245.22  223.84
 100    44.725 55648.00324220 15.03  54.452377  65.629455 10.464  254.80  245.22  223.84
 100    22.978 55648.00324279 16.02  54.458598  65.629994 10.035  254.80  245.22  223.84
 100    23.110 55648.00324338 16.75  54.464820  65.630534 10.542  254.80  245.22  223.84
 101    45.343 55657.91888748 16.25  54.443742  65.626782 16.858  267.94  265.64  262.15
 101    46.354 55657.91888807  8.80  54.449962  65.627322 22.427  267.94  265.64  262.15
 101    25.393 55657.91888866 21.37  54.456183  65.627862 11.299  267.94  265.64  262.15
 101    24.496 55657.91888925 21.43  54.462404  65.628401 25.184  267.94  265.64  262.15
 102    47.473 55667.83452969 21.33  54.445084  65.626098 11.455 -100.00 -100.00 -100.00
 102    46.444 55667.83453028 22.54  54.451304  65.626637 12.902 -100.00 -100.00 -100.00
 102    45.265 55667.83453087 20.71  54.457524  65.627177  9.072 -100.00 -100.00 -100.00
 103    22.904 55677.75016935 36.52  54.446347  65.627365   -100 -100.00 -100.00 -100.00
 103    22.893 55677.75016994 32.22  54.452567  65.627905 23.129 -100.00 -100.00 -100.00
 103    26.175 55677.75017053 32.47  54.458788  65.628444 22.223 -100.00 -100.00 -100.00
 103    22.940 55677.75017112 35.13  54.465009  65.628983 28.913 -100.00 -100.00 -100.00
 104    24.535 55687.66580721 37.94  54.448218  65.629644   -100 -100.00 -100.00 -100.00
 104    24.289 55687.66580780 38.87  54.454439  65.630183   -100 -100.00 -100.00 -100.00
 104    24.299 55687.66580839 38.58  54.460661  65.630723   -100 -100.00 -100.00 -100.00
 105    45.824 55697.58144359 24.51  54.448180  65.631020 11.855 -100.00 -100.00 -100.00
 105    44.334 55697.58144418 26.96  54.454402  65.631559 16.656 -100.00 -100.00 -100.00
 105    34.464 55697.58144477 28.10  54.460624  65.632099 15.711 -100.00 -100.00 -100.00
 106    45.895 55707.49707854 24.27  54.445308  65.630509 15.585 -100.00 -100.00 -100.00
 106    45.093 55707.49707913 23.41  54.451530  65.631049 10.591 -100.00 -100.00 -100.00
 106    34.615 55707.49707973 23.68  54.457751  65.631589  9.572 -100.00 -100.00 -100.00
 106    34.384 55707.49708032 26.61  54.463974  65.632128 14.685 -100.00 -100.00 -100.00
 107    27.135 55717.41273012 40.19  54.448820  65.630213 17.973  268.19  268.62  266.40
 107    27.330 55717.41273071 43.31  54.455042  65.630753 22.278  268.19  268.62  266.40
 107    27.176 55717.41273130 46.81  54.461264  65.631292 28.700  268.19  268.62  266.40
 108    24.960 55727.32837833 24.37  54.445481  65.629976 26.475  264.24  263.94  263.00
 108    34.253 55727.32837892 21.99  54.451702  65.630516  9.312  264.24  263.94  263.00
 108    34.376 55727.32837951 23.41  54.457924  65.631055 10.175  264.24  263.94  263.00
 108    23.676 55727.32838010 28.94  54.464146  65.631595 22.959  264.24  263.94  263.00
 109    21.131 55737.24402543 41.53  54.447549  65.631185 26.067  281.22  280.69  279.29
 109    21.334 55737.24402602 42.98  54.453771  65.631725   -100  281.22  280.69  279.29
 109    21.028 55737.24402661 47.61  54.459993  65.632264   -100  281.22  280.69  279.29
 110    44.250 55747.15967111 20.03  54.447937  65.632375 16.435 -100.00 -100.00 -100.00
 110    34.392 55747.15967170 22.36  54.454160  65.632914 20.338 -100.00 -100.00 -100.00
 110    34.343 55747.15967229 21.33  54.460382  65.633453 12.451 -100.00 -100.00 -100.00
 111    45.146 55757.07531496 12.20  54.451767  65.632515 15.256 -100.00 -100.00 -100.00
 111    35.137 55757.07531555 17.22  54.457989  65.633055 24.042 -100.00 -100.00 -100.00
 111    43.064 55757.07531614 11.32  54.464212  65.633594 17.798 -100.00 -100.00 -100.00
 112    54.934 55766.99095514 20.53  54.445195  65.629930   -100 -100.00 -100.00 -100.00
 112    46.054 55766.99095573 23.56  54.451416  65.630469 22.481 -100.00 -100.00 -100.00
 112    67.344 55766.99095632 20.07  54.457638  65.631009 15.958 -100.00 -100.00 -100.00
 112    18.759 55766.99095691 36.73  54.463859  65.631548 31.213 -100.00 -100.00 -100.00
 113    74.372 55776.90659290 20.28  54.444993  65.627203  9.135 -100.00 -100.00 -100.00
 113    74.376 55776.90659349 20.30  54.451213  65.627742  9.706  267.34  266.61  265.33
 113    68.574 55776.90659408 27.61  54.457434  65.628282 11.004  267.34  266.61  265.33
 113    61.821 55776.90659467 18.92  54.463655  65.628821 28.308  267.34  266.61  265.33
 114    25.526 55786.82222771 29.35  54.441305  65.625386 15.561 -100.00 -100.00 -100.00
 114    18.854 55786.82222830 32.67  54.447525  65.625926 24.953  265.09  264.65  263.06
 114    25.779 55786.82222889 27.53  54.453744  65.626466 20.605  265.09  264.65  263.06
 114    25.961 55786.82222948 28.00  54.459965  65.627005 14.936  265.09  264.65  263.06
 115    25.265 55796.73786185 26.73  54.447092  65.626832 11.660 -100.00 -100.00 -100.00
 115    25.702 55796.73786244 25.86  54.453312  65.627372  9.107  264.29  263.00  261.85
 115    25.871 55796.73786303 26.06  54.459533  65.627911  9.530  264.29  263.00  261.85
 116    18.695 55806.65350364 29.84  54.446699  65.628801 18.342  263.41  262.30  262.05
 116    18.711 55806.65350423 30.78  54.452920  65.629341   -100  263.41  262.30  262.05
 116    22.377 55806.65350482 26.87  54.459141  65.629881 18.231  263.41  262.30  262.05
 116    22.833 55806.65350541 30.78  54.465363  65.630420 21.594  263.41  262.30  262.05
 117    19.153 55816.56915298 26.61  54.448660  65.630225 17.718 -100.00 -100.00 -100.00
 117    25.513 55816.56915357 22.97  54.454881  65.630764 13.013 -100.00 -100.00 -100.00
 117    22.500 55816.56915416 26.55  54.461103  65.631304 18.490 -100.00 -100.00 -100.00
 118    47.434 55826.48479841 11.77  54.444077  65.628694 10.329 -100.00 -100.00 -100.00
 118    46.610 55826.48479900  9.38  54.450299  65.629234  9.456 -100.00 -100.00 -100.00
 118    44.671 55826.48479959 11.55  54.456520  65.629773 13.335 -100.00 -100.00 -100.00
 118    34.729 55826.48480018 17.65  54.462742  65.630313 25.827 -100.00 -100.00 -100.00
 119    18.446 55836.40044008 33.60  54.446791  65.626994 16.546  265.63  264.70  264.63
 119    19.501 55836.40044068 39.58  54.453012  65.627534 21.350  265.63  264.70  264.63
 119    19.016 55836.40044127 43.03  54.459234  65.628073   -100  265.63  264.70  264.63
 119    19.043 55836.40044186 41.80  54.465456  65.628613   -100  265.63  264.70  264.63
 120    25.366 55846.31607789 27.30  54.443084  65.625488   -100  261.35  261.38  261.42
 120    25.609 55846.31607848 25.84  54.449305  65.626028 28.599  261.35  261.38  261.42
 120    25.781 55846.31607907 26.54  54.455526  65.626567 22.212  261.35  261.38  261.42
 121    46.619 55856.23171390 23.01  54.446617  65.626982 17.694  258.95  258.27  257.79
 121    25.527 55856.23171449 26.19  54.452839  65.627522 26.836  258.95  258.27  257.79
 121    34.029 55856.23171508 24.91  54.459060  65.628062 19.986  258.95  258.27  257.79
 121    33.945 55856.23171567 24.11  54.465282  65.628601 14.732  258.95  258.27  257.79
 122    68.208 55866.14735670 15.29  54.448850  65.629631 10.685 -100.00 -100.00 -100.00
 122    71.353 55866.14735729 10.33  54.455072  65.630171  9.426 -100.00 -100.00 -100.00
 122    74.268 55866.14735788 14.10  54.461294  65.630711 11.070 -100.00 -100.00 -100.00
 123    58.391 55876.06300952 24.55  54.450755  65.631911 31.450  257.90  259.38  260.78
 123    68.197 55876.06301011 24.25  54.456977  65.632451   -100  257.90  259.38  260.78
 123    73.720 55876.06301070 14.62  54.463200  65.632990  4.375  257.90  259.38  260.78
 124    19.845 55885.97865609 36.73  54.450976  65.632028 29.453 -100.00 -100.00 -100.00
 124    19.901 55885.97865668 39.60  54.457198  65.632568 29.428  250.54  246.10  238.99
 124    19.758 55885.97865727 40.04  54.463420  65.633107   -100  250.54  246.10  238.99
 125    46.026 55895.89429661 16.54  54.448927  65.630925 10.330  256.95  254.09  249.06
 125    23.664 55895.89429720 24.37  54.455149  65.631465 23.637  256.95  254.09  249.06
 125    23.497 55895.89429779 24.55  54.461371  65.632004 17.208  256.95  254.09  249.06
 126    46.542 55905.80993181 11.31  54.445687  65.629668  7.364 -100.00 -100.00 -100.00
 126    19.792 55905.80993240 18.85  54.451908  65.630208 23.963  249.06  245.26  237.23
 126    19.571 55905.80993299 19.50  54.458130  65.630748 15.930  249.06  245.26  237.23
 126    19.492 55905.80993359 22.20  54.464352  65.631287 18.661  249.06  245.26  237.23
 127    22.032 55915.72557500 19.82  54.446078  65.630230 22.695  252.23  249.47  242.54
 127    22.352 55915.72557559 20.10  54.452300  65.630770 16.043  252.23  249.47  242.54
 127    22.470 55915.72557619 20.64  54.458522  65.631310 17.546  252.23  249.47  242.54
 127    19.520 55915.72557678 25.00  54.464744  65.631849 25.498  252.23  249.47  242.54
 128    19.543 55925.64122924 23.98  54.451343  65.631922 26.464  248.96  245.79  238.40
 128    19.261 55925.64122983 22.35  54.457565  65.632462 17.168  248.96  245.79  238.40
 128    22.378 55925.64123042 20.12  54.463788  65.633001 10.686  248.96  245.79  238.40
 129    23.875 55935.55687923 21.14  54.446668  65.631807 14.144  254.83  251.91  245.38
 129    19.376 55935.55687982 23.80  54.452891  65.632347 19.477  254.83  251.91  245.38
 129    19.304 55935.55688041 24.34  54.459113  65.632887 19.383  254.83  251.91  245.38
 129    19.700 55935.55688100 23.76  54.465336  65.633426 17.115  254.83  251.91  245.38
 130    22.072 55945.47252503 19.27  54.449452  65.630326 16.114  251.46  247.23  238.08
 130    18.789 55945.47252562 26.51  54.455675  65.630865   -100  251.46  247.23  238.08
 130    22.626 55945.47252621 25.12  54.461897  65.631404 24.151  251.46  247.23  238.08
 131    51.302 55955.38816586 17.24  54.447020  65.627576   -100  251.00  245.47  233.74
 131    22.703 55955.38816645 19.29  54.453242  65.628116 12.694  251.00  245.47  233.74
 131    24.119 55955.38816704 16.48  54.459464  65.628655 17.748  251.00  245.47  233.74
 131    22.650 55955.38816763 22.24  54.465686  65.629194 22.726  251.00  245.47  233.74
 132    23.940 55965.30380387 15.57  54.442664  65.625839 16.908  247.93  241.94  225.63
 132    23.948 55965.30380447 16.54  54.448885  65.626379 19.986  247.93  241.94  225.63
 132    22.452 55965.30380506 19.97  54.455106  65.626918 18.391  247.93  241.94  225.63
 132    22.332 55965.30380565 20.25  54.461328  65.627457 17.650  247.93  241.94  225.63
 133    24.104 55975.21944101 16.55  54.441634  65.626738 19.448 -100.00 -100.00 -100.00
 133    46.465 55975.21944160 12.80  54.447855  65.627278  8.359 -100.00 -100.00 -100.00
 133    22.305 55975.21944219 19.57  54.454077  65.627818 23.950  251.13  244.81  227.20
 133    22.193 55975.21944278 19.89  54.460298  65.628357 16.867  251.13  244.81  227.20
 134    24.142 55985.13507781 14.41  54.446575  65.629141 12.029 -100.00 -100.00 -100.00
 134    22.164 55985.13507840 18.80  54.452797  65.629681 16.544 -100.00 -100.00 -100.00
 134    23.006 55985.13507899 19.17  54.459019  65.630220 13.326 -100.00 -100.00 -100.00
 134    18.668 55985.13507958 20.34  54.465241  65.630760 12.791 -100.00 -100.00 -100.00
 135    45.715 55995.05071189 14.11  54.444746  65.629765 11.690 -100.00 -100.00 -100.00
 135    23.091 55995.05071248 18.10  54.450967  65.630305 15.136 -100.00 -100.00 -100.00
 135    21.870 55995.05071307 19.29  54.457189  65.630844 13.669 -100.00 -100.00 -100.00
 135    22.857 55995.05071366 19.94  54.463410  65.631384 10.792 -100.00 -100.00 -100.00
 136    47.431 56004.96636419 13.66  54.447296  65.629154  7.212 -100.00 -100.00 -100.00
 136    22.306 56004.96636478 21.00  54.453517  65.629693 21.607 -100.00 -100.00 -100.00
 136    23.001 56004.96636537 20.45  54.459738  65.630233 16.596 -100.00 -100.00 -100.00
 136    22.997 56004.96636597 20.71  54.465960  65.630772 11.601 -100.00 -100.00 -100.00
 137    23.410 56014.88201185 18.71  54.442357  65.626827 20.364 -100.00 -100.00 -100.00
 137    23.228 56014.88201244 20.14  54.448577  65.627367 23.616 -100.00 -100.00 -100.00
 137    45.433 56014.88201303 17.19  54.454798  65.627907 12.491 -100.00 -100.00 -100.00
 137    22.551 56014.88201362 21.42  54.461018  65.628446 22.919 -100.00 -100.00 -100.00
 138    48.072 56024.79765698 12.95  54.442157  65.626217  9.041 -100.00 -100.00 -100.00
 138    24.359 56024.79765757 16.36  54.448377  65.626756 15.440 -100.00 -100.00 -100.00
 138    45.758 56024.79765816 14.51  54.454597  65.627296 10.020 -100.00 -100.00 -100.00
 138    22.909 56024.79765875 19.31  54.460818  65.627835 18.766 -100.00 -100.00 -100.00
 140    46.727 56044.62894170 25.64  54.445188  65.630436 16.185  264.06  264.38  264.62
 140    45.311 56044.62894229 26.25  54.451410  65.630975 17.597  264.06  264.38  264.62
 140    34.517 56044.62894288 31.45  54.457631  65.631515 28.876  264.06  264.38  264.62
 140    34.260 56044.62894347 30.63  54.463853  65.632054 22.504  264.06  264.38  264.62
 141    43.082 56054.54458035 35.39  54.447806  65.632145 26.552 -100.00 -100.00 -100.00
 141    34.562 56054.54458094 32.70  54.454028  65.632685 19.573 -100.00 -100.00 -100.00
 141    42.458 56054.54458153 32.46  54.460250  65.633225 19.582 -100.00 -100.00 -100.00
 142    26.620 56064.46021514 39.45  54.449455  65.632001 18.933 -100.00 -100.00 -100.00
 142    26.401 56064.46021573 42.63  54.455677  65.632541 21.912 -100.00 -100.00 -100.00
 142    26.088 56064.46021632 46.85  54.461900  65.633080 31.490 -100.00 -100.00 -100.00
 143    26.932 56074.37585874 39.58  54.447531  65.630772 21.888 -100.00 -100.00 -100.00
 143    27.211 56074.37585933 41.77  54.453753  65.631311 20.691 -100.00 -100.00 -100.00
 143    27.244 56074.37585992 44.75  54.459975  65.631851 26.587 -100.00 -100.00 -100.00
 144    45.376 56084.29150862 23.84  54.449828  65.630712 13.236 -100.00 -100.00 -100.00
 144    44.308 56084.29150921 22.59  54.456050  65.631252  8.758 -100.00 -100.00 -100.00
 144    34.289 56084.29150980 25.19  54.462272  65.631791 14.165 -100.00 -100.00 -100.00
 145    45.831 56094.20715578 27.76  54.448322  65.630873 27.899 -100.00 -100.00 -100.00
 145    44.479 56094.20715637 27.61  54.454544  65.631413 23.028 -100.00 -100.00 -100.00
 145    43.227 56094.20715696 27.12  54.460766  65.631952 20.975 -100.00 -100.00 -100.00
 146    20.684 56104.12280113 25.54  54.450308  65.631556 21.840  269.41  268.84  267.76
 146    34.581 56104.12280172 25.61  54.456530  65.632095 15.226  269.41  268.84  267.76
 146    33.948 56104.12280231 26.75  54.462752  65.632634 18.201  269.41  268.84  267.76
 147    46.726 56114.03843123 21.17  54.445004  65.630553 10.938 -100.00 -100.00 -100.00
 147    45.416 56114.03843182 23.91  54.451225  65.631093 15.535 -100.00 -100.00 -100.00
 147    34.361 56114.03843241 28.23  54.457446  65.631632 26.698 -100.00 -100.00 -100.00
 147    42.969 56114.03843300 24.84  54.463668  65.632171 14.507 -100.00 -100.00 -100.00
 148    69.543 56123.95406973 20.25  54.446328  65.629330 12.972  268.99  269.73  267.21
 148    68.393 56123.95407032 22.95  54.452549  65.629869 12.146  268.99  269.73  267.21
 148    72.972 56123.95407091 17.52  54.458770  65.630409 11.048  268.99  269.73  267.21
 148    42.999 56123.95407150 21.25  54.464992  65.630948 19.212  268.99  269.73  267.21
 149    47.555 56133.86970392 25.57  54.444382  65.627203 13.792 -100.00 -100.00 -100.00
 149    46.389 56133.86970451 23.78  54.450602  65.627743 28.238 -100.00 -100.00 -100.00
 149    68.009 56133.86970510 21.17  54.456822  65.628283 17.244 -100.00 -100.00 -100.00
 149    44.181 56133.86970569 23.59  54.463043  65.628822 14.166 -100.00 -100.00 -100.00
 150    18.980 56143.78534316 36.97  54.444421  65.626393 15.093 -100.00 -100.00 -100.00
 150    19.349 56143.78534375 39.77  54.450641  65.626933 19.429  270.78  271.24  270.06
 150    19.732 56143.78534434 51.81  54.456861  65.627473   -100  270.78  271.24  270.06
 151    25.595 56153.70099396 24.28  54.447835  65.627535 28.174  271.34  271.55  270.74
 151    45.366 56153.70099455 20.65  54.454056  65.628074 16.091  271.34  271.55  270.74
 151    33.881 56153.70099514 24.02  54.460277  65.628614 17.674  271.34  271.55  270.74
 152    68.863 56163.61664312 16.69  54.447311  65.629090  9.422 -100.00 -100.00 -100.00
 152    67.852 56163.61664371 15.49  54.453532  65.629630  8.623 -100.00 -100.00 -100.00
 152    71.907 56163.61664430 14.35  54.459753  65.630169  8.152 -100.00 -100.00 -100.00
 152    43.264 56163.61664489 16.15  54.465974  65.630708 12.541 -100.00 -100.00 -100.00
 153    55.643 56173.53229027 21.09  54.447732  65.630062 20.710  270.30  269.57  269.15
 153    56.316 56173.53229086 23.33  54.453953  65.630602 25.658  270.30  269.57  269.15
 153    71.290 56173.53229145 14.00  54.460175  65.631141  7.253  270.30  269.57  269.15
 154    47.185 56183.44793245 19.03  54.449862  65.629737 13.279 -100.00 -100.00 -100.00
 154    45.526 56183.44793304 21.12  54.456084  65.630277 14.853 -100.00 -100.00 -100.00
 154    43.963 56183.44793363 24.23  54.462306  65.630816 24.493 -100.00 -100.00 -100.00
 155    47.333 56193.36357002 22.60  54.443273  65.627777 12.756 -100.00 -100.00 -100.00
 155    46.491 56193.36357061 23.72  54.449495  65.628317 14.558  265.35  264.46  264.18
 155    45.327 56193.36357120 23.57  54.455716  65.628857 11.172  265.35  264.46  264.18
 155    44.178 56193.36357179 25.16  54.461938  65.629396 15.401  265.35  264.46  264.18
 156    47.283 56203.27920561 23.70  54.444751  65.627187 12.667  257.72  256.38  256.98
 156    46.397 56203.27920620 24.81  54.450972  65.627727 13.256  257.72  256.38  256.98
 156    20.154 56203.27920679 31.87  54.457193  65.628266   -100  257.72  256.38  256.98
 156    33.787 56203.27920738 31.64  54.463415  65.628806 20.852  257.72  256.38  256.98
 157    46.821 56213.19483964 23.92  54.446857  65.628242 30.682 -100.00 -100.00 -100.00
 157    45.739 56213.19484023 24.13  54.453078  65.628781   -100  258.16  257.27  257.47
 157    44.518 56213.19484082 24.36  54.459300  65.629321 21.464  258.16  257.27  257.47
 157    43.689 56213.19484141 23.67  54.465522  65.629860 11.773  258.16  257.27  257.47
 158    46.465 56223.11047255 26.24  54.447746  65.630135   -100 -100.00 -100.00 -100.00
 158    45.176 56223.11047314 27.93  54.453967  65.630675  6.345 -100.00 -100.00 -100.00
 158    34.414 56223.11047373 30.41  54.460189  65.631215   -100 -100.00 -100.00 -100.00
 159    46.316 56233.02612885 18.12  54.447539  65.631894 22.848 -100.00 -100.00 -100.00
 159    19.173 56233.02612944 27.01  54.453761  65.632434   -100 -100.00 -100.00 -100.00
 159    70.293 56233.02613003 15.63  54.459983  65.632974  8.857 -100.00 -100.00 -100.00
 160    21.679 56242.94178131 25.63  54.450113  65.632390 10.782 -100.00 -100.00 -100.00
 160    19.421 56242.94178190 31.91  54.456335  65.632930 18.661 -100.00 -100.00 -100.00
 160    19.681 56242.94178249 35.97  54.462558  65.633469 20.739 -100.00 -100.00 -100.00
 161    23.554 56252.85742874 24.69  54.447913  65.631510 18.744 -100.00 -100.00 -100.00
 161    23.506 56252.85742933 25.52  54.454135  65.632049 12.959 -100.00 -100.00 -100.00
 161    19.424 56252.85742992 31.81  54.460357  65.632589 22.170 -100.00 -100.00 -100.00
 162    23.770 56262.77307175 15.90  54.446418  65.630791 17.248 -100.00 -100.00 -100.00
 162    19.608 56262.77307234 20.60  54.452640  65.631331 16.282 -100.00 -100.00 -100.00
 162    22.664 56262.77307293 21.50  54.458861  65.631870 13.222 -100.00 -100.00 -100.00
 162    23.179 56262.77307352 22.23  54.465084  65.632410 11.656 -100.00 -100.00 -100.00
 163    19.043 56272.68871312 21.84  54.447941  65.630861 10.572  241.67  236.60  226.13
 163    19.256 56272.68871371 21.54  54.454163  65.631400  9.711  241.67  236.60  226.13
 163    22.606 56272.68871430 22.37  54.460385  65.631939 10.056  241.67  236.60  226.13
 164    18.886 56282.60435542 21.00  54.446203  65.630679  7.954 -100.00 -100.00 -100.00
 164    19.072 56282.60435601 20.95  54.452425  65.631219  7.727 -100.00 -100.00 -100.00
 164    18.933 56282.60435660 22.07  54.458647  65.631758  9.974 -100.00 -100.00 -100.00
 164    22.615 56282.60435719 21.78  54.464870  65.632297  9.499 -100.00 -100.00 -100.00
 165    22.088 56292.52000749 20.05  54.448298  65.630458  7.336 -100.00 -100.00 -100.00
 165    18.751 56292.52000808 21.03  54.454521  65.630998  9.257 -100.00 -100.00 -100.00
 165    22.689 56292.52000867 20.78  54.460743  65.631537  8.066 -100.00 -100.00 -100.00
 166    21.003 56302.43565451 18.81  54.444489  65.628885  5.644 -100.00 -100.00 -100.00
 166    18.601 56302.43565510 20.13  54.450711  65.629425  7.180 -100.00 -100.00 -100.00
 166    22.284 56302.43565569 19.40  54.456933  65.629964  6.227 -100.00 -100.00 -100.00
 166    22.489 56302.43565628 19.87  54.463155  65.630504  7.062 -100.00 -100.00 -100.00
 167    45.966 56312.35129804 13.36  54.448326  65.628083 11.010 -100.00 -100.00 -100.00
 167    23.424 56312.35129863 16.90  54.454548  65.628622 15.680 -100.00 -100.00 -100.00
 167    22.338 56312.35129922 20.54  54.460770  65.629162 18.423 -100.00 -100.00 -100.00
 168    46.334 56322.26693879 13.71  54.445387  65.627737 11.795 -100.00 -100.00 -100.00
 168    24.182 56322.26693938 15.66  54.451609  65.628277 13.020 -100.00 -100.00 -100.00
 168    22.262 56322.26693997 20.37  54.457831  65.628816 18.296 -100.00 -100.00 -100.00
 168    22.087 56322.26694056 20.63  54.464053  65.629355 15.466 -100.00 -100.00 -100.00
 169    46.278 56332.18257932 13.41  54.445798  65.628679 11.116 -100.00 -100.00 -100.00
 169    45.539 56332.18257991 14.37  54.452020  65.629219 11.408 -100.00 -100.00 -100.00
 169    22.220 56332.18258050 19.99  54.458242  65.629758 21.960 -100.00 -100.00 -100.00
 169    22.574 56332.18258109 21.81  54.464465  65.630298 15.905 -100.00 -100.00 -100.00
 170    46.642 56342.09821943 13.71  54.446760  65.629463  8.744 -100.00 -100.00 -100.00
 170    45.189 56342.09822002 15.49  54.452982  65.630003 10.042 -100.00 -100.00 -100.00
 170    22.078 56342.09822061 20.44  54.459204  65.630543 15.317 -100.00 -100.00 -100.00
 170    22.680 56342.09822120 21.59  54.465426  65.631082 12.712 -100.00 -100.00 -100.00
 171    47.567 56352.01385689 12.91  54.444368  65.629152  8.586 -100.00 -100.00 -100.00
 171    45.680 56352.01385748 14.57  54.450589  65.629692 10.854 -100.00 -100.00 -100.00
 171    22.117 56352.01385807 19.90  54.456811  65.630231 21.549 -100.00 -100.00 -100.00
 171    18.524 56352.01385866 21.51  54.463033  65.630771 17.825 -100.00 -100.00 -100.00
 172    46.954 56361.92949721 14.76  54.444514  65.628335 11.659 -100.00 -100.00 -100.00
 172    45.794 56361.92949780 13.67  54.450735  65.628875  9.044 -100.00 -100.00 -100.00
 172    22.358 56361.92949839 18.89  54.456956  65.629415 19.210 -100.00 -100.00 -100.00
 172    22.969 56361.92949898 19.30  54.463177  65.629954 12.633 -100.00 -100.00 -100.00
 173    46.842 56371.84514655 13.59  54.445023  65.628094  9.008 -100.00 -100.00 -100.00
 173    45.652 56371.84514715 15.01  54.451244  65.628634 11.580 -100.00 -100.00 -100.00
 173    23.455 56371.84514774 16.90  54.457465  65.629173 12.655 -100.00 -100.00 -100.00
 173    23.454 56371.84514833 18.96  54.463686  65.629713 13.469 -100.00 -100.00 -100.00
 174    46.847 56381.76079351 13.42  54.447666  65.629048  8.525  248.07  236.29  215.10
 174    45.584 56381.76079410 13.19  54.453887  65.629588  6.997  248.07  236.29  215.10
 174    22.496 56381.76079469 18.53  54.460109  65.630127 16.450  248.07  236.29  215.10
 175    47.137 56391.67643794 13.24  54.445585  65.630443  8.059 -100.00 -100.00 -100.00
 175    45.674 56391.67643853 13.74  54.451806  65.630983  8.458 -100.00 -100.00 -100.00
 175    23.600 56391.67643912 18.79  54.458028  65.631522 17.674 -100.00 -100.00 -100.00
 175    23.056 56391.67643971 18.34  54.464250  65.632061 13.403 -100.00 -100.00 -100.00
 176    61.191 56401.59208130  9.22  54.449569  65.631935 14.865  261.81  263.34  264.21
 176    52.221 56401.59208189 15.32  54.455791  65.632475 21.984  261.81  263.34  264.21
 176    70.939 56401.59208248 15.22  54.462013  65.633014 26.372  261.81  263.34  264.21
 177    34.477 56411.50772182 35.34  54.452834  65.632551 25.386  257.29  256.77  257.42
 177    34.711 56411.50772241 32.70  54.459056  65.633090 15.341  257.29  256.77  257.42
 177    34.219 56411.50772300 33.50  54.465279  65.633629 18.978  257.29  256.77  257.42
 178    21.961 56421.42335691 37.81  54.451566  65.631857 24.845 -100.00 -100.00 -100.00
 178    21.661 56421.42335750 40.75  54.457788  65.632396   -100 -100.00 -100.00 -100.00
 178    21.935 56421.42335809 35.87  54.464010  65.632936 26.455 -100.00 -100.00 -100.00
 179    46.290 56431.33899571 23.53  54.446427  65.630979 10.256 -100.00 -100.00 -100.00
 179    44.888 56431.33899630 25.68  54.452649  65.631519 16.000 -100.00 -100.00 -100.00
 179    34.498 56431.33899689 27.97  54.458871  65.632058 21.894 -100.00 -100.00 -100.00
 179    42.671 56431.33899748 26.06  54.465093  65.632598 14.015 -100.00 -100.00 -100.00
 180    45.659 56441.25464870 23.01  54.447893  65.631446 15.261  268.61  267.68  267.57
 180    44.587 56441.25464929 22.53  54.454115  65.631986 10.094  268.61  267.68  267.57
 180    34.351 56441.25464988 24.61  54.460338  65.632525 14.588  268.61  267.68  267.57
 181    24.067 56451.17029885 42.91  54.446055  65.631524 26.346  267.95  267.25  267.15
 181    24.250 56451.17029944 41.85  54.452277  65.632064 20.217  267.95  267.25  267.15
 181    23.890 56451.17030003 47.10  54.458499  65.632603   -100  267.95  267.25  267.15
 181    24.006 56451.17030062 51.11  54.464722  65.633142   -100  267.95  267.25  267.15
 182    80.146 56461.08594720 27.76  54.450279  65.631301 27.202 -100.00 -100.00 -100.00
 182    79.368 56461.08594779 23.23  54.456501  65.631840 20.782 -100.00 -100.00 -100.00
 182    75.316 56461.08594838 28.69  54.462723  65.632379   -100 -100.00 -100.00 -100.00
 183    77.330 56471.00159122 24.11  54.443932  65.629391 21.972  265.53  265.07  264.40
 183    77.899 56471.00159181 22.93  54.450153  65.629931 14.829  265.53  265.07  264.40
 183    79.103 56471.00159240  9.93  54.456374  65.630470 13.098  265.53  265.07  264.40
 183    44.438 56471.00159299 10.30  54.462595  65.631009   -100  265.53  265.07  264.40
 184    25.398 56480.91723222 22.08  54.443952  65.628128 10.492 -100.00 -100.00 -100.00
 184    26.028 56480.91723281 21.33  54.450173  65.628668  7.821 -100.00 -100.00 -100.00
 184    25.854 56480.91723340 23.47  54.456394  65.629208 12.280  272.19  272.72  270.54
 184    33.558 56480.91723399 25.00  54.462615  65.629747 12.581  272.19  272.72  270.54
 185    18.158 56490.83286945 27.05  54.444648  65.627741 20.116 -100.00 -100.00 -100.00
 185    62.183 56490.83287004 18.75  54.450868  65.628280 19.133 -100.00 -100.00 -100.00
 185    19.173 56490.83287063 37.90  54.457089  65.628820 23.256 -100.00 -100.00 -100.00
 185    18.273 56490.83287122 33.11  54.463310  65.629359   -100 -100.00 -100.00 -100.00
 186    47.448 56500.74850422 11.95  54.445356  65.628219  9.898 -100.00 -100.00 -100.00
 186    46.878 56500.74850481 11.46  54.451576  65.628758 12.154 -100.00 -100.00 -100.00
 186    45.371 56500.74850540 11.47  54.457797  65.629298 11.164 -100.00 -100.00 -100.00
 186    34.828 56500.74850599 16.79  54.464018  65.629837 22.846 -100.00 -100.00 -100.00
 187    18.133 56510.66413780 44.62  54.448362  65.629039   -100  277.88  277.49  275.65
 187    17.743 56510.66413839 45.76  54.454583  65.629579   -100  277.88  277.49  275.65
 187    18.279 56510.66413898 48.23  54.460804  65.630118 30.092  277.88  277.49  275.65
 188    25.428 56520.57978144 20.48  54.445272  65.629012 20.495 -100.00 -100.00 -100.00
 188    25.059 56520.57978204 23.62  54.451493  65.629552 21.105 -100.00 -100.00 -100.00
 188    25.446 56520.57978263 24.09  54.457714  65.630092 15.320 -100.00 -100.00 -100.00
 188    22.922 56520.57978322 28.47  54.463936  65.630632 18.332 -100.00 -100.00 -100.00
 189    24.731 56530.49543495 24.92  54.446777  65.628989 28.046 -100.00 -100.00 -100.00
 189    25.343 56530.49543554 24.51  54.452998  65.629529 20.116 -100.00 -100.00 -100.00
 189    33.636 56530.49543613 24.09  54.459220  65.630069 19.947 -100.00 -100.00 -100.00
 189    22.966 56530.49543672 29.83  54.465441  65.630608 31.220 -100.00 -100.00 -100.00
 191    19.965 56550.32672966 36.79  54.447636  65.628733 13.103 -100.00 -100.00 -100.00
 191    19.593 56550.32673025 41.90  54.453857  65.629273 17.766 -100.00 -100.00 -100.00
 191    18.961 56550.32673084 52.68  54.460079  65.629812   -100 -100.00 -100.00 -100.00
 192    25.217 56560.24237254 19.60  54.447665  65.629947 13.923 -100.00 -100.00 -100.00
 192    34.129 56560.24237313 22.56  54.453887  65.630486 15.038  262.65  262.33  261.74
 192    33.982 56560.24237372 24.71  54.460109  65.631026 20.814  262.65  262.33  261.74
 193    34.370 56570.15801425 22.15  54.446063  65.631329 14.995  264.27  264.00  263.78
 193    41.950 56570.15801484 22.25  54.452285  65.631868 12.551  264.27  264.00  263.78
 193    34.365 56570.15801543 24.96  54.458507  65.632408 19.911  264.27  264.00  263.78
 193    34.321 56570.15801602 24.44  54.464730  65.632947 16.263  264.27  264.00  263.78
 194    20.209 56580.07365524 37.97  54.451612  65.632824 21.184  261.32  260.06  259.28
 194    19.696 56580.07365583 43.02  54.457835  65.633364   -100  261.32  260.06  259.28
 194    19.759 56580.07365642 42.76  54.464058  65.633903   -100  261.32  260.06  259.28
 195    18.330 56589.98929150 23.23  54.450172  65.632150   -100 -100.00 -100.00 -100.00
 195    18.430 56589.98929209 30.11  54.456394  65.632690 20.566 -100.00 -100.00 -100.00
 195    19.253 56589.98929268 37.29  54.462616  65.633229 25.600 -100.00 -100.00 -100.00
 196    46.019 56599.90493720 18.32  54.446579  65.630914 14.128  261.48  260.15  258.96
 196    23.494 56599.90493779 22.80  54.452801  65.631454 22.250  261.48  260.15  258.96
 196    23.283 56599.90493838 24.80  54.459023  65.631994 17.208  261.48  260.15  258.96
 196    22.794 56599.90493897 26.77  54.465245  65.632533 16.512  261.48  260.15  258.96
 197    22.595 56609.82058752 31.15  54.445005  65.630425 20.463 -100.00 -100.00 -100.00
 197    22.597 56609.82058811 35.13  54.451226  65.630965 19.844  259.35  257.69  255.00
 197    22.896 56609.82058870 38.81  54.457448  65.631504 22.142  259.35  257.69  255.00
 197    22.957 56609.82058929 42.01  54.463670  65.632044 23.395  259.35  257.69  255.00
 198    22.160 56619.73623349 28.15  54.447390  65.631307 20.709 -100.00 -100.00 -100.00
 198    22.276 56619.73623408 32.19  54.453612  65.631846 13.719 -100.00 -100.00 -100.00
 198    21.534 56619.73623467 37.83  54.459834  65.632386 29.455 -100.00 -100.00 -100.00
 198    21.212 56619.73623526 40.99  54.466057  65.632925   -100 -100.00 -100.00 -100.00
 199    22.209 56629.65187638 22.92  54.450658  65.632159 10.948 -100.00 -100.00 -100.00
 199    20.768 56629.65187697 34.18  54.456880  65.632699   -100 -100.00 -100.00 -100.00
 199    21.134 56629.65187756 32.71  54.463103  65.633238 30.120 -100.00 -100.00 -100.00
 200    22.019 56639.56751533 18.91  54.447596  65.631136 16.452  252.72  249.42  243.44
 200    20.717 56639.56751592 21.73  54.453819  65.631676 15.447  252.72  249.42  243.44
 200    20.562 56639.56751651 25.28  54.460041  65.632215 21.240  252.72  249.42  243.44
 201    23.287 56649.48316042 15.94  54.444938  65.628920 20.742 -100.00 -100.00 -100.00
 201    22.170 56649.48316101 17.82  54.451159  65.629460 17.687  256.10  253.41  247.30
 201    21.894 56649.48316160 19.41  54.457382  65.630000 16.003  256.10  253.41  247.30
 201    20.358 56649.48316220 20.10  54.463604  65.630539 13.006  256.10  253.41  247.30
 202    21.262 56659.39881122 14.25  54.442049  65.627008 17.682  234.53  224.15  204.19
 202    20.485 56659.39881181 14.30  54.448271  65.627548 14.518  234.53  224.15  204.19
 202    20.239 56659.39881241 15.11  54.454492  65.628087 16.066  234.53  224.15  204.19
 202    22.862 56659.39881300 13.99  54.460714  65.628627  9.812  234.53  224.15  204.19
 203    46.324 56669.31445875 11.76  54.444615  65.627194 13.468 -100.00 -100.00 -100.00
 203    22.132 56669.31445934 13.76  54.450836  65.627734 17.003 -100.00 -100.00 -100.00
 203    22.402 56669.31445993 12.66  54.457058  65.628274 11.774 -100.00 -100.00 -100.00
 203    23.235 56669.31446052 12.67  54.463281  65.628813  7.826 -100.00 -100.00 -100.00
 204    22.890 56679.23010405 13.42  54.447675  65.629242 13.581 -100.00 -100.00 -100.00
 204    22.012 56679.23010464 13.28  54.453897  65.629782 12.422 -100.00 -100.00 -100.00
 204    23.000 56679.23010523 14.32  54.460119  65.630321 10.696 -100.00 -100.00 -100.00
 205    23.111 56689.14574761 13.11  54.449208  65.630980 10.586 -100.00 -100.00 -100.00
 205    23.191 56689.14574820 13.23  54.455430  65.631520 11.521 -100.00 -100.00 -100.00
 205    22.912 56689.14574879 13.75  54.461653  65.632059  8.298 -100.00 -100.00 -100.00
 206    23.311 56699.06138830 13.83  54.449914  65.630952  5.114  245.88  237.06  217.97
 206    23.011 56699.06138889 14.28  54.456136  65.631491  4.928  245.88  237.06  217.97
 206    23.026 56699.06138948 14.58  54.462358  65.632031  5.165  245.88  237.06  217.97
 207    46.329 56708.97702413 13.22  54.449009  65.629244  9.084  241.94  231.23  209.56
 207    44.303 56708.97702472 15.03  54.455231  65.629784  9.764  241.94  231.23  209.56
 207    43.616 56708.97702531 15.13  54.461452  65.630323  8.103  241.94  231.23  209.56
 208    48.178 56718.89266308  8.13  54.445513  65.627759  6.480 -100.00 -100.00 -100.00
 208    46.317 56718.89266367  8.70  54.451733  65.628299  6.461 -100.00 -100.00 -100.00
 208    22.530 56718.89266426 15.19  54.457954  65.628838 18.861 -100.00 -100.00 -100.00
 208    22.592 56718.89266485 16.70  54.464176  65.629377 15.966 -100.00 -100.00 -100.00
 210    45.299 56738.72396465 11.90  54.450752  65.631308  9.611 -100.00 -100.00 -100.00
 210    44.434 56738.72396524 10.81  54.456974  65.631847  6.613 -100.00 -100.00 -100.00
 210    43.362 56738.72396583 11.39  54.463196  65.632386  7.322 -100.00 -100.00 -100.00
 211    46.452 56748.63960924 10.30  54.448598  65.633226  6.808 -100.00 -100.00 -100.00
 211    45.026 56748.63960983 10.42  54.454820  65.633766  6.603 -100.00 -100.00 -100.00
 211    44.415 56748.63961043 11.54  54.461043  65.634305  7.704 -100.00 -100.00 -100.00
 212    45.894 56758.55524986 10.22  54.454074  65.633985  5.378  236.55  224.92  209.93
 212    44.624 56758.55525045 10.38  54.460297  65.634524  5.016  236.55  224.92  209.93
 213    45.430 56768.47088332 22.59  54.449518  65.632189 15.097 -100.00 -100.00 -100.00
 213    44.124 56768.47088392 25.49  54.455740  65.632729 21.212 -100.00 -100.00 -100.00
 213    43.323 56768.47088451 23.70  54.461963  65.633268 16.314 -100.00 -100.00 -100.00
 214    20.477 56778.38653010 25.81  54.445344  65.630491 30.257 -100.00 -100.00 -100.00
 214    23.112 56778.38653069 25.30  54.451566  65.631031 23.655 -100.00 -100.00 -100.00
 214    22.612 56778.38653128 27.57  54.457788  65.631571 28.050 -100.00 -100.00 -100.00
 214    19.964 56778.38653187 29.88  54.464011  65.632110   -100 -100.00 -100.00 -100.00
 215    21.959 56788.30218630 36.04  54.448750  65.630783   -100 -100.00 -100.00 -100.00
 215    22.066 56788.30218689 38.00  54.454972  65.631323   -100 -100.00 -100.00 -100.00
 215    34.185 56788.30218748 35.69  54.461195  65.631862 26.532 -100.00 -100.00 -100.00
 216    28.178 56798.21783900 39.97  54.451809  65.632013 25.349  253.62  255.94  251.69
 216    28.239 56798.21783959 43.05  54.458032  65.632552 30.395  253.62  255.94  251.69
 216    27.888 56798.21784019 44.97  54.464254  65.633091   -100  253.62  255.94  251.69
 217    27.708 56808.13348545 38.06  54.449340  65.632722 17.332  252.03  252.03  251.30
 217    27.723 56808.13348604 36.96  54.455562  65.633262 16.462  252.03  252.03  251.30
 217    27.696 56808.13348663 36.94  54.461785  65.633800 14.578  252.03  252.03  251.30
 218    34.567 56818.04912623 24.54  54.449363  65.632016  9.920 -100.00 -100.00 -100.00
 218    34.481 56818.04912682 25.84  54.455585  65.632555 11.936 -100.00 -100.00 -100.00
 218    34.420 56818.04912741 24.95  54.461807  65.633094  7.961 -100.00 -100.00 -100.00
 219    47.199 56827.96476285 25.99  54.444100  65.629453  9.564 -100.00 -100.00 -100.00
 219    46.002 56827.96476344 26.25  54.450321  65.629992  9.543 -100.00 -100.00 -100.00
 219    44.784 56827.96476403 28.42  54.456542  65.630532 13.571 -100.00 -100.00 -100.00
 219    34.450 56827.96476462 28.97  54.462764  65.631071 14.400 -100.00 -100.00 -100.00
 220    67.037 56837.88039693 22.75  54.445939  65.627255  3.676 -100.00 -100.00 -100.00
 220    67.985 56837.88039752 24.12  54.452160  65.627795 14.767 -100.00 -100.00 -100.00
 220    68.321 56837.88039811 24.00  54.458380  65.628334 12.352 -100.00 -100.00 -100.00
 220    66.887 56837.88039870 32.15  54.464601  65.628873   -100 -100.00 -100.00 -100.00
 221    47.689 56847.79602784 23.11  54.443198  65.626501   -100 -100.00 -100.00 -100.00
 221    21.612 56847.79602843 32.63  54.449418  65.627041   -100 -100.00 -100.00 -100.00
 221    45.335 56847.79602902 25.27  54.455638  65.627581 19.980 -100.00 -100.00 -100.00
 221    25.547 56847.79602961 31.00  54.461859  65.628120 28.000 -100.00 -100.00 -100.00
 222    46.098 56857.71168124 21.07  54.449097  65.628850 16.659  271.11  270.88  269.99
 222    26.041 56857.71168183 22.25  54.455318  65.629390 16.743  271.11  270.88  269.99
 222    34.032 56857.71168243 22.70  54.461539  65.629929 12.005  271.11  270.88  269.99
 223    45.419 56867.62733495 18.83  54.450589  65.631188 13.152  275.19  274.95  271.36
 223    43.825 56867.62733554 20.68  54.456811  65.631727 13.530  275.19  274.95  271.36
 223    34.464 56867.62733613 23.01  54.463033  65.632266 12.992  275.19  274.95  271.36
 224    56.431 56877.54298654 18.59  54.448688  65.631543 17.309 -100.00 -100.00 -100.00
 224    19.070 56877.54298713 31.64  54.454910  65.632082   -100 -100.00 -100.00 -100.00
 224    70.694 56877.54298772 15.84  54.461132  65.632622 20.779 -100.00 -100.00 -100.00
 225    46.067 56887.45863496 18.20  54.447516  65.630471 10.726  272.31  272.14  270.76
 225    44.602 56887.45863555 21.89  54.453738  65.631011 18.311  272.31  272.14  270.76
 225    34.195 56887.45863614 25.07  54.459960  65.631550 22.031  272.31  272.14  270.76
 226    47.314 56897.37428066 16.74  54.446480  65.629031 13.627 -100.00 -100.00 -100.00
 226    46.709 56897.37428125 15.98  54.452702  65.629570 13.148 -100.00 -100.00 -100.00
 226    44.260 56897.37428184 18.83  54.458924  65.630110 22.501 -100.00 -100.00 -100.00
 226    73.497 56897.37428243 17.38  54.465146  65.630649 16.118 -100.00 -100.00 -100.00
 227    46.707 56907.28992387 21.79  54.447274  65.629448 16.313 -100.00 -100.00 -100.00
 227    45.402 56907.28992446 21.03  54.453495  65.629988  9.882 -100.00 -100.00 -100.00
 227    43.939 56907.28992506 25.46  54.459717  65.630527 23.747 -100.00 -100.00 -100.00
 227    34.203 56907.28992565 27.42  54.465940  65.631066 23.613 -100.00 -100.00 -100.00
 228    46.997 56917.20556513 20.23  54.449187  65.631648 13.676 -100.00 -100.00 -100.00
 228    34.159 56917.20556572 26.24  54.455410  65.632188   -100 -100.00 -100.00 -100.00
 228    34.842 56917.20556631 25.59  54.461632  65.632727   -100 -100.00 -100.00 -100.00
 229    46.050 56927.12120427 22.91  54.449465  65.633756 24.232 -100.00 -100.00 -100.00
 229    35.409 56927.12120486 27.04  54.455688  65.634295 29.958 -100.00 -100.00 -100.00
 229    41.691 56927.12120545 24.09  54.461911  65.634834 24.523 -100.00 -100.00 -100.00
 230    19.899 56937.03683977 28.55  54.451357  65.634288   -100  262.03  262.07  261.76
 230    19.889 56937.03684036 29.42  54.457579  65.634828 19.938  262.03  262.07  261.76
 230    20.573 56937.03684095 41.18  54.463802  65.635367 24.521  262.03  262.07  261.76
 231    42.721 56946.95246988 25.37  54.449241  65.632300 21.147 -100.00 -100.00 -100.00
 231    58.344 56946.95247047 20.83  54.455463  65.632839 18.753 -100.00 -100.00 -100.00
 231    20.177 56946.95247106 37.29  54.461685  65.633379 28.991 -100.00 -100.00 -100.00
 232    70.218 56956.86812392  2.18  54.449072  65.630515  5.700  252.65  249.11  245.18
 232    18.454 56956.86812451 28.56  54.455294  65.631054   -100  252.65  249.11  245.18
 232    71.055 56956.86812510  4.23  54.461515  65.631594  7.154  252.65  249.11  245.18
 233    46.847 56966.78377218 15.76  54.445376  65.629491 11.021  263.29  261.75  260.31
 233    45.784 56966.78377277 13.60  54.451597  65.630031   -100  263.29  261.75  260.31
 233    19.332 56966.78377336 23.50  54.457818  65.630570 26.365  263.29  261.75  260.31
 233    43.401 56966.78377395 17.52  54.464040  65.631109 20.746  263.29  261.75  260.31
 234    45.865 56976.69941675 18.98  54.445780  65.630446 15.592  254.40  250.94  246.11
 234    20.259 56976.69941734 24.31  54.452001  65.630986 18.269  254.40  250.94  246.11
 234    22.479 56976.69941793 25.32  54.458223  65.631525 11.689  254.40  250.94  246.11
 234    19.630 56976.69941852 32.21  54.464445  65.632064 23.324  254.40  250.94  246.11
 235    19.454 56986.61505684 29.93  54.446197  65.631614 24.175 -100.00 -100.00 -100.00
 235    19.691 56986.61505743 29.56  54.452419  65.632154 20.110  254.69  251.60  244.67
 235    19.890 56986.61505802 29.11  54.458642  65.632693 18.514  254.69  251.60  244.67
 235    19.815 56986.61505861 29.27  54.464864  65.633232 17.712  254.69  251.60  244.67
 236    19.536 56996.53069097 26.15  54.445454  65.630984 13.586  244.51  239.92  232.26
 236    19.502 56996.53069156 30.07  54.451676  65.631524 22.710  244.51  239.92  232.26
 236    19.665 56996.53069215 27.20  54.457898  65.632063 15.765  244.51  239.92  232.26
 236    19.525 56996.53069274 26.53  54.464121  65.632603 15.080  244.51  239.92  232.26
 237    22.589 57006.44633594 21.55  54.449250  65.629316 24.089 -100.00 -100.00 -100.00
 237    22.378 57006.44633654 23.04  54.455471  65.629856 17.316 -100.00 -100.00 -100.00
 237    19.462 57006.44633713 25.47  54.461694  65.630395 16.030 -100.00 -100.00 -100.00
 238    48.091 57016.36198972 15.57  54.444268  65.627051  7.796 -100.00 -100.00 -100.00
 238    46.670 57016.36199031 16.14  54.450489  65.627591  8.243 -100.00 -100.00 -100.00
 238    22.618 57016.36199090 22.23  54.456711  65.628130 21.535 -100.00 -100.00 -100.00
 238    23.132 57016.36199149 24.12  54.462933  65.628669 17.094 -100.00 -100.00 -100.00
 239    48.497 57026.27764010 13.51  54.443407  65.626881  5.987  248.57  244.12  236.09
 239    48.098 57026.27764069 14.04  54.449629  65.627421  7.392  248.57  244.12  236.09
 239    45.411 57026.27764128 16.73  54.455850  65.627960 10.747  248.57  244.12  236.09
 239    20.235 57026.27764187 22.08  54.462072  65.628499 19.132  248.57  244.12  236.09
 240    22.172 57036.19328919 18.28  54.449057  65.629394 19.883  250.44  245.64  234.54
 240    22.097 57036.19328978 19.96  54.455279  65.629933 16.629  250.44  245.64  234.54
 240    18.759 57036.19329037 21.55  54.461501  65.630473 16.675  250.44  245.64  234.54
 241    18.888 57046.10893522 19.82  54.449946  65.631408 16.650 -100.00 -100.00 -100.00
 241    22.653 57046.10893581 20.68  54.456168  65.631947 12.305 -100.00 -100.00 -100.00
 241    18.823 57046.10893640 20.61  54.462391  65.632486  9.436 -100.00 -100.00 -100.00
 242    23.559 57056.02457768 18.54  54.449758  65.631808 13.785 -100.00 -100.00 -100.00
 242    21.755 57056.02457827 19.11  54.455980  65.632348 10.909 -100.00 -100.00 -100.00
 242    21.689 57056.02457886 18.99  54.462202  65.632887  8.774 -100.00 -100.00 -100.00
 243    22.324 57065.94021472 19.50  54.447917  65.630167 18.284 -100.00 -100.00 -100.00
 243    22.806 57065.94021531 19.94  54.454138  65.630707 15.060 -100.00 -100.00 -100.00
 243    22.963 57065.94021590 18.92  54.460360  65.631246 10.577 -100.00 -100.00 -100.00
 244    22.317 57075.85584745 17.55  54.447962  65.628984 16.667 -100.00 -100.00 -100.00
 244    22.530 57075.85584804 19.18  54.454183  65.629524 16.908 -100.00 -100.00 -100.00
 244    22.979 57075.85584863 19.02  54.460404  65.630063 13.024 -100.00 -100.00 -100.00
 245    47.287 57085.77147707 14.82  54.446773  65.628876  7.708  244.63  236.89  222.23
 245    22.687 57085.77147766 20.08  54.452994  65.629416 17.450  244.63  236.89  222.23
 245    23.114 57085.77147825 21.25  54.459215  65.629955 18.797  244.63  236.89  222.23
 245    23.148 57085.77147884 21.20  54.465436  65.630495 15.091  244.63  236.89  222.23
 246    45.559 57095.68713417 19.90  54.448970  65.631453 15.094  247.70  241.15  226.79
 246    44.962 57095.68713476 18.43  54.455192  65.631993 10.631  247.70  241.15  226.79
 246    44.038 57095.68713535 18.53  54.461414  65.632532  9.639  247.70  241.15  226.79
 247    45.554 57105.60279074 15.23  54.450511  65.633741 10.009  233.63  222.63  203.98
 247    44.276 57105.60279133 15.85  54.456733  65.634281 10.516  233.63  222.63  203.98
 247    43.676 57105.60279192 14.89  54.462956  65.634820  8.082  233.63  222.63  203.98
 248    46.598 57115.51844274  9.97  54.452378  65.634443  4.800  263.57  263.75  263.69
 248    45.664 57115.51844333 10.04  54.458601  65.634983  4.513  263.57  263.75  263.69
 248    44.892 57115.51844392  9.80  54.464824  65.635522  4.413  263.57  263.75  263.69
 249    18.459 57125.43408778 13.64  54.447803  65.632654 13.398 -100.00 -100.00 -100.00
 249    18.489 57125.43408837 16.12  54.454026  65.633194 20.779 -100.00 -100.00 -100.00
 249    18.621 57125.43408896 15.15  54.460249  65.633733 14.922 -100.00 -100.00 -100.00
 250    46.857 57135.34972784  9.16  54.446853  65.630763  6.194  248.93  239.11  226.10
 250    46.609 57135.34972843  8.15  54.453075  65.631302  5.073  248.93  239.11  226.10
 250    43.498 57135.34972902 14.95  54.459297  65.631842 15.133  248.93  239.11  226.10
 250    23.455 57135.34972961 15.37  54.465520  65.632381 14.721  248.93  239.11  226.10
 251    25.841 57145.26536371 19.71  54.446743  65.629658 17.803  268.20  268.08  267.17
 251    25.796 57145.26536430 21.21  54.452965  65.630198 12.722  268.20  268.08  267.17
 251    18.633 57145.26536489 25.45  54.459187  65.630738 20.063  268.20  268.08  267.17
 251    18.637 57145.26536548 26.75  54.465409  65.631277 21.333  268.20  268.08  267.17
 252    22.427 57155.18099726 39.71  54.447754  65.629936   -100  253.69  254.60  254.36
 252    43.690 57155.18099785 36.50  54.453975  65.630475 24.440  253.69  254.60  254.36
 252    43.482 57155.18099844 34.89  54.460197  65.631015 17.732  253.69  254.60  254.36
 253    29.608 57165.09663664 41.75  54.445971  65.630417 26.764 -100.00 -100.00 -100.00
 253    29.623 57165.09663723 44.27  54.452193  65.630957 29.493 -100.00 -100.00 -100.00
 253    29.366 57165.09663782 42.95  54.458415  65.631497 30.573 -100.00 -100.00 -100.00
 253    29.586 57165.09663841 41.70  54.464636  65.632036 23.623 -100.00 -100.00 -100.00
 254    45.740 57175.01229352 30.95  54.448322  65.631012 10.775 -100.00 -100.00 -100.00
 254    34.671 57175.01229411 32.20  54.454544  65.631552 11.238 -100.00 -100.00 -100.00
 254    34.294 57175.01229470 33.11  54.460765  65.632091 13.470 -100.00 -100.00 -100.00
 255    46.419 57184.92794630 29.69  54.446194  65.629697 17.108 -100.00 -100.00 -100.00
 255    45.419 57184.92794689 30.60  54.452415  65.630237 15.128 -100.00 -100.00 -100.00
 255    34.082 57184.92794748 33.29  54.458636  65.630776 21.971 -100.00 -100.00 -100.00
 255    27.050 57184.92794807 32.93  54.464857  65.631316 22.290 -100.00 -100.00 -100.00
 256    47.382 57194.84359499 23.41  54.443451  65.627896 11.429  268.12  270.01  267.86
 256    46.424 57194.84359558 22.89  54.449671  65.628436  9.268  268.12  270.01  267.86
 256    44.982 57194.84359617 25.35  54.455892  65.628975 14.991  268.12  270.01  267.86
 256    33.999 57194.84359676 26.18  54.462112  65.629514 13.314  268.12  270.01  267.86
 257    47.301 57204.75923031 22.13  54.443588  65.627526 13.023 -100.00 -100.00 -100.00
 257    46.306 57204.75923090 23.02  54.449808  65.628065 18.021 -100.00 -100.00 -100.00
 257    45.302 57204.75923149 22.15  54.456029  65.628605 13.970 -100.00 -100.00 -100.00
 257    43.897 57204.75923208 23.82  54.462250  65.629144 11.506 -100.00 -100.00 -100.00
 258    24.705 57214.67487600 24.82  54.445900  65.629065  8.715 -100.00 -100.00 -100.00
 258    25.329 57214.67487659 25.37  54.452121  65.629605  9.394 -100.00 -100.00 -100.00
 258    33.418 57214.67487718 24.58  54.458342  65.630144  8.644 -100.00 -100.00 -100.00
 258    34.543 57214.67487777 24.88  54.464564  65.630683  9.288 -100.00 -100.00 -100.00
 259    47.014 57224.59052006 16.07  54.446621  65.630814 14.057 -100.00 -100.00 -100.00
 259    46.369 57224.59052065 14.14  54.452843  65.631353 10.577 -100.00 -100.00 -100.00
 259    34.424 57224.59052124 22.62  54.459065  65.631893   -100 -100.00 -100.00 -100.00
 259    43.281 57224.59052183 17.31  54.465287  65.632432 18.606 -100.00 -100.00 -100.00
 260    21.842 57234.50616212 23.99  54.446587  65.631461  7.217  275.85  276.01  274.26
 260    34.794 57234.50616272 22.95  54.452809  65.632001  6.398  275.85  276.01  274.26
 260    34.526 57234.50616331 25.05  54.459031  65.632541  8.944  275.85  276.01  274.26
 260    34.422 57234.50616390 25.94  54.465253  65.633080 10.291  275.85  276.01  274.26
 261    22.218 57244.42180091 43.64  54.446900  65.630753   -100  276.08  275.22  273.79
 261    22.211 57244.42180150 45.51  54.453122  65.631293 29.608  276.08  275.22  273.79
 261    22.242 57244.42180209 46.56  54.459344  65.631833   -100  276.08  275.22  273.79
 261    22.203 57244.42180268 46.22  54.465566  65.632372   -100  276.08  275.22  273.79
 262    46.379 57254.33743721 20.89  54.448045  65.629800 12.095 -100.00 -100.00 -100.00
 262    45.186 57254.33743780 22.51  54.454266  65.630340 11.906 -100.00 -100.00 -100.00
 262    44.117 57254.33743839 22.43  54.460488  65.630880 11.562 -100.00 -100.00 -100.00
 263    46.413 57264.25307190 20.15  54.446289  65.629816 15.912  265.74  264.86  264.37
 263    45.503 57264.25307249 19.91  54.452511  65.630356 13.631  265.74  264.86  264.37
 263    44.225 57264.25307308 22.25  54.458733  65.630895 14.740  265.74  264.86  264.37
 263    34.297 57264.25307367 26.00  54.464955  65.631435 23.516  265.74  264.86  264.37
 264    24.918 57274.16871173 23.76  54.447256  65.631325  6.755 -100.00 -100.00 -100.00
 264    22.360 57274.16871232 24.87  54.453477  65.631865  9.148 -100.00 -100.00 -100.00
 264    34.607 57274.16871291 25.68  54.459700  65.632405  8.767 -100.00 -100.00 -100.00
 264    33.886 57274.16871350 26.47  54.465922  65.632944  8.629 -100.00 -100.00 -100.00
 265    20.116 57284.08436942 27.65  54.450988  65.633331 18.444  264.28  264.19  264.26
 265    20.314 57284.08437001 34.62  54.457210  65.633871 16.430  264.28  264.19  264.26
 265    21.225 57284.08437060 44.42  54.463433  65.634410 24.574  264.28  264.19  264.26
 266    34.513 57294.00002426 27.49  54.454696  65.633821 28.401  259.46  259.56  259.77
 266    34.583 57294.00002485 27.71  54.460918  65.634360 24.470  259.46  259.56  259.77
 267    44.575 57303.91567470 21.35  54.450381  65.632316 12.608  258.18  256.59  256.01
 267    23.233 57303.91567529 25.46  54.456603  65.632856 20.693  258.18  256.59  256.01
 267    23.270 57303.91567588 26.31  54.462825  65.633395 20.128  258.18  256.59  256.01
 268    62.186 57313.83132148 15.78  54.448072  65.630719 15.075  260.37  258.70  255.71
 268    49.197 57313.83132207 25.10  54.454293  65.631258   -100  260.37  258.70  255.71
 268    68.933 57313.83132266 24.07  54.460515  65.631797   -100  260.37  258.70  255.71
 269    46.717 57323.74696513 16.74  54.446202  65.630063 16.000  253.81  249.47  241.97
 269    60.297 57323.74696572 26.02  54.452424  65.630602   -100  253.81  249.47  241.97
 269    71.873 57323.74696631 13.60  54.458645  65.631141  7.196  253.81  249.47  241.97
 269    43.407 57323.74696690 14.37  54.464867  65.631680 10.944  253.81  249.47  241.97
 270    46.167 57333.66260728 18.54  54.448441  65.630520 10.840  249.76  245.49  237.28
 270    44.926 57333.66260787 20.05  54.454663  65.631060 16.910  249.76  245.49  237.28
 270    22.820 57333.66260846 25.11  54.460885  65.631599 21.639  249.76  245.49  237.28
 271    19.753 57343.57824727 29.24  54.448334  65.630887 26.175  252.14  248.12  239.50
 271    19.658 57343.57824786 31.90  54.454556  65.631426   -100  252.14  248.12  239.50
 271    19.616 57343.57824845 32.52  54.460779  65.631966   -100  252.14  248.12  239.50
 272    22.616 57353.49390063 22.19  54.450141  65.630857 31.515 -100.00 -100.00 -100.00
 272    22.915 57353.49390123 23.37  54.456364  65.631396 19.396 -100.00 -100.00 -100.00
 272    23.020 57353.49390182 25.29  54.462586  65.631935 18.749 -100.00 -100.00 -100.00
 273    47.012 57363.40954407 15.64  54.444072  65.629323 12.183 -100.00 -100.00 -100.00
 273    45.314 57363.40954466 17.25  54.450294  65.629862 16.015 -100.00 -100.00 -100.00
 273    22.396 57363.40954525 21.94  54.456516  65.630402 26.864 -100.00 -100.00 -100.00
 273    23.006 57363.40954584 22.07  54.462739  65.630941 15.120 -100.00 -100.00 -100.00
 274    47.589 57373.32518475 10.30  54.444520  65.628168  5.227 -100.00 -100.00 -100.00
 274    45.774 57373.32518534 14.96  54.450742  65.628708 12.961 -100.00 -100.00 -100.00
 274    22.689 57373.32518593 18.98  54.456964  65.629247 18.480 -100.00 -100.00 -100.00
 274    22.733 57373.32518652 19.94  54.463187  65.629786 16.693 -100.00 -100.00 -100.00
 275    47.060 57383.24082366  9.76  54.445089  65.628196  6.206  249.77  244.55  233.37
 275    19.299 57383.24082425 16.60  54.451311  65.628736 17.070  249.77  244.55  233.37
 275    22.657 57383.24082484 16.31  54.457533  65.629275 14.271  249.77  244.55  233.37
 275    23.101 57383.24082543 15.88  54.463755  65.629814 11.358  249.77  244.55  233.37
 276    46.304 57393.15646201 11.53  54.444017  65.628869  9.592 -100.00 -100.00 -100.00
 276    22.574 57393.15646260 16.31  54.450239  65.629409 18.269 -100.00 -100.00 -100.00
 276    22.647 57393.15646319 17.52  54.456461  65.629948 14.760 -100.00 -100.00 -100.00
 276    19.647 57393.15646378 17.96  54.462683  65.630487 13.761 -100.00 -100.00 -100.00
 277    46.014 57403.07210010 13.29  54.449917  65.630288 10.286 -100.00 -100.00 -100.00
 277    23.034 57403.07210069 16.94  54.456138  65.630828 14.462 -100.00 -100.00 -100.00
 277    23.114 57403.07210128 18.53  54.462361  65.631367 14.003 -100.00 -100.00 -100.00
 278    47.133 57412.98774417 13.23  54.445618  65.630298  7.427 -100.00 -100.00 -100.00
 278    19.647 57412.98774476 19.51  54.451840  65.630838 21.410 -100.00 -100.00 -100.00
 278    22.901 57412.98774535 20.26  54.458061  65.631377 14.702 -100.00 -100.00 -100.00
 278    23.150 57412.98774594 21.96  54.464283  65.631917 17.770 -100.00 -100.00 -100.00
 279    22.469 57422.90339628 20.67  54.450767  65.630827 16.189  255.77  250.23  236.68
 279    22.607 57422.90339687 21.92  54.456989  65.631367 16.320  255.77  250.23  236.68
 279    22.212 57422.90339746 22.85  54.463211  65.631906 18.140  255.77  250.23  236.68
 280    45.929 57432.81904491 15.77  54.448330  65.630927 11.224 -100.00 -100.00 -100.00
 280    44.530 57432.81904550 16.45  54.454551  65.631466 11.898 -100.00 -100.00 -100.00
 280    23.500 57432.81904609 20.88  54.460773  65.632006 18.089 -100.00 -100.00 -100.00
 281    46.934 57442.73469196 12.34  54.448036  65.631810  6.482 -100.00 -100.00 -100.00
 281    19.049 57442.73469255 20.05  54.454258  65.632350 18.764 -100.00 -100.00 -100.00
 281    23.664 57442.73469314 19.71  54.460481  65.632889 15.377 -100.00 -100.00 -100.00
 282    22.028 57452.65033868 18.97  54.451378  65.633114 16.722 -100.00 -100.00 -100.00
 282    22.690 57452.65033927 19.78  54.457601  65.633653 16.085 -100.00 -100.00 -100.00
 282    18.509 57452.65033986 21.96  54.463824  65.634192 19.498 -100.00 -100.00 -100.00
 283    45.372 57462.56598353 15.10  54.452677  65.633633  8.389  247.81  242.16  227.01
 283    45.125 57462.56598412 15.96  54.458900  65.634173  9.143  247.81  242.16  227.01
 283    42.612 57462.56598471 16.67  54.465123  65.634712 10.540  247.81  242.16  227.01
 284    45.950 57472.48162449 15.40  54.451035  65.632604  7.780 -100.00 -100.00 -100.00
 284    45.049 57472.48162508 16.44  54.457258  65.633144  9.112 -100.00 -100.00 -100.00
 284    43.545 57472.48162567 16.61  54.463481  65.633683  8.447 -100.00 -100.00 -100.00
 285    25.344 57482.39726169  9.49  54.450590  65.631210  8.837  267.23  265.68  263.75
 285    19.696 57482.39726228 10.05  54.456813  65.631750  8.520  267.23  265.68  263.75
 285    19.621 57482.39726287 10.60  54.463035  65.632289  8.808  267.23  265.68  263.75
 286    46.949 57492.31289536 16.10  54.444985  65.629581 16.322 -100.00 -100.00 -100.00
 286    45.642 57492.31289595 18.12  54.451206  65.630121 24.157 -100.00 -100.00 -100.00
 286    44.460 57492.31289654 19.32  54.457428  65.630661 31.590 -100.00 -100.00 -100.00
 286    43.579 57492.31289713 16.04  54.463651  65.631200 18.665 -100.00 -100.00 -100.00
 287    47.004 57502.22852766 20.04  54.446314  65.629469 11.516 -100.00 -100.00 -100.00
 287    45.740 57502.22852825 19.99  54.452536  65.630009  9.601 -100.00 -100.00 -100.00
 287    19.052 57502.22852884 26.71  54.458758  65.630549 30.140 -100.00 -100.00 -100.00
 287    33.797 57502.22852943 26.97  54.464980  65.631088 25.657 -100.00 -100.00 -100.00
 288    26.382 57512.14417816 41.21  54.449754  65.630158 24.368 -100.00 -100.00 -100.00
 288    26.764 57512.14417875 44.65  54.455976  65.630698 19.011 -100.00 -100.00 -100.00
 288    26.018 57512.14417934 47.80  54.462197  65.631238   -100 -100.00 -100.00 -100.00
 289    24.073 57522.05983335 38.34  54.449980  65.630310 17.596  249.26  246.32  243.73
 289    23.633 57522.05983394 44.51  54.456202  65.630849 24.653  249.26  246.32  243.73
 289    23.438 57522.05983453 49.71  54.462424  65.631389   -100  249.26  246.32  243.73
 290    25.309 57531.97548603 39.43  54.449289  65.629675 17.802 -100.00 -100.00 -100.00
 290    25.011 57531.97548662 45.53  54.455510  65.630215 25.229 -100.00 -100.00 -100.00
 290    24.608 57531.97548721 50.98  54.461732  65.630754   -100 -100.00 -100.00 -100.00
 291    24.340 57541.89113525 35.77  54.446887  65.628740 22.481  259.20  258.91  258.77
 291    25.086 57541.89113584 42.57  54.453108  65.629279 25.445  259.20  258.91  258.77
 291    24.417 57541.89113643 47.18  54.459329  65.629819  1.978  259.20  258.91  258.77
 291    24.465 57541.89113702 45.56  54.465550  65.630358   -100  259.20  258.91  258.77
 292    21.000 57551.80678207 38.60  54.448890  65.628728 17.903 -100.00 -100.00 -100.00
 292    21.953 57551.80678266 44.75  54.455111  65.629268 19.052 -100.00 -100.00 -100.00
 292    21.668 57551.80678325 51.57  54.461332  65.629807   -100 -100.00 -100.00 -100.00
 293    41.020 57561.72242719 37.77  54.447682  65.629279 18.516 -100.00 -100.00 -100.00
 293    24.251 57561.72242778 42.66  54.453903  65.629819 19.043 -100.00 -100.00 -100.00
 293    24.333 57561.72242837 50.97  54.460124  65.630358   -100 -100.00 -100.00 -100.00
 294    20.760 57571.63807187 25.82  54.446062  65.630133   -100  278.50  278.78  276.46
 294    20.591 57571.63807246 26.91  54.452283  65.630673 14.969  278.50  278.78  276.46
 294    21.701 57571.63807305 38.48  54.458505  65.631212 16.250  278.50  278.78  276.46
 294    21.203 57571.63807364 43.46  54.464727  65.631751 31.841  278.50  278.78  276.46
 295    34.105 57581.55371692 20.53  54.449438  65.630912 23.264 -100.00 -100.00 -100.00
 295    34.448 57581.55371751 20.65  54.455660  65.631452 15.245 -100.00 -100.00 -100.00
 295    34.126 57581.55371810 23.60  54.461882  65.631991 17.469 -100.00 -100.00 -100.00
 296    46.522 57591.46935975 10.45  54.448502  65.630754 10.862 -100.00 -100.00 -100.00
 296    45.187 57591.46936034 13.61  54.454724  65.631294 18.868 -100.00 -100.00 -100.00
 296    34.956 57591.46936093 18.20  54.460946  65.631833   -100 -100.00 -100.00 -100.00
 297    45.740 57601.38499974 16.43  54.446165  65.630428 13.229 -100.00 -100.00 -100.00
 297    44.601 57601.38500033 18.44  54.452387  65.630968 14.321 -100.00 -100.00 -100.00
 297    34.320 57601.38500092 21.43  54.458609  65.631507 14.989 -100.00 -100.00 -100.00
 297    23.147 57601.38500151 22.78  54.464831  65.632046 15.147 -100.00 -100.00 -100.00
