# NaN NaN NaN ;Mean Elev.(m), Avg Gradient(m/km), RMS Gradient(m/km) - SRTM1     
#  -12.985     NaN     NaN ;Mean Elev.(m), Avg Gradient(m/km), RMS Gradient(m/km) - ASTER GDEM
#   24.043  -1.995   4.593 ;Mean Elev.(m), Avg Gradient(m/km), RMS Gradient(m/km) - GMTED2010 
   1  52.536793  66.034111     9.923     9.047  5 54665.41933060 32.542
   2  52.535853  66.035179     8.503     8.497  4 54675.33497515 33.437
   3  52.535064  66.036839     7.138     7.380  4 54685.25061831 31.990
   4  52.524503  66.038310    79.232    79.184  3 54695.16625907 18.096
   5  52.534712  66.037173     8.951     8.963  4 54705.08189926 30.366
   6  52.535381  66.034632     9.962     9.759  4 54714.99755111 50.269
   7  52.540945  66.031985    11.558    11.627  6 54724.91320192 25.585
   8  52.543865  66.031163     9.052     9.053  5 54734.82885038 33.257
   9  52.539258  66.032736     9.033     9.049  4 54744.74449697 37.521
  10  52.534801  66.034385    11.031    11.036  4 54754.66014316 37.681
  11  52.537432  66.034062     9.038     8.979  5 54764.57578901 32.337
  12  52.538857  66.031967    77.177    77.742  5 54774.49143202  7.359
  13  52.545790  66.029901     9.739     9.751  6 54784.40707297 38.257
  14  52.545610  66.030176     9.040     8.962  5 54794.32271139 41.148
  15  52.541139  66.032622     9.355     9.350  5 54804.23834853 30.525
  16  52.533032  66.034968     9.968    10.032  4 54814.15398493 29.990
  17  52.534407  66.035318    10.187    10.147  4 54824.06962981 21.860
  18  52.536648  66.034180    10.226    10.146  5 54833.98527001 20.746
  19  52.537299  66.033837    10.571    10.546  5 54843.90092003 18.712
  20  52.534515  66.034915    10.644    10.695  4 54853.81656873 19.173
  21  52.530374  66.036822    11.011    11.140  4 54863.73221705 18.921
  22  52.531758  66.037454    11.550    11.324  4 54873.64786571 17.074
  23  52.534090  66.036271    10.983    10.901  4 54883.56351210 18.399
  24  52.537939  66.033507    10.998    11.177  5 54893.47915528 18.844
  25  52.540903  66.031158    11.285    11.017  5 54903.39479567 18.031
  26  52.541468  66.031005    10.198    10.161  5 54913.31043456 18.935
  27  52.542180  66.032514    17.059    17.022  5 54923.22607268 14.746
  28  52.538133  66.034203    17.732    17.906  4 54933.14170958 14.281
  29  52.537431  66.034142    14.030    13.838  4 54943.05734496 12.922
  30  52.541787  66.032338    13.395    13.041  5 54952.97297890 15.116
  31  52.544073  66.030400     8.231     8.148  5 54962.88862287 30.826
  32  52.545609  66.030435    13.928    13.949  5 54972.80427155 50.699
  34  52.533179  66.034766    15.894    15.904  4 54992.63556529 46.385
  35  52.535051  66.035326    15.290    15.293  4 55002.55121195 36.075
  37  52.536550  66.034235     9.324     9.410  5 55022.38249997 35.027
  39  52.532770  66.036240     8.408     8.409  4 55042.21378365 41.403
  40  52.534626  66.036919     7.634     7.631  4 55052.12942397 35.532
  41  52.534931  66.035891     7.298     7.294  4 55062.04506199 39.057
  42  52.537427  66.033436     7.541     7.354  5 55071.96070560 41.621
  43  52.545416  66.030971     7.626     7.668  5 55081.87635497 40.044
  44  52.545703  66.030651     8.214     8.144  5 55091.79200194 37.567
  45  52.538617  66.032186     9.068     9.071  5 55101.70764772 42.518
  46  52.537330  66.033695     9.399     9.266  4 55111.62329365 41.776
  47  52.536625  66.033650    10.272    10.212  4 55121.53893753 29.294
  48  52.541932  66.031895     9.015     9.008  5 55131.45457915 47.159
  49  52.544997  66.030138     7.808     7.727  6 55141.37021858 37.588
  50  52.546053  66.030289     8.833     8.875  6 55151.28585711 34.797
  51  52.540339  66.032399     9.538     9.491  5 55161.20149510 28.511
  52  52.535225  66.034657    10.343    10.446  4 55171.11713275 25.543
  53  52.533234  66.035697    10.782    10.887  4 55181.03276922 21.043
  54  52.536372  66.035094    10.633    10.613  4 55190.94841834 19.007
  55  52.533339  66.034997    11.011    11.008  4 55200.86406833 18.397
  56  52.535353  66.035283    11.494    11.459  4 55210.77971809 18.141
  57  52.534982  66.035954    11.258    11.242  4 55220.69536716 18.618
  58  52.535961  66.035515    10.972    11.123  4 55230.61101532 18.874
  59  52.536232  66.034287    11.051    11.027  5 55240.52666022 18.868
  60  52.540989  66.032328    10.379    10.244  5 55250.44230197 18.582
  61  52.543216  66.031105    10.917    10.848  5 55260.35794120 17.492
  62  52.542951  66.031303     9.890     9.890  6 55270.27357937 19.782
  63  52.541063  66.032332    11.098    10.860  5 55280.18921731 15.634
  64  52.538269  66.033159     9.529    10.321  4 55290.10485393 16.266
  65  52.539755  66.033055    11.120    11.145  5 55300.02048860 16.480
  66  52.539639  66.031952    10.242     9.361  5 55309.93613392 35.766
  67  52.544915  66.030876    12.237    12.283  5 55319.85178017 44.596
  68  52.542438  66.031248    14.592    14.584  5 55329.76742462 50.764
  70  52.536095  66.034359    13.735    13.713  5 55349.59871254 28.318
  71  52.532677  66.035246    62.387    57.103  4 55359.51435433 12.589
  72  52.531985  66.035357    12.132    12.197  4 55369.42999424 28.079
  73  52.531957  66.035466    10.627    10.141  4 55379.34563273 31.555
  74  52.532001  66.035928    11.190    11.169  4 55389.26127051 26.849
  75  52.535956  66.036035     8.375     8.403  4 55399.17690765 39.481
  76  52.531805  66.035394     7.995     7.981  4 55409.09255355 36.261
  77  52.538569  66.033326     7.945     7.834  5 55419.00820488 40.395
  78  52.541137  66.031605     7.842     7.736  5 55428.92385242 38.088
  79  52.543171  66.031219     9.069     8.954  5 55438.83949726 31.161
  80  52.542759  66.032020    10.602    10.410  5 55448.75514043 26.039
  81  52.539412  66.032830     9.170     9.121  4 55458.67078302 48.627
  82  52.537649  66.032864    58.937    55.688  5 55468.58642501 17.191
  83  52.536048  66.032130    52.008    52.816  3 55478.50206379 14.764
  84  52.543897  66.031183    10.570    10.611  5 55488.41770045 26.659
  85  52.529062  66.031848    84.590    84.590  2 55498.33333275  9.131
  86  52.541960  66.032470     9.598     9.606  5 55508.24897250 46.736
  87  52.536357  66.033741     9.912     9.894  4 55518.16462222 42.301
  88  52.535466  66.034585    10.811    10.801  5 55528.08027147 31.296
  89  52.537638  66.034706    10.319    10.328  4 55537.99591910 28.062
  90  52.533782  66.034964    10.572    10.597  4 55547.91156390 23.482
  91  52.534404  66.035375    10.597    10.651  4 55557.82720732 22.587
  92  52.536911  66.035956    10.429    10.446  4 55567.74285003 21.943
  93  52.535389  66.035862    10.461    10.647  4 55577.65849161 20.900
  94  52.536951  66.034323    10.449    10.556  4 55587.57413136 21.051
  95  52.540723  66.032141    10.331    10.236  6 55597.48976825 20.100
  96  52.543006  66.031022    10.188    10.095  5 55607.40540220 19.640
  97  52.541576  66.031577    10.221    10.283  5 55617.32103378 19.178
  98  52.538372  66.033222    10.357    10.311  5 55627.23667816 18.357
  99  52.537706  66.033765    10.313    10.289  5 55637.15232967 18.168
 100  52.539507  66.032962    10.336    10.312  4 55647.06797941 17.239
 101  52.541030  66.031334     9.419     9.686  5 55656.98362629 41.863
 102  52.544908  66.030469    13.620    13.724  5 55666.89926906 23.664
 103  52.544219  66.031296    11.202    11.155  5 55676.81490852 31.176
 104  52.540082  66.033282    13.704    13.645  5 55686.73054577 51.567
 105  52.537635  66.034861    14.425    14.383  4 55696.64618199 52.472
 106  52.536775  66.035294    12.619    12.652  4 55706.56181710 40.676
 107  52.535939  66.034769    13.536    13.567  4 55716.47746707 31.021
 109  52.534450  66.035353    10.199     9.680  5 55736.30876253 38.595
 110  52.532547  66.036308     9.503     8.595  4 55746.22440800 31.885
 111  52.531414  66.036106     9.562     8.732  4 55756.14005167 30.284
 112  52.538362  66.034008     8.489     8.270  4 55766.05569363 31.409
 113  52.544640  66.031392     9.207     8.780  5 55775.97133264 28.535
 114  52.544656  66.030199     8.403     8.391  6 55785.88696815 37.664
 115  52.542531  66.031469     8.881     8.903  6 55795.80260145 31.736
 116  52.537070  66.033624     8.892     8.759  5 55805.71824082 31.024
 117  52.536329  66.034518     7.564     7.703  4 55815.63388991 39.563
 119  52.541608  66.031344     8.276     8.254  5 55835.46517884 34.280
 120  52.546178  66.030272     8.568     8.458  5 55845.38081772 33.874
 121  52.544019  66.031719     9.991     9.979  5 55855.29645319 27.369
 122  52.536538  66.034281    10.004     9.868  5 55865.21209294 38.798
 123  52.536951  66.035765     7.973     7.975  4 55875.12774597 36.244
 124  52.531623  66.035901     8.956     8.937  4 55885.04339280 37.100
 125  52.535391  66.035044    10.393    10.467  4 55894.95903453 25.368
 126  52.537077  66.034491    10.398    10.477  4 55904.87467074 23.648
 127  52.536980  66.035094    10.404    10.553  4 55914.79031179 22.476
 128  52.533452  66.035987    10.762    10.714  4 55924.70596527 20.282
 129  52.534116  66.035938     9.067     9.081  4 55934.62161599 25.782
 130  52.537031  66.033932     9.014     8.989  4 55944.53726228 24.253
 131  52.544576  66.031054     9.753     9.691  5 55954.45290467 19.976
 132  52.546675  66.029711     9.879     9.814  6 55964.36854372 19.206
 133  52.543375  66.031016    10.174    10.146  6 55974.28418070 18.692
 134  52.537292  66.033665    10.425    10.348  4 55984.19981632 18.925
 135  52.533833  66.035102    10.513    10.502  4 55994.11544993 19.610
 136  52.536504  66.033799    10.277    10.427  5 56004.03110120 18.624
 137  52.543167  66.031184    10.071    10.070  6 56013.94675066 18.998
 138  52.545659  66.030094    12.462    12.390  6 56023.86239650 16.318
 139  52.538999  66.031840     9.618     9.153  5 56033.77803910 22.156
 140  52.533934  66.034705     9.522     9.501  4 56043.69367971 33.183
 141  52.533064  66.036559    13.279    13.289  4 56053.60931805 35.705
 143  52.533929  66.035278    14.328    14.371  4 56073.44059539 36.911
 144  52.533942  66.034494    12.685    12.665  4 56083.35624537 49.876
 145  52.536830  66.034658    13.110    13.125  4 56093.27189318 24.523
 146  52.535342  66.035557    10.315    10.352  4 56103.18753839 50.742
 147  52.534155  66.035333     9.581     9.592  4 56113.10316919 39.294
 148  52.537573  66.033831     8.797     8.776  4 56123.01880830 41.973
 149  52.538023  66.031798    52.085    51.898  3 56132.93444324  9.504
 150  52.545073  66.030572     9.487     9.521  5 56142.85008162 30.157
 151  52.542370  66.031368     9.926     9.560  6 56152.76573202 29.769
 152  52.537591  66.033304     8.451     8.266  5 56162.68138068 39.109
 153  52.538168  66.034355     8.628     8.642  4 56172.59702786 43.725
 154  52.538288  66.033759     9.760     8.950  5 56182.51267019 29.854
 155  52.536719  66.032253    61.676    61.659  3 56192.42830864 13.349
 156  52.544162  66.031106     9.664     9.754  5 56202.34394520 42.293
 157  52.542254  66.032425     9.421     9.393  5 56212.25957901 33.050
 158  52.536660  66.035133     8.632     8.662  4 56222.17521054 37.676
 159  52.533777  66.036905     8.772     8.813  4 56232.09086504 43.002
 160  52.535946  66.036739     7.597     7.661  4 56242.00651776 38.274
 161  52.535287  66.035633     8.953     8.917  4 56251.92216595 37.168
 162  52.537911  66.034536     9.048     9.074  4 56261.83780977 26.590
 163  52.537629  66.034518     9.028     9.058  4 56271.75345118 25.276
 164  52.535705  66.034951     8.858     8.975  4 56281.66909218 25.112
 165  52.535671  66.034750     9.018     9.113  4 56291.58474432 24.293
 166  52.539424  66.033258    10.263    10.421  4 56301.50039235 22.956
 167  52.543175  66.031444     9.878     9.786  5 56311.41603620 21.774
 168  52.544630  66.030760    10.749    10.738  6 56321.33167762 22.136
 169  52.542056  66.031814    10.417    10.447  5 56331.24731805 22.114
 170  52.536457  66.033480     9.664     9.494  5 56341.16295769 22.421
 171  52.535197  66.034337    10.183    10.291  4 56351.07859547 19.246
 172  52.536966  66.033641    10.053    10.079  5 56360.99423449 18.647
 173  52.542430  66.032216    10.477    10.416  5 56370.90988467 17.744
 174  52.543734  66.031949    10.773    10.971  5 56380.82553179 17.476
 175  52.539252  66.033492    11.009    11.122  5 56390.74117615 16.880
 176  52.534492  66.035410     8.485     8.902  4 56400.65681880 37.732
 177  52.533626  66.036486     8.717     8.772  4 56410.57245914 37.378
 178  52.531775  66.036490    13.411    13.486  4 56420.48809458 37.134
 179  52.534845  66.035768    13.159    13.127  4 56430.40373206 29.382
 180  52.533368  66.035266    12.023    11.962  4 56440.31938505 50.341
 181  52.537000  66.034869    12.274    12.236  4 56450.23503605 27.193
 182  52.533554  66.034679    56.582    56.171  4 56460.15068416 17.351
 183  52.539355  66.033463    11.180    11.035  4 56470.06632981 25.908
 184  52.541495  66.032443     8.910     8.998  5 56479.98197135 45.364
 185  52.539901  66.031922     8.847     8.790  5 56489.89760856 36.780
 186  52.538808  66.032279     9.597     9.815  5 56499.81324329 31.494
 187  52.539691  66.033020     7.786     7.628  4 56509.72887685 38.091
 188  52.537636  66.033753     8.076     8.014  5 56519.64451857 35.642
 189  52.538644  66.033672    11.060    10.743  5 56529.56017231 24.984
 190  52.536771  66.033359     8.012     7.986  5 56539.47582175 36.273
 191  52.539586  66.032855     7.867     7.974  4 56549.39146738 40.678
 192  52.538694  66.033384    10.353    10.042  4 56559.30711027 27.401
 194  52.535477  66.036107     7.755     7.687  4 56579.13839271 36.228
 195  52.533112  66.036693     8.228     8.272  5 56589.05402940 34.748
 196  52.536670  66.036025     8.798     8.834  4 56598.96967401 35.946
 197  52.532993  66.035279    12.087    12.089  4 56608.88532461 41.180
 198  52.534576  66.035183    13.677    13.676  4 56618.80097077 39.638
 199  52.532904  66.035447    11.962    11.943  4 56628.71661337 28.005
 200  52.533710  66.035054    11.043    10.944  4 56638.63225320 22.216
 201  52.537496  66.033504    10.988    10.953  4 56648.54789753 19.593
 202  52.539349  66.031817    10.746    10.784  5 56658.46354925 16.566
 203  52.542893  66.031196    11.140    11.263  6 56668.37919700 15.958
 204  52.542505  66.032376    11.093    11.032  5 56678.29484189 15.978
 205  52.536425  66.034019    11.018    10.909  5 56688.21048489 16.161
 206  52.536308  66.034352    11.182    11.140  4 56698.12612613 16.807
 207  52.537598  66.033541    11.461    11.469  5 56708.04176290 16.940
 208  52.537193  66.032728    10.673    10.566  5 56717.95740024 18.222
 209  52.539699  66.032770    10.105    10.146  4 56727.87305318 35.091
 210  52.535950  66.034402    11.229    11.231  4 56737.78870153 13.351
 211  52.535746  66.036206    14.768    14.797  4 56747.70434658 12.149
 212  52.532159  66.036991    14.305    14.305  4 56757.61998685 12.683
 213  52.533836  66.036394     8.784     8.771  4 56767.53562170 40.715
 214  52.536129  66.035143    11.078    11.099  4 56777.45126656 42.181
 215  52.537171  66.034616    12.204    12.213  4 56787.36692283 34.997
 216  52.534757  66.035019    17.741    17.742  4 56797.28257521 44.070
 217  52.536940  66.035372    16.486    16.413  4 56807.19822280 33.450
 219  52.540531  66.032992    13.556    13.552  5 56827.02950218 29.624
 220  52.541207  66.031418    13.837    13.903  5 56836.94513669 38.524
 222  52.541334  66.032863    10.764    10.695  5 56856.77641840 33.818
 223  52.538018  66.034532     8.943     8.934  4 56866.69207145 36.958
 224  52.536051  66.034710     8.812     8.654  4 56876.60772330 37.876
 225  52.537157  66.033722    10.611    10.596  4 56886.52337235 27.059
 226  52.542358  66.032308     9.975    10.023  5 56896.43901901 30.963
 227  52.540311  66.032694    11.131    10.821  5 56906.35466207 27.492
 228  52.537103  66.034646    11.440    11.489  4 56916.27030282 24.639
 229  52.530720  66.037005     9.999     9.480  4 56926.18594139 32.747
 231  52.532792  66.036826     8.692     8.683  4 56946.01720798 44.992
 232  52.534702  66.034784     8.234     8.268  4 56955.93286067 36.673
 233  52.538855  66.033641     8.785     8.767  4 56965.84851019 45.522
 234  52.537221  66.034474    10.096     9.975  4 56975.76415478 29.320
 235  52.536202  66.035730    10.209    10.204  4 56985.67979491 27.991
 236  52.537345  66.035528    10.219    10.182  4 56995.59542979 26.530
 237  52.538545  66.033506    10.392    10.338  5 57005.51107220 25.870
 238  52.543130  66.031051     9.849     9.836  6 57015.42672766 26.702
 239  52.543203  66.030728    10.491    10.918  5 57025.34237839 25.120
 240  52.537862  66.032930    10.176    10.184  5 57035.25802641 23.972
 241  52.535774  66.035041    10.443    10.546  4 57045.17367219 22.545
 242  52.532846  66.035598    11.159    11.184  4 57055.08931485 20.992
 243  52.535299  66.034116    10.335    10.524  4 57065.00495310 21.263
 244  52.541112  66.032888    10.219     9.752  5 57074.92058693 21.138
 245  52.537092  66.033646    12.092    13.098  5 57084.83621656 18.305
 246  52.535074  66.035755    13.590    13.526  4 57094.75187020 17.776
 247  52.531961  66.037665    16.197    16.404  4 57104.66752642 14.746
 248  52.531777  66.037975    14.902    15.500  5 57114.58317866 16.452
 249  52.533934  66.036348    11.225    11.160  4 57124.49882495 16.860
 250  52.536897  66.034402     9.827    10.370  4 57134.41446603 16.202
 251  52.538541  66.033588    10.051     9.790  5 57144.33010255 25.057
 252  52.534566  66.034565    11.684    11.701  4 57154.24573593 37.101
 254  52.533579  66.035474    17.778    17.770  4 57174.07702962 51.937
 255  52.538410  66.033627    16.183    16.190  5 57183.99268356 34.837
 256  52.541205  66.031556    12.146    12.169  5 57193.90833338 49.464
 257  52.544031  66.030942    11.662    11.518  5 57203.82398086 32.118
 258  52.539504  66.032609    10.390    10.219  5 57213.73961435 39.179
 259  52.537736  66.034745    10.336    10.348  4 57223.65525796 34.006
 260  52.536482  66.035659    10.108    10.120  4 57233.57089990 30.539
 261  52.535456  66.034988    10.065    10.071  4 57243.48653889 34.002
 262  52.537212  66.033757    10.011    10.084  4 57253.40217562 42.484
 263  52.536343  66.034053    10.182    10.117  5 57263.31781059 29.188
 264  52.535642  66.035899     8.926     9.005  4 57273.23344791 36.972
 265  52.531483  66.037737     9.127     9.125  4 57283.14910489 34.978
 266  52.529910  66.037933     9.116     9.112  4 57293.06475947 33.080
 267  52.531436  66.036306     9.287     9.267  4 57302.98041093 38.817
 268  52.537425  66.034039     8.494     8.479  5 57312.89605897 34.414
 269  52.539508  66.033014     7.838     7.816  5 57322.81170337 37.190
 270  52.538494  66.033573     8.123     8.144  4 57332.72734539 34.336
 271  52.537259  66.034731     8.140     8.209  4 57342.64298539 31.910
 272  52.536094  66.034564     8.734     8.843  5 57352.55863757 25.621
 273  52.537121  66.033320    10.307    10.266  5 57362.47428193 20.566
 274  52.544277  66.031489    10.404    10.300  5 57372.38992359 17.545
 275  52.543567  66.031451    10.846    10.416  5 57382.30556265 16.670
 276  52.536797  66.033078    10.860    11.031  5 57392.22120061 17.271
 277  52.533026  66.034990    10.926    10.938  4 57402.13683789 17.664
 278  52.535720  66.035583    11.411    11.481  4 57412.05248090 17.204
 279  52.536852  66.034976    12.247    12.309  4 57421.96813287 17.053
 280  52.538120  66.034408    12.805    13.058  4 57431.88378215 17.824
 281  52.536777  66.034846    12.850    13.230  4 57441.79942928 17.207
 282  52.531109  66.036257    12.259    12.404  4 57451.71507521 16.377
 283  52.532267  66.037101    16.148    16.103  4 57461.63072019 15.020
 284  52.533598  66.036876    16.138    16.794  4 57471.54636175 16.475
 285  52.536124  66.035679     6.915     7.014  4 57481.46199948 13.936
 286  52.536467  66.034403    10.679    10.538  4 57491.37763399 18.531
 287  52.536096  66.034084     8.655     8.462  4 57501.29326638 33.997
 288  52.537800  66.034171    15.681    15.728  4 57511.20891459 54.139
 289  52.538091  66.034272    13.868    13.798  4 57521.12457011 30.647
 291  52.540467  66.032972    59.326    59.114  5 57540.95587301 13.901
 292  52.530986  66.032558    76.473    76.473  2 57550.87151898  9.464
 293  52.540487  66.032234    10.969    11.054  5 57560.78716524 45.277
 294  52.538437  66.033290    10.312    10.209  4 57570.70280995 43.746
 295  52.536667  66.034404    11.021    10.844  5 57580.61845450 27.240
 296  52.534642  66.035015    10.316    10.705  4 57590.53409732 28.506
 297  52.534329  66.034984     9.462    10.272  4 57600.44973756 35.105
