-115566.434    94.146     0.00    3.76
-115279.580    93.852    -1.02    2.58
-114992.722    93.812    -0.14    2.18
-114705.860    93.597    -0.75    2.13
-114418.992    93.317    -0.98    2.42
-114132.120    93.095    -0.77    2.66
-113845.244    93.283     0.65    2.60
-113558.362    93.266    -0.06    2.86
-113271.477    93.297     0.11    3.29
-112984.586    93.285    -0.04    3.73
-112697.691    92.946    -1.18    4.15
-112410.791    92.279    -2.32    4.18
-112123.887    91.207    -3.74    3.52
-111836.978    90.821    -1.34    3.09
-111550.064    90.721    -0.35    2.68
-111263.273    90.559    -0.57    2.26
-110977.267    90.841     0.99    2.24
-110691.257    91.028     0.65    2.46
-110405.243    91.200     0.60    2.78
-110119.226    91.094    -0.37    3.27
-109833.204    91.022    -0.25    4.03
-109547.179    90.614    -1.43    4.27
-109261.150    89.959    -2.29    4.34
-108975.117    89.626    -1.17    4.16
-108689.080    89.632     0.02    4.24
-108403.039    89.806     0.61    4.28
-108116.994    90.250     1.55    4.04
-107830.946    90.561     1.09    3.94
-107544.894    90.753     0.67    3.79
-107258.837    90.979     0.79    3.72
-106972.777    91.336     1.25    3.78
-106686.713    91.844     1.78    3.75
-106400.646    92.129     0.99    3.51
-106114.574    92.806     2.37    3.44
-105828.499    93.754     3.31    3.35
-105542.419    95.293     5.38    3.70
-105256.336    96.558     4.42    4.22
-104970.249    97.804     4.36    4.77
-104684.158    99.597     6.27    4.93
-104398.063   101.397     6.29    5.10
-104111.965   103.543     7.50    4.96
-103825.862   105.615     7.24    4.58
-103539.756   107.904     8.00    5.10
-103253.645   109.897     6.96    5.49
-102967.531   112.176     7.97    5.21
-102681.413   114.333     7.54    4.43
-102395.291   115.745     4.93    3.88
-102109.166   116.775     3.60    3.26
-101823.036   117.166     1.37    2.98
-101536.903   117.363     0.69    3.01
-101250.765   117.706     1.20    3.16
-100964.624   118.643     3.27    4.10
-100678.479   119.443     2.80    4.48
-100392.330   120.536     3.82    4.33
-100106.178   122.306     6.18    4.15
 -99820.021   124.848     8.89    5.89
 -99533.861   128.590    13.08   10.35
 -99247.696   133.627    17.60   13.60
 -98961.528   138.858    18.28   14.47
 -98675.356   142.894    14.10   12.91
 -98389.180   145.930    10.61    9.83
 -98103.000   146.359     1.50    8.62
 -97816.816   143.690    -9.33   11.44
 -97530.629   138.385   -18.54   13.79
 -97244.438   131.284   -24.81   13.92
 -96958.242   124.900   -22.31   12.44
 -96672.043   118.943   -20.81   10.89
 -96385.840   113.056   -20.57    9.41
 -96099.633   107.771   -18.46    7.83
 -95813.422   104.090   -12.86    7.07
 -95527.208   100.879   -11.22    7.30
 -95240.989    98.261    -9.15    7.41
 -94954.767    95.627    -9.20    6.72
 -94668.541    94.063    -5.46    5.82
 -94382.311    94.854     2.76    7.84
 -94096.077    98.427    12.48   11.85
 -93809.839   104.306    20.54   15.47
 -93523.597   111.343    24.58   17.08
 -93237.352   118.600    25.35   15.81
 -92951.102   125.157    22.91   12.34
 -92664.849   129.875    16.48    7.56
 -92378.592   132.755    10.06    6.90
 -92092.331   134.902     7.50    8.15
 -91806.066   136.369     5.12    9.26
 -91519.797   137.430     3.71    9.63
 -91233.524   137.268    -0.57    9.67
 -90947.248   137.021    -0.86    9.31
 -90660.967   136.867    -0.54    8.14
 -90374.683   135.729    -3.97    7.25
 -90088.395   133.535    -7.67    6.70
 -89802.103   130.643   -10.10    6.98
 -89515.807   127.429   -11.23    8.09
 -89229.507   123.921   -12.25    9.76
 -88943.204   121.413    -8.76   10.58
 -88656.896   120.278    -3.96   10.82
 -88370.585   120.378     0.35   11.55
 -88084.269   122.490     7.38   12.52
 -87797.950   126.183    12.90   12.65
 -87511.627   129.859    12.84   11.54
 -87225.300   132.887    10.58   10.47
 -86938.970   134.867     6.91   11.46
 -86652.635   136.000     3.96   13.41
 -86366.297   136.049     0.17   14.62
 -86079.954   135.851    -0.69   14.80
 -85793.608   134.964    -3.10   14.71
 -85507.258   134.900    -0.22   13.77
 -85220.904   136.245     4.70   12.57
 -84934.546   138.924     9.35   12.33
 -84648.184   143.042    14.38   11.90
 -84361.819   146.580    12.36    9.83
 -84075.449   149.049     8.62    6.96
 -83789.076   150.156     3.86    5.07
 -83502.698   151.930     6.19    5.17
 -83216.317   154.462     8.84    6.51
 -82929.932   156.750     7.99    7.53
 -82643.543   157.632     3.08    7.56
 -82357.151   157.177    -1.59    7.18
 -82070.754   156.000    -4.11    8.03
 -81784.353   153.564    -8.50    9.60
 -81497.949   148.587   -17.38   11.85
 -81211.541   143.347   -18.30   11.72
 -80925.129   140.790    -8.93   10.43
 -80638.712   141.559     2.69   11.74
 -80352.293   144.761    11.18   13.30
 -80065.869   147.348     9.03   13.91
 -79779.441   148.725     4.81   14.45
 -79493.010   146.608    -7.39   18.81
 -79206.574   138.361   -28.79   24.77
 -78920.135   127.208   -38.94   27.31
 -78633.692   114.894   -42.99   26.97
 -78347.245   101.429   -47.01   22.00
 -78060.794    89.582   -41.36   16.51
 -77774.339    80.930   -30.20   15.45
 -77487.880    72.736   -28.60   16.76
 -77201.417    64.378   -29.18   17.13
 -76914.951    56.528   -27.40   15.69
 -76628.481    49.866   -23.26   12.58
 -76342.006    45.514   -15.19    9.64
 -76055.528    43.727    -6.24    9.86
 -75769.046    45.299     5.48   13.54
 -75482.560    50.945    19.71   19.39
 -75196.070    59.292    29.13   22.61
 -74909.577    69.000    33.89   22.43
 -74623.079    77.729    30.47   19.69
 -74336.578    84.759    24.54   14.61
 -74050.073    89.448    16.36    8.61
 -73763.563    90.517     3.73    7.45
 -73477.050    89.221    -4.53    8.28
 -73190.533    86.627    -9.05    9.10
 -72904.012    82.838   -13.22   10.03
 -72617.488    78.291   -15.87    9.51
 -72330.959    74.493   -13.25    8.63
 -72044.427    71.486   -10.49    7.79
 -71757.890    68.759    -9.52    6.70
 -71471.350    66.333    -8.46    6.55
 -71184.806    63.936    -8.37    7.54
 -70898.258    61.493    -8.53    8.53
 -70611.706    60.149    -4.69    8.82
 -70325.150    59.594    -1.94   11.59
 -70038.590    58.166    -4.99   14.08
 -69752.027    57.651    -1.80   15.43
 -69465.459    57.620    -0.11   16.33
 -69178.888    58.415     2.78   16.42
 -68892.313    58.773     1.25   15.83
 -68605.733    56.950    -6.36   14.30
 -68319.150    54.778    -7.58   10.55
 -68032.563    53.102    -5.85    8.31
 -67745.973    52.917    -0.65    6.97
 -67459.378    52.929     0.04    7.54
 -67172.779    52.929     0.00    8.41
 -66886.177    53.393     1.62    9.27
 -66599.571    53.545     0.53    9.61
 -66312.960    52.578    -3.37   10.02
 -66026.346    51.088    -5.20   10.83
 -65739.728    50.092    -3.48   11.02
 -65453.106    51.827     6.06   11.71
 -65166.480    54.234     8.40   12.77
 -64879.851    57.667    11.98   14.01
 -64593.217    61.938    14.90   14.16
 -64306.580    66.500    15.91   13.44
 -64019.938    70.153    12.74   11.34
 -63733.293    72.786     9.19    7.11
 -63446.644    74.085     4.53    6.28
 -63159.991    75.777     5.90    6.55
 -62873.334    77.727     6.80    7.76
 -62586.673    80.544     9.83    8.71
 -62300.008    83.667    10.89    9.22
 -62013.340    86.608    10.26    9.05
 -61726.667    90.000    11.83    8.03
 -61439.991    91.479     5.16    7.25
 -61153.311    91.241    -0.83    7.78
 -60866.626    89.007    -7.79    8.15
 -60579.938    86.397    -9.10    7.84
 -60293.246    84.110    -7.98    7.44
 -60006.551    81.899    -7.71    7.34
 -59719.851    81.393    -1.77    7.88
 -59433.147    80.691    -2.45    8.09
 -59146.440    79.527    -4.06    8.23
 -58859.728    77.891    -5.71    8.01
 -58573.013    75.497    -8.35    7.67
 -58286.294    72.556   -10.26    7.20
 -57999.570    70.367    -7.63    5.95
 -57712.843    69.761    -2.11    5.34
 -57426.113    70.801     3.63    6.63
 -57139.378    73.359     8.92    9.03
 -56852.639    77.303    13.76   11.00
 -56565.896    82.786    19.12   12.07
 -56279.150    88.929    21.42   11.44
 -55992.400    94.164    18.26   10.67
 -55705.645    99.273    17.82    8.69
 -55418.887   102.331    10.66    7.09
 -55132.125   103.361     3.59    6.37
 -54845.359   102.905    -1.59    6.64
 -54558.589   101.166    -6.06    7.57
 -54271.815    98.734    -8.48    8.42
 -53985.038    95.193   -12.35    8.91
 -53698.256    91.433   -13.11    8.41
 -53411.471    87.890   -12.35    7.55
 -53124.681    84.247   -12.70    6.78
 -52837.888    81.075   -11.06    6.37
 -52551.091    78.157   -10.18    6.48
 -52264.290    76.319    -6.41    6.08
 -51977.485    75.036    -4.47    5.46
 -51690.676    73.860    -4.10    4.42
 -51403.863    72.735    -3.92    3.88
 -51117.046    71.456    -4.46    4.28
 -50830.226    69.669    -6.23    5.12
 -50543.401    68.086    -5.52    5.85
 -50256.573    65.695    -8.34    6.04
 -49969.741    63.810    -6.57    5.19
 -49682.905    62.614    -4.17    4.21
 -49396.223    62.238    -1.31    3.90
 -49110.138    63.434     4.18    4.57
 -48824.051    65.401     6.88    4.88
 -48537.960    67.589     7.65    4.71
 -48251.866    69.479     6.61    4.17
 -47965.769    70.979     5.24    3.78
 -47679.669    72.622     5.75    3.16
 -47393.566    73.352     2.55    2.69
 -47107.459    73.462     0.39    2.77
 -46821.350    73.444    -0.06    2.56
 -46535.237    73.289    -0.54    2.47
 -46249.121    73.296     0.02    2.38
 -45963.002    73.379     0.29    2.72
 -45676.880    73.296    -0.29    3.29
 -45390.754    73.403     0.37    3.77
 -45104.626    73.266    -0.48    4.36
 -44818.494    72.615    -2.27    5.11
 -44532.359    71.611    -3.51    5.56
 -44246.221    70.951    -2.31    5.73
 -43960.080    70.752    -0.70    5.69
 -43673.936    71.176     1.48    5.96
 -43387.789    72.831     5.78    6.16
 -43101.638    75.653     9.86    6.06
 -42815.485    78.438     9.73    6.57
 -42529.328    81.192     9.63    6.37
 -42243.168    83.425     7.80    5.83
 -41957.005    85.099     5.85    5.16
 -41670.838    86.465     4.77    4.70
 -41384.669    87.838     4.80    4.31
 -41098.496    88.648     2.83    4.11
 -40812.321    89.382     2.57    4.36
 -40526.142    90.000     2.16    4.78
 -40239.960    90.579     2.02    4.98
 -39953.775    91.297     2.51    5.01
 -39667.586    91.608     1.09    4.83
 -39381.395    91.262    -1.21    5.16
 -39095.200    90.355    -3.17    5.88
 -38809.002    89.199    -4.04    6.00
 -38522.801    88.500    -2.44    6.07
 -38236.597    88.182    -1.11    6.07
 -37950.390    88.662     1.68    5.99
 -37664.180    89.607     3.30    5.90
 -37377.966    90.972     4.77    5.30
 -37091.749    92.838     6.52    4.65
 -36805.530    94.893     7.18    4.87
 -36519.307    97.220     8.13    5.80
 -36233.080    99.832     9.13    6.93
 -35946.851   102.297     8.61    7.51
 -35660.619   105.571    11.44    7.93
 -35374.383   109.056    12.17    8.03
 -35088.144   112.748    12.90    8.29
 -34801.902   116.220    12.13    8.29
 -34515.657   119.057     9.91    7.51
 -34229.409   121.129     7.24    6.29
 -33943.158   122.979     6.46    5.95
 -33656.903   124.671     5.91    6.53
 -33370.646   125.918     4.35    6.94
 -33084.385   127.336     4.95    6.93
 -32798.121   129.266     6.74    6.56
 -32511.854   130.942     5.86    5.95
 -32225.583   133.000     7.19    4.88
 -31939.310   134.770     6.18    3.84
 -31653.033   136.048     4.47    2.98
 -31366.753   136.789     2.59    3.58
 -31080.471   137.014     0.78    5.29
 -30794.184   136.924    -0.31    7.43
 -30507.895   136.308    -2.15    8.97
 -30221.603   136.057    -0.88    9.59
 -29935.307   135.657    -1.40    9.47
 -29649.009   134.293    -4.77    8.96
 -29362.707   131.384   -10.16    9.24
 -29076.402   127.102   -14.95   10.92
 -28790.094   121.795   -18.54   13.34
 -28503.782   115.479   -22.06   14.68
 -28217.468   108.819   -23.26   13.76
 -27931.150   103.000   -20.33   11.66
 -27644.829    98.184   -16.82    8.97
 -27358.506    94.486   -12.92    6.24
 -27072.178    91.301   -11.12    5.29
 -26785.848    88.837    -8.61    6.05
 -26499.515    86.438    -8.38    7.46
 -26213.178    83.382   -10.67    8.29
 -25926.838    80.106   -11.44    8.09
 -25640.496    76.613   -12.20    7.21
 -25354.150    73.079   -12.34    5.94
 -25067.800    69.773   -11.54    5.69
 -24781.448    66.294   -12.15    6.47
 -24495.092    62.662   -12.68    7.60
 -24208.734    58.938   -13.00    7.60
 -23922.372    54.897   -14.11    7.32
 -23636.007    51.148   -13.09    7.06
 -23349.639    48.007   -10.97    6.54
 -23063.268    45.709    -8.02    5.71
 -22776.893    44.199    -5.28    4.79
 -22490.515    42.958    -4.33    4.34
 -22204.135    42.273    -2.39    3.94
 -21917.751    41.641    -2.20    3.83
 -21631.364    40.610    -3.60    3.93
 -21344.973    39.923    -2.40    4.09
 -21058.580    39.574    -1.22    4.18
 -20772.183    38.699    -3.06    4.26
 -20485.784    37.669    -3.60    4.96
 -20199.381    36.208    -5.10    5.71
 -19912.975    34.783    -4.98    6.27
 -19626.565    33.262    -5.31    6.31
 -19340.153    31.800    -5.10    5.31
 -19053.738    31.000    -2.79    3.86
 -18767.319    31.155     0.54    3.61
 -18480.897    31.532     1.32    3.55
 -18194.472    32.092     1.96    2.97
 -17908.044    31.748    -1.20    2.93
 -17621.612    31.676    -0.25    3.10
 -17335.178    31.179    -1.73    3.13
 -17048.740    30.479    -2.44    3.37
 -16762.299    29.331    -4.01    3.46
 -16475.855    28.204    -3.93    3.58
 -16189.408    27.057    -4.01    3.30
 -15902.958    25.907    -4.01    2.71
 -15616.504    25.063    -2.95    1.77
 -15330.048    24.694    -1.29    1.16
 -15043.588    24.658    -0.13    1.03
 -14757.125    25.062     1.41    1.39
 -14470.659    25.681     2.16    1.99
 -14184.190    26.115     1.52    2.01
 -13897.717    26.550     1.52    2.03
 -13611.242    26.878     1.14    2.08
 -13324.763    27.116     0.83    2.33
 -13038.281    27.551     1.52    2.60
 -12751.796    27.673     0.43    2.70
 -12465.307    27.428    -0.86    2.64
 -12178.816    26.922    -1.76    3.18
 -11892.321    26.252    -2.34    3.50
 -11605.824    25.281    -3.39    3.73
 -11319.323    24.079    -4.20    3.94
 -11032.819    22.788    -4.51    3.78
 -10746.311    21.939    -2.96    3.30
 -10459.801    21.721    -0.76    3.05
 -10173.287    22.404     2.38    3.44
  -9886.771    23.766     4.75    4.46
  -9600.251    25.340     5.50    4.56
  -9313.728    26.809     5.12    3.80
  -9027.201    27.643     2.91    2.99
  -8740.672    27.979     1.17    2.64
  -8454.139    28.463     1.69    2.92
  -8167.604    29.041     2.02    3.48
  -7881.065    29.215     0.61    3.89
  -7594.523    28.801    -1.44    4.35
  -7307.977    28.394    -1.42    4.46
  -7021.429    27.746    -2.26    5.12
  -6734.877    25.532    -7.73    7.20
  -6448.323    21.126   -15.38    9.94
  -6161.765    16.153   -17.35   11.10
  -5875.204    11.556   -16.04   11.33
  -5588.639     6.924   -16.16    9.84
  -5302.072     3.319   -12.58    6.63
  -5015.501     1.078    -7.82    3.32
  -4728.928     0.211    -3.02    0.50
  -4442.351     0.200    -0.04    0.50
  -4155.771     0.201     0.00    0.51
  -3869.187     0.182    -0.07    0.45
  -3582.601     0.179    -0.01    0.47
  -3296.011     0.186     0.02    0.49
  -3009.419     0.177    -0.03    0.47
  -2722.823     0.163    -0.05    0.46
  -2436.224     0.169     0.02    0.48
  -2149.621     0.170     0.00    0.49
  -1863.016     0.146    -0.09    0.46
  -1576.407     0.076    -0.24    0.34
  -1289.796     0.014    -0.22    0.12
  -1003.181     0.000    -0.05    0.00
   -716.563     0.000     0.00    0.00
   -429.941     0.000     0.00    0.00
   -143.317     0.000     0.00    0.00
    143.311     0.000     0.00    0.00
    429.942     0.000     0.00    0.00
    716.576    -0.007    -0.02    0.08
   1003.213    -0.075    -0.24    0.41
   1289.853    -0.245    -0.59    0.85
   1576.496    -0.191     0.19    1.37
   1863.143     0.121     1.09    1.85
   2149.793     0.590     1.63    2.16
   2436.446     1.443     2.98    2.46
   2723.102     1.890     1.56    3.41
   3009.761     2.456     1.97    3.80
   3296.424     3.313     2.99    3.73
   3583.089     3.993     2.37    3.72
   3869.758     4.929     3.26    4.06
   4156.430     5.679     2.62    4.40
   4443.105     6.986     4.56    4.77
   4729.784     8.546     5.44    4.97
   5016.465     9.807     4.40    5.35
   5303.150    11.274     5.12    5.19
   5589.838    13.082     6.31    4.76
   5876.529    14.778     5.92    4.32
   6163.223    16.078     4.54    4.11
   6449.920    17.369     4.50    4.07
   6736.621    18.880     5.27    3.95
   7023.325    20.514     5.70    3.94
   7310.032    21.833     4.60    3.87
   7596.742    23.174     4.67    4.08
   7883.455    24.211     3.62    3.92
   8170.171    24.382     0.60    3.80
   8456.891    24.063    -1.11    3.95
   8743.614    23.972    -0.32    4.20
   9030.340    24.312     1.19    4.44
   9317.069    25.521     4.22    5.10
   9603.801    26.829     4.56    5.25
   9890.537    28.290     5.09    5.24
  10177.275    29.755     5.11    5.02
  10464.017    30.931     4.10    4.31
  10750.762    32.043     3.88    3.62
  11037.510    32.752     2.47    3.18
  11324.262    33.113     1.26    2.86
  11611.016    33.846     2.56    2.56
  11897.774    35.118     4.44    3.36
  12184.535    37.322     7.69    5.67
  12471.127    39.953     9.18    7.30
  12757.287    42.486     8.85    7.91
  13043.450    45.524    10.62    7.96
  13329.615    48.643    10.90    7.50
  13615.782    51.426     9.72    6.55
  13901.952    53.693     7.92    5.17
  14188.124    55.137     5.05    4.17
  14474.299    55.807     2.34    3.82
  14760.476    56.917     3.88    3.78
  15046.656    58.014     3.83    4.44
  15332.838    59.789     6.20    6.18
  15619.022    61.931     7.48    7.19
  15905.209    64.400     8.63    7.64
  16191.399    66.829     8.49    7.12
  16477.590    68.871     7.14    5.97
  16763.785    70.007     3.97    4.64
  17049.981    70.504     1.73    3.81
  17336.180    70.347    -0.55    3.47
  17622.382    70.138    -0.73    3.07
  17908.586    69.762    -1.31    2.78
  18194.792    69.844     0.29    2.99
  18481.001    70.455     2.14    3.56
  18767.212    71.839     4.84    4.67
  19053.426    73.596     6.14    5.86
  19339.642    75.852     7.88    7.22
  19625.860    78.643     9.75    7.95
  19912.081    81.915    11.43    8.20
  20198.305    85.965    14.15    9.04
  20484.530    90.438    15.63    9.47
  20770.759    94.618    14.61   10.18
  21056.989    98.397    13.20   10.04
  21343.222   102.183    13.23    9.88
  21629.458   107.359    18.08   10.77
  21915.696   113.189    20.37   12.11
  22201.936   118.560    18.77   12.51
  22488.179   124.418    20.47   12.98
  22774.424   130.275    20.46   12.54
  23060.672   135.553    18.44    9.18
  23346.922   139.000    12.04    6.11
  23633.175   140.701     5.94    5.06
  23919.430   141.315     2.14    4.79
  24205.687   141.699     1.34    4.56
  24491.947   141.290    -1.43    4.43
  24778.209   140.430    -3.00    5.06
  25064.474   138.536    -6.62    6.47
  25350.741   135.752    -9.72    7.72
  25637.011   132.525   -11.27    7.86
  25923.283   129.043   -12.16    7.25
  26209.557   125.542   -12.23    6.45
  26495.834   122.308   -11.29    6.66
  26782.113   118.776   -12.34    7.21
  27068.395   115.558   -11.24    7.23
  27354.679   113.333    -7.77    6.64
  27640.966   111.483    -6.46    5.47
  27927.255   109.277    -7.71    5.52
  28213.547   107.619    -5.79    5.58
  28499.840   104.979    -9.22    8.62
  28786.137   101.736   -11.33   11.37
  29072.436    98.079   -12.77   11.86
  29358.737    94.812   -11.41   10.29
  29645.041    91.869   -10.28    9.38
  29931.347    88.156   -12.97    9.74
  30217.655    84.438   -12.99   10.00
  30503.966    81.771    -9.32   10.06
  30790.280    79.183    -9.04    9.67
  31076.595    77.000    -7.62    8.71
  31362.914    75.546    -5.08    7.52
  31649.234    75.142    -1.41    7.47
  31935.557    75.070    -0.25    7.77
  32221.883    74.590    -1.68    7.75
  32508.211    74.288    -1.06    7.89
  32794.542    72.903    -4.83    7.89
  33080.874    71.172    -6.05    7.57
  33367.210    69.324    -6.45    6.89
  33653.547    68.319    -3.51    6.17
  33939.888    67.404    -3.20    4.42
  34226.230    66.577    -2.89    3.62
  34512.575    65.150    -4.99    3.85
  34798.923    63.567    -5.53    4.44
  35085.273    62.413    -4.03    5.15
  35371.625    61.451    -3.36    5.74
  35657.980    60.497    -3.33    6.07
  35944.337    60.692     0.68    6.50
  36230.697    61.878     4.14    6.51
  36517.059    63.338     5.10    5.76
  36803.424    63.801     1.62    5.25
  37089.791    62.396    -4.91    6.47
  37376.160    59.993    -8.39    7.10
  37662.532    57.757    -7.81    7.43
  37948.906    55.128    -9.18    7.42
  38235.283    52.439    -9.39    7.12
  38521.662    50.306    -7.45    5.26
  38808.044    48.877    -4.99    3.99
  39094.428    47.932    -3.30    4.45
  39380.814    46.655    -4.46    4.72
  39667.203    45.846    -2.82    4.82
  39953.594    45.830    -0.06    5.10
  40239.988    46.586     2.64    5.98
  40526.384    48.176     5.55    6.82
  40812.783    49.930     6.12    6.69
  41099.184    51.597     5.82    6.06
  41385.588    53.276     5.86    4.76
  41671.994    54.596     4.61    3.37
  41958.402    54.945     1.22    2.95
  42244.813    54.644    -1.05    3.25
  42531.226    54.035    -2.13    3.19
  42817.642    52.845    -4.15    3.65
  43104.060    51.303    -5.38    4.64
  43390.481    49.511    -6.26    4.97
  43676.904    47.866    -5.74    4.43
  43963.329    46.860    -3.51    4.02
  44249.757    46.222    -2.23    3.83
  44536.188    46.082    -0.49    3.98
  44822.621    46.776     2.42    4.37
  45109.056    48.014     4.32    4.40
  45395.493    49.490     5.15    4.21
  45681.934    50.643     4.03    3.73
  45968.376    51.610     3.38    3.42
  46254.821    52.149     1.88    3.61
  46541.269    52.784     2.22    3.80
  46827.718    53.211     1.49    4.22
  47114.171    52.952    -0.90    4.28
  47400.626    53.136     0.64    4.21
  47687.083    52.248    -3.10    4.96
  47973.542    51.503    -2.60    5.49
  48260.004    50.952    -1.92    5.32
  48546.469    50.280    -2.35    4.71
  48832.936    50.007    -0.95    4.49
  49119.405    50.028     0.07    4.22
  49405.877    50.333     1.06    3.62
  49692.351    50.964     2.20    2.90
  49978.828    51.531     1.98    2.74
  50265.307    51.559     0.09    2.77
  50551.789    51.538    -0.07    2.60
  50838.273    51.159    -1.32    2.68
  51124.759    50.559    -2.09    3.01
  51411.248    49.266    -4.51    3.94
  51697.740    47.430    -6.41    4.90
  51984.234    45.816    -5.63    5.29
  52270.730    44.424    -4.86    5.16
  52557.228    43.746    -2.36    4.99
  52843.730    43.860     0.40    5.14
  53130.233    44.699     2.93    5.35
  53416.739    45.648     3.31    5.26
  53703.248    46.731     3.78    5.21
  53989.759    47.500     2.68    4.92
  54276.272    47.434    -0.23    4.48
  54562.788    46.915    -1.81    4.52
  54849.306    46.528    -1.35    4.69
  55135.827    46.652     0.43    5.37
  55422.350    47.411     2.65    6.33
  55708.875    48.709     4.53    6.88
  55995.403    50.281     5.49    6.91
  56281.934    52.891     9.11    6.63
  56568.466    55.793    10.13    5.86
  56855.002    57.626     6.40    4.62
  57141.539    58.388     2.66    4.51
  57428.080    58.162    -0.79    5.09
  57714.622    58.374     0.74    5.14
  58001.167    58.662     1.00    4.97
  58287.715    58.317    -1.21    5.10
  58574.265    58.614     1.04    4.72
  58860.817    59.091     1.66    4.78
  59147.372    60.122     3.60    5.31
  59433.929    62.000     6.55    5.97
  59720.489    63.804     6.30    6.32
  60007.051    66.042     7.81    5.71
  60293.616    67.657     5.64    4.83
  60580.183    68.231     2.00    4.60
  60866.753    68.057    -0.61    5.16
  61153.324    67.326    -2.55    5.36
  61439.899    66.909    -1.46    5.13
  61726.476    66.521    -1.35    5.32
  62013.055    66.774     0.88    4.90
  62299.637    67.069     1.03    3.88
  62586.221    67.527     1.60    3.73
  62872.808    67.490    -0.13    4.43
  63159.397    66.125    -4.76    5.51
  63445.988    64.951    -4.10    6.15
  63732.582    64.782    -0.59    6.47
  64019.178    65.106     1.13    7.25
  64305.777    65.773     2.33    7.99
  64592.379    66.042     0.94    8.40
  64878.982    66.897     2.98    8.05
  65165.588    67.259     1.26    6.82
  65452.197    65.651    -5.61    6.85
  65738.808    64.194    -5.08    6.97
  66025.422    63.095    -3.84    6.67
  66312.038    62.162    -3.26    5.63
