-112850.421   157.317     0.00   12.38
-112563.976   155.788    -5.34   12.88
-112277.531   154.762    -3.58   12.81
-111991.086   154.500    -0.92   12.21
-111704.642   153.685    -2.84   10.68
-111418.198   154.159     1.66    8.79
-111131.754   155.091     3.25    7.60
-110845.311   155.927     2.92    7.12
-110558.868   156.517     2.06    6.81
-110272.426   156.720     0.71    6.50
-109985.984   155.947    -2.70    6.16
-109699.542   154.745    -4.20    5.77
-109413.101   153.472    -4.44    6.08
-109126.661   152.024    -5.06    6.29
-108840.220   150.402    -5.66    5.62
-108553.781   150.391    -0.04    5.77
-108267.341   151.210     2.86    6.64
-107980.902   152.120     3.17    7.09
-107694.463   154.227     7.36    7.50
-107408.025   156.434     7.71    7.48
-107121.587   158.107     5.84    6.76
-106835.150   159.388     4.47    6.52
-106548.713   160.012     2.18    7.43
-106262.276   160.636     2.18    8.38
-105975.840   161.381     2.60    9.25
-105689.405   162.498     3.90   10.49
-105402.969   164.589     7.30   11.41
-105116.534   166.990     8.38   11.57
-104830.100   168.774     6.23   10.86
-104543.666   169.517     2.59    9.52
-104257.232   169.631     0.40    8.14
-103970.799   168.927    -2.46    7.52
-103684.366   169.244     1.11    7.54
-103397.933   170.370     3.93    8.14
-103111.501   171.530     4.05    8.19
-102825.070   172.749     4.26    7.57
-102538.638   172.984     0.82    7.54
-102252.208   172.090    -3.12    8.13
-101965.777   169.610    -8.66    9.21
-101679.347   165.318   -14.98    9.79
-101392.918   160.816   -15.72    9.49
-101106.488   157.324   -12.19    7.99
-100820.060   155.023    -8.03    5.83
-100533.631   154.045    -3.42    5.10
-100247.203   154.127     0.29    5.36
 -99960.776   154.614     1.70    5.21
 -99674.349   155.670     3.69    5.63
 -99387.922   156.954     4.48    5.77
 -99101.496   157.735     2.73    5.23
 -98815.070   157.595    -0.49    5.40
 -98528.644   157.340    -0.89    5.70
 -98242.219   156.670    -2.34    5.65
 -97955.794   155.423    -4.35    5.16
 -97669.370   153.685    -6.07    4.71
 -97382.946   152.511    -4.10    4.70
 -97096.523   152.103    -1.43    4.62
 -96810.100   150.654    -5.06    5.84
 -96523.677   147.389   -11.40    8.77
 -96237.255   143.557   -13.38   10.27
 -95950.833   139.831   -13.01   11.38
 -95664.412   138.144    -5.89   11.73
 -95377.991   137.579    -1.97   11.77
 -95091.570   138.049     1.64   12.30
 -94805.150   141.430    11.80   13.73
 -94518.730   147.396    20.83   13.07
 -94232.311   153.035    19.69   11.16
 -93945.892   157.447    15.40    8.82
 -93659.474   160.232     9.72    7.76
 -93373.056   161.802     5.48    8.07
 -93086.638   163.531     6.04    8.16
 -92800.221   165.389     6.49    8.90
 -92513.804   167.002     5.63    9.55
 -92227.387   169.142     7.47   10.16
 -91940.971   171.626     8.67   10.24
 -91654.556   175.178    12.40    8.98
 -91368.140   178.295    10.88    7.07
 -91081.725   180.603     8.06    5.70
 -90795.311   181.544     3.29    5.84
 -90508.897   181.069    -1.66    7.15
 -90222.483   179.714    -4.73    8.36
 -89936.070   177.495    -7.75    9.27
 -89649.658   174.020   -12.13    9.51
 -89363.245   170.005   -14.02    9.58
 -89076.833   165.270   -16.53   10.99
 -88790.422   160.662   -16.09   12.26
 -88504.011   156.182   -15.64   12.72
 -88217.600   151.586   -16.05   11.93
 -87931.190   146.577   -17.49   11.50
 -87644.780   142.125   -15.54   11.37
 -87358.370   137.671   -15.55   10.49
 -87071.961   134.546   -10.91    9.37
 -86785.552   132.180    -8.26    8.91
 -86499.144   128.710   -12.12    9.21
 -86212.736   126.157    -8.91    8.23
 -85926.329   125.642    -1.80    8.36
 -85639.922   126.073     1.51    8.98
 -85353.515   127.342     4.43    9.65
 -85067.109   128.898     5.43   10.40
 -84780.703   130.765     6.52   11.06
 -84494.298   133.680    10.18   10.86
 -84207.893   136.122     8.53   10.53
 -83921.488   137.663     5.38   10.46
 -83635.084   138.664     3.50   10.74
 -83348.680   139.803     3.98   10.38
 -83062.277   139.316    -1.70   10.34
 -82775.874   137.757    -5.44   10.59
 -82489.472   136.057    -5.94   10.48
 -82203.070   134.091    -6.86   11.17
 -81916.668   131.488    -9.09   11.88
 -81630.267   128.341   -10.99   13.39
 -81343.866   125.675    -9.31   13.91
 -81057.465   123.368    -8.05   14.77
 -80771.065   121.340    -7.08   15.04
 -80484.666   119.426    -6.68   14.67
 -80198.266   118.802    -2.18   13.74
 -79911.868   117.488    -4.59   13.34
 -79625.469   115.844    -5.74   13.39
 -79339.071   113.372    -8.63   13.83
 -79052.674   110.137   -11.29   14.53
 -78766.276   107.369    -9.67   14.65
 -78479.880   104.838    -8.84   14.31
 -78193.483   103.082    -6.13   13.50
 -77907.087   101.824    -4.39   13.57
 -77620.692   101.083    -2.59   13.65
 -77334.297   101.477     1.38   14.30
 -77047.902   103.132     5.78   15.86
 -76761.508   104.582     5.06   17.10
 -76475.114   106.289     5.96   17.60
 -76188.720   108.502     7.72   16.80
 -75902.327   112.069    12.46   15.16
 -75615.935   115.533    12.10   12.54
 -75329.542   117.829     8.01   10.53
 -75043.151   118.689     3.00    9.63
 -74756.759   118.808     0.42   10.75
 -74470.368   119.307     1.74   12.08
 -74183.977   119.486     0.63   12.63
 -73897.587   118.664    -2.87   12.69
 -73611.197   117.272    -4.86   12.64
 -73324.808   115.983    -4.50   12.50
 -73038.419   114.185    -6.28   11.57
 -72752.031   110.518   -12.80   11.93
 -72465.642   105.631   -17.07   11.57
 -72179.255   101.539   -14.29   10.74
 -71892.867    97.469   -14.21   10.37
 -71606.480    94.047   -11.95    9.81
 -71320.094    91.253    -9.76    9.45
 -71033.708    88.402    -9.96    9.56
 -70747.322    85.321   -10.76   11.14
 -70460.937    83.412    -6.66   11.39
 -70174.552    81.324    -7.29   10.04
 -69888.168    79.905    -4.95   10.07
 -69601.783    78.225    -5.87   10.61
 -69315.400    75.756    -8.62   11.97
 -69029.017    74.089    -5.82   12.34
 -68742.634    71.969    -7.40   10.93
 -68456.251    69.807    -7.55    9.33
 -68169.869    68.849    -3.34    8.66
 -67883.488    69.096     0.86    8.29
 -67597.107    69.626     1.85    8.15
 -67310.726    69.857     0.81    7.95
 -67024.346    69.494    -1.27    7.96
 -66737.966    69.479    -0.05    7.66
 -66451.586    68.779    -2.45    8.53
 -66165.207    68.577    -0.70    9.86
 -65878.828    68.836     0.90   10.91
 -65592.450    68.507    -1.15   11.49
 -65306.072    67.078    -4.99   12.19
 -65019.695    66.529    -1.92   11.89
 -64733.311    65.721    -2.82   11.28
 -64446.768    66.324     2.10   10.86
 -64160.225    66.416     0.32   10.47
 -63873.684    64.886    -5.34   10.04
 -63587.144    63.872    -3.54    9.89
 -63300.605    64.185     1.09   10.13
 -63014.067    64.906     2.52   10.69
 -62727.530    65.688     2.73   11.03
 -62440.995    66.392     2.46   10.95
 -62154.460    67.920     5.33   10.20
 -61867.927    69.828     6.66    8.43
 -61581.395    70.920     3.81    7.20
 -61294.863    71.626     2.46    6.23
 -61008.334    72.619     3.47    4.33
 -60721.805    72.406    -0.74    3.89
 -60435.277    71.898    -1.77    4.19
 -60148.750    71.246    -2.28    4.44
 -59862.225    70.631    -2.15    4.33
 -59575.701    69.756    -3.05    4.04
 -59289.178    69.504    -0.88    3.70
 -59002.656    70.322     2.86    4.26
 -58716.135    71.704     4.82    4.43
 -58429.615    73.076     4.79    4.06
 -58143.096    74.337     4.40    3.64
 -57856.579    75.607     4.43    3.19
 -57570.062    76.797     4.16    3.42
 -57283.547    78.023     4.28    4.39
 -56997.033    79.736     5.98    5.45
 -56710.520    82.158     8.45    6.82
 -56424.008    84.403     7.84    7.69
 -56137.498    86.197     6.26    7.93
 -55850.988    87.934     6.06    7.98
 -55564.480    89.180     4.35    7.74
 -55277.972    91.210     7.09    8.55
 -54991.466    94.920    12.95   11.13
 -54704.961    99.933    17.50   13.67
 -54418.457   105.954    21.01   15.28
 -54131.954   112.227    21.90   15.43
 -53845.453   117.976    20.07   13.44
 -53558.952   121.251    11.43   10.40
 -53272.453   121.659     1.43    9.66
 -52985.955   120.469    -4.15   10.20
 -52699.457   118.696    -6.19   10.58
 -52412.961   116.371    -8.11   10.27
 -52126.467   113.178   -11.14    9.27
 -51839.973   109.796   -11.80    7.83
 -51553.480   106.926   -10.02    7.08
 -51266.989   103.804   -10.90    7.75
 -50980.498    99.714   -14.28    8.86
 -50694.009    95.137   -15.98    8.68
 -50407.521    90.797   -15.15    7.63
 -50121.034    87.307   -12.18    6.47
 -49834.548    84.664    -9.23    4.88
 -49548.064    83.269    -4.87    3.38
 -49261.580    83.115    -0.54    3.56
 -48975.098    84.019     3.15    5.21
 -48688.617    86.360     8.17    7.70
 -48402.136    90.018    12.77   10.15
 -48115.657    95.308    18.47   12.35
 -47829.179   100.690    18.79   13.11
 -47542.703   106.215    19.29   12.33
 -47256.227   111.067    16.94   10.45
 -46969.753   114.927    13.47    7.76
 -46683.279   117.518     9.05    5.76
 -46396.807   119.178     5.80    4.91
 -46110.336   120.370     4.16    4.66
 -45823.866   121.933     5.46    4.81
 -45537.397   123.933     6.98    5.73
 -45250.929   126.375     8.52    6.97
 -44964.463   129.328    10.31    8.02
 -44677.997   132.838    12.25    8.51
 -44391.533   136.457    12.63    8.29
 -44105.070   140.199    13.06    7.54
 -43818.608   143.804    12.59    6.71
 -43532.147   146.147     8.18    5.54
 -43245.687   147.239     3.81    4.89
 -42959.229   146.898    -1.19    5.25
 -42672.771   145.363    -5.36    6.19
 -42386.315   142.898    -8.60    6.44
 -42099.859   139.458   -12.01    6.25
 -41813.405   135.898   -12.43    6.26
 -41526.952   132.774   -10.91    5.92
 -41240.500   130.100    -9.33    5.21
 -40954.050   127.920    -7.61    4.38
 -40667.600   126.025    -6.61    3.53
 -40381.152   124.328    -5.92    3.00
 -40094.704   123.011    -4.60    3.20
 -39808.258   121.567    -5.04    4.04
 -39521.813   119.933    -5.70    4.91
 -39235.369   117.879    -7.17    5.75
 -38948.926   115.818    -7.19    5.79
 -38662.484   114.130    -5.89    6.07
 -38376.044   112.437    -5.91    6.20
 -38089.604   110.728    -5.97    6.17
 -37803.166   109.355    -4.79    6.26
 -37516.729   108.199    -4.04    6.70
 -37230.293   107.098    -3.84    6.97
 -36943.858   105.568    -5.34    7.02
 -36657.424   103.801    -6.17    6.76
 -36370.992   102.004    -6.27    6.40
 -36084.560   100.011    -6.96    6.46
 -35798.130    97.631    -8.31    6.79
 -35511.701    95.025    -9.10    6.58
 -35225.272    92.302    -9.51    6.50
 -34938.845    90.142    -7.54    6.54
 -34652.420    88.468    -5.84    6.77
 -34365.995    87.633    -2.92    7.78
 -34079.571    88.143     1.78    8.77
 -33793.149    88.629     1.69    9.29
 -33506.727    88.647     0.06    9.29
 -33220.307    88.535    -0.39    8.98
 -32933.888    88.451    -0.29    8.10
 -32647.470    87.362    -3.80    7.48
 -32361.053    85.627    -6.06    7.48
 -32074.638    83.641    -6.94    7.91
 -31788.223    81.140    -8.73    8.09
 -31501.810    78.430    -9.46    7.93
 -31215.397    76.369    -7.20    7.34
 -30928.986    74.420    -6.80    6.49
 -30642.576    72.994    -4.98    5.61
 -30356.167    72.593    -1.40    5.93
 -30069.760    72.402    -0.67    6.35
 -29783.353    72.251    -0.53    6.57
 -29496.947    71.708    -1.89    6.93
 -29210.543    71.258    -1.57    7.03
 -28924.140    70.593    -2.32    6.61
 -28637.738    69.828    -2.67    5.92
 -28351.337    68.656    -4.09    5.52
 -28064.937    68.107    -1.92    4.87
 -27778.538    67.836    -0.95    4.80
 -27492.141    67.494    -1.19    5.33
 -27205.744    67.342    -0.53    5.80
 -26919.349    67.661     1.11    6.71
 -26632.955    68.558     3.13    8.02
 -26346.561    69.920     4.75    9.14
 -26060.170    71.440     5.31   10.37
 -25773.779    73.450     7.02   10.92
 -25487.389    75.331     6.57   10.31
 -25201.000    76.246     3.20    9.62
 -24914.613    75.872    -1.31    9.62
 -24628.227    74.140    -6.05   10.28
 -24341.842    71.399    -9.57   11.27
 -24055.458    67.437   -13.84   11.41
 -23769.075    63.540   -13.61   10.77
 -23482.693    59.248   -14.99    9.53
 -23196.312    55.905   -11.67    8.00
 -22909.933    53.356    -8.90    6.47
 -22623.554    51.624    -6.05    5.23
 -22337.177    50.532    -3.81    4.52
 -22050.801    50.026    -1.77    3.78
 -21764.426    49.500    -1.84    3.08
 -21478.052    48.628    -3.05    2.70
 -21191.679    48.108    -1.81    2.91
 -20905.308    48.199     0.32    3.25
 -20618.937    48.038    -0.56    3.46
 -20332.568    47.808    -0.80    3.65
 -20046.200    47.540    -0.94    3.92
 -19759.833    47.389    -0.53    3.98
 -19473.467    47.647     0.90    3.90
 -19187.102    48.260     2.14    3.82
 -18900.738    48.721     1.61    3.43
 -18614.376    49.416     2.43    3.36
 -18328.014    50.036     2.16    3.18
 -18041.654    50.769     2.56    3.12
 -17755.295    51.007     0.83    2.94
 -17468.937    50.161    -2.95    2.99
 -17182.580    49.331    -2.90    3.13
 -16896.224    48.648    -2.38    3.26
 -16609.869    48.132    -1.80    3.59
 -16323.516    47.497    -2.22    3.56
 -16037.163    46.534    -3.36    3.32
 -15750.812    45.693    -2.94    3.18
 -15464.462    45.201    -1.72    3.23
 -15178.113    44.793    -1.43    3.19
 -14891.765    44.031    -2.66    3.13
 -14605.418    43.321    -2.48    2.58
 -14319.073    42.906    -1.45    2.65
 -14032.728    42.782    -0.43    2.88
 -13746.385    42.166    -2.15    3.37
 -13460.042    40.892    -4.45    3.98
 -13173.701    39.579    -4.58    4.19
 -12887.361    38.348    -4.30    3.79
 -12601.023    37.461    -3.10    2.88
 -12314.685    37.287    -0.61    2.57
 -12028.348    37.613     1.14    3.14
 -11742.013    38.337     2.53    3.93
 -11455.678    39.203     3.02    4.49
 -11169.345    39.851     2.26    4.45
 -10883.013    40.089     0.83    4.15
 -10596.682    39.991    -0.34    3.85
 -10310.352    39.682    -1.08    3.62
 -10024.024    39.012    -2.34    3.60
  -9737.696    38.345    -2.33    3.49
  -9451.370    38.026    -1.11    2.99
  -9165.044    38.096     0.24    3.06
  -8878.720    37.729    -1.28    3.17
  -8592.397    37.145    -2.04    3.69
  -8306.075    37.040    -0.37    3.61
  -8019.755    36.906    -0.47    3.65
  -7733.435    36.878    -0.10    3.85
  -7447.116    36.570    -1.07    3.59
  -7160.799    36.351    -0.77    2.79
  -6874.483    35.947    -1.41    3.14
  -6588.168    34.700    -4.36    4.09
  -6301.854    32.790    -6.67    5.45
  -6015.541    29.838   -10.31    6.62
  -5729.229    26.110   -13.02    7.29
  -5442.918    22.110   -13.97    7.91
  -5156.609    18.595   -12.28    7.86
  -4870.300    15.747    -9.95    6.81
  -4583.993    14.087    -5.80    5.91
  -4297.687    13.905    -0.64    6.08
  -4011.382    14.998     3.82    7.19
  -3725.078    16.754     6.13    8.01
  -3438.776    19.487     9.55    7.48
  -3152.474    22.377    10.10    6.64
  -2866.140    24.274     6.62    5.06
  -2579.517    24.359     0.30    4.25
  -2292.896    24.192    -0.58    4.07
  -2006.277    23.458    -2.56    4.52
  -1719.660    22.375    -3.78    5.13
  -1433.045    19.933    -8.52    7.07
  -1146.431    15.659   -14.91    8.94
   -859.820    11.920   -13.05    9.82
   -573.210     7.995   -13.69    9.49
   -286.602     4.246   -13.08    7.44
      0.004     1.745    -8.73    4.93
    286.608    -0.003    -6.10    0.45
    573.210    -0.080    -0.27    0.00
    859.810    -0.080     0.00    0.00
   1146.409    -0.080     0.00    0.00
   1433.006    -0.080     0.00    0.00
   1719.600    -0.080     0.00    0.00
   2006.193    -0.080     0.00    0.00
   2292.784    -0.080     0.00    0.00
   2579.374    -0.080     0.00    0.00
   2865.961    -0.080     0.00    0.00
   3152.547    -0.080     0.00    0.00
   3439.130    -0.080     0.00    0.00
   3725.712    -0.080     0.00    0.00
   4012.292    -0.080     0.00    0.00
   4298.870    -0.080     0.00    0.00
   4585.446    -0.080     0.00    0.00
   4872.021    -0.080     0.00    0.00
   5158.593    -0.080     0.00    0.00
   5445.164    -0.080     0.00    0.00
   5731.733    -0.080     0.00    0.00
   6018.300    -0.080     0.00    0.00
   6304.865    -0.080     0.00    0.00
   6591.428    -0.053     0.10    0.20
   6877.989     0.586     2.23    1.98
   7164.549     1.057     1.64    2.47
   7451.107     1.658     2.10    3.00
   7737.662     2.647     3.45    3.56
   8024.216     4.132     5.18    4.12
   8310.769     6.110     6.90    4.94
   8597.319     8.355     7.84    5.44
   8883.867    10.756     8.38    5.27
   9170.414    12.912     7.52    4.57
   9456.958    14.375     5.10    3.95
   9743.501    15.307     3.25    3.29
  10030.042    15.365     0.20    3.20
  10316.581    14.818    -1.91    3.43
  10603.119    13.906    -3.18    3.67
  10889.654    13.219    -2.40    3.69
  11176.188    13.091    -0.45    3.72
  11462.719    13.616     1.83    4.13
  11749.249    14.762     4.00    4.88
  12035.777    16.582     6.35    5.67
  12322.303    18.849     7.91    5.70
  12608.827    21.511     9.29    4.87
  12895.350    23.800     7.99    4.47
  13181.870    25.905     7.35    4.43
  13468.389    28.058     7.51    4.44
  13754.906    30.379     8.10    4.80
  14041.421    32.739     8.24    4.97
  14327.934    35.077     8.16    4.89
  14614.445    37.954    10.04    5.11
  14900.955    40.502     8.89    5.56
  15187.462    43.218     9.48    5.95
  15473.968    45.899     9.36    6.80
  15760.472    48.551     9.26    7.73
  16046.974    51.075     8.81    8.46
  16333.474    53.370     8.01    8.81
  16619.972    55.182     6.33    8.47
  16906.469    57.205     7.06    7.43
  17192.963    58.836     5.69    6.59
  17479.456    60.420     5.53    5.67
  17765.947    62.002     5.52    5.62
  18052.436    64.348     8.19    6.69
  18338.923    67.310    10.34    7.40
  18625.408    70.260    10.30    7.53
  18911.892    72.673     8.42    6.55
  19198.373    74.232     5.44    5.05
  19484.853    74.348     0.41    5.03
  19771.331    73.138    -4.22    5.87
  20057.807    70.934    -7.69    6.34
  20344.281    68.678    -7.87    5.81
  20630.753    67.075    -5.60    4.96
  20917.224    65.487    -5.54    4.59
  21203.693    64.202    -4.48    4.83
  21490.159    62.810    -4.86    5.27
  21776.624    61.753    -3.69    5.58
  22063.087    61.844     0.32    6.14
  22349.548    62.502     2.30    7.07
  22636.008    64.045     5.39    8.00
  22922.465    66.413     8.27    8.38
  23208.921    68.997     9.02    8.31
  23495.375    71.792     9.76    8.29
  23781.827    73.476     5.88    7.78
  24068.277    74.366     3.11    7.94
  24354.725    74.827     1.61    8.35
  24641.171    74.653    -0.61    8.92
  24927.616    74.293    -1.26    9.39
  25214.058    73.913    -1.33    9.45
  25500.499    72.409    -5.25    8.77
  25786.938    70.872    -5.37    8.34
  26073.375    69.317    -5.43    7.69
  26359.811    67.967    -4.71    7.60
  26646.244    66.652    -4.59    7.56
  26932.675    64.975    -5.86    8.48
  27219.105    63.650    -4.63    8.96
  27505.533    62.955    -2.43    9.24
  27791.959    62.638    -1.11    9.35
  28078.383    62.327    -1.09    9.00
  28364.805    61.638    -2.40    7.97
  28651.226    60.827    -2.83    6.05
  28937.644    60.107    -2.51    5.33
  29224.061    58.754    -4.72    4.40
  29510.476    57.255    -5.23    4.45
  29796.889    55.595    -5.79    4.38
  30083.300    54.009    -5.54    4.48
  30369.709    52.913    -3.83    4.29
  30656.117    52.267    -2.25    4.21
  30942.522    51.871    -1.38    4.61
  31228.926    51.154    -2.50    4.78
  31515.328    50.180    -3.40    4.87
  31801.728    49.069    -3.88    4.81
  32088.126    48.366    -2.45    4.20
  32374.522    47.412    -3.33    4.06
  32660.917    46.448    -3.37    3.63
  32947.310    46.246    -0.70    3.42
  33233.700    46.278     0.11    3.19
  33520.089    46.437     0.55    3.39
  33806.476    46.740     1.06    3.44
  34092.862    47.471     2.55    3.55
  34379.245    48.529     3.70    3.58
  34665.626    49.475     3.30    3.14
  34952.006    49.518     0.15    3.17
  35238.384    49.366    -0.53    3.44
  35524.760    49.650     0.99    3.84
  35811.134    49.684     0.12    4.34
  36097.506    49.511    -0.60    4.55
  36383.877    49.501    -0.03    4.40
  36670.245    49.356    -0.51    4.18
  36956.612    48.602    -2.63    4.20
  37242.977    47.509    -3.82    3.95
  37529.340    46.782    -2.54    3.54
  37815.701    46.550    -0.81    3.48
  38102.060    47.177     2.19    4.01
  38388.417    48.337     4.05    4.30
  38674.773    49.503     4.07    4.69
  38961.127    50.303     2.79    4.70
  39247.479    50.701     1.39    4.41
  39533.829    50.019    -2.38    4.83
  39820.177    48.551    -5.13    5.28
  40106.523    46.785    -6.17    5.69
  40392.868    44.620    -7.56    5.20
  40679.210    43.392    -4.29    4.37
  40965.551    42.200    -4.16    3.69
  41251.890    41.450    -2.62    3.11
  41538.227    40.789    -2.31    3.17
  41824.562    40.307    -1.68    3.51
  42110.896    40.127    -0.63    3.59
  42397.227    40.844     2.51    4.18
  42683.557    42.094     4.37    4.66
  42969.885    43.484     4.85    4.76
  43256.211    44.558     3.75    4.48
  43542.535    45.448     3.11    3.79
  43828.857    46.258     2.83    3.48
  44115.177    46.913     2.29    3.25
  44401.496    47.546     2.21    3.21
  44687.813    47.906     1.26    3.42
  44974.128    48.413     1.77    3.45
  45260.441    48.913     1.75    3.33
  45546.752    49.707     2.78    3.44
  45833.061    50.725     3.56    3.46
  46119.368    51.317     2.07    3.61
  46405.674    51.575     0.90    3.89
  46691.978    51.388    -0.65    4.26
  46978.280    50.307    -3.77    5.48
  47264.580    49.303    -3.51    6.06
  47550.878    48.191    -3.88    6.33
  47837.174    47.004    -4.15    5.94
  48123.469    46.416    -2.05    5.41
  48409.762    46.744     1.14    5.27
  48696.052    48.009     4.42    5.42
  48982.341    49.784     6.20    4.84
  49268.628    51.515     6.05    5.04
  49554.914    52.838     4.62    4.74
  49841.197    54.057     4.26    4.06
  50127.479    54.852     2.78    3.57
  50413.758    55.267     1.45    3.55
  50700.036    55.762     1.73    3.47
  50986.312    55.999     0.83    3.41
  51272.586    55.469    -1.85    3.42
  51558.859    55.168    -1.05    3.62
  51845.129    54.742    -1.49    3.81
  52131.398    54.150    -2.07    3.87
  52417.665    52.997    -4.03    3.83
  52703.929    51.788    -4.22    3.85
  52990.193    50.830    -3.35    4.03
  53276.454    49.982    -2.96    4.16
  53562.713    49.086    -3.13    4.53
  53848.971    48.255    -2.90    5.10
  54135.226    48.760     1.76    5.05
  54421.480    50.377     5.65    4.46
  54707.732    51.843     5.12    4.51
  54993.982    52.998     4.03    4.24
  55280.230    53.166     0.59    4.05
  55566.477    52.497    -2.34    4.53
  55852.721    51.636    -3.01    5.48
  56138.964    49.969    -5.82    6.27
  56425.205    48.336    -5.70    5.85
  56711.444    48.001    -1.17    5.22
  56997.681    49.502     5.24    6.79
  57283.917    51.289     6.25    7.71
  57570.150    53.647     8.24    7.84
  57856.382    55.852     7.70    6.80
  58142.612    57.561     5.97    5.32
  58428.839    58.591     3.60    4.67
  58715.066    59.055     1.62    4.67
  59001.373    59.262     0.72    4.85
  59288.074    59.114    -0.52    4.88
  59574.773    58.374    -2.58    4.41
  59861.469    58.437     0.22    4.34
  60148.162    59.613     4.10    4.66
  60434.853    61.056     5.03    5.17
  60721.541    63.122     7.21    6.11
  61008.227    65.468     8.18    6.57
  61294.910    67.813     8.18    5.79
  61581.591    69.328     5.28    4.90
  61868.269    70.112     2.74    4.62
  62154.944    69.983    -0.45    5.15
  62441.617    69.384    -2.09    5.34
  62728.287    68.871    -1.79    5.08
  63014.955    69.073     0.71    4.68
  63301.620    69.625     1.92    4.20
  63588.282    70.276     2.27    3.25
  63874.942    70.795     1.81    3.27
  64161.599    71.132     1.18    3.38
  64448.254    70.596    -1.87    4.47
  64734.906    70.366    -0.80    5.29
  65021.556    70.671     1.06    5.83
  65308.203    71.969     4.53    6.82
  65594.847    72.545     2.01    6.79
  65881.489    72.341    -0.71    6.09
  66168.128    71.824    -1.81    6.30
  66454.764    69.926    -6.62    8.76
  66741.398    67.078    -9.94   10.12
  67028.030    64.241    -9.90    9.48
  67314.659    61.944    -8.01    8.56
  67601.285    59.665    -7.95    7.13
  67887.909    57.879    -6.23    5.07
