-132631.197    82.401     0.00    7.56
-132344.588    81.743    -2.30    7.43
-132057.974    81.683    -0.21    8.17
-131771.354    82.348     2.32    9.23
-131484.729    82.976     2.19   10.31
-131198.098    82.841    -0.47   11.49
-130911.463    81.954    -3.09   12.27
-130624.822    81.555    -1.39   11.98
-130338.175    81.061    -1.72   11.69
-130051.524    78.455    -9.09   13.65
-129764.867    75.447   -10.49   14.65
-129478.204    73.716    -6.04   14.35
-129191.537    73.189    -1.84   15.08
-128904.864    72.179    -3.52   15.87
-128618.186    70.293    -6.58   16.48
-128331.502    69.092    -4.19   16.10
-128044.813    71.212     7.40   15.38
-127758.119    74.744    12.32   16.09
-127471.420    75.390     2.26   16.67
-127184.715    76.574     4.13   16.84
-126898.005    80.932    15.20   18.65
-126611.290    86.278    18.65   19.96
-126324.569    91.100    16.82   18.34
-126037.843    93.740     9.21   16.88
-125751.112    95.063     4.61   16.12
-125464.375    95.639     2.01   15.55
-125177.633    93.267    -8.27   17.29
-124890.886    89.098   -14.54   19.79
-124604.134    82.245   -23.90   19.57
-124317.376    77.651   -16.02   19.36
-124030.613    73.779   -13.50   18.28
-123743.844    70.504   -11.42   16.60
-123457.070    67.340   -11.03   14.43
-123170.291    63.102   -14.78   13.12
-122883.507    59.257   -13.41   11.97
-122596.717    54.254   -17.44   12.44
-122309.922    47.574   -23.29   15.06
-122023.121    40.948   -23.10   15.37
-121736.316    35.369   -19.45   13.89
-121449.505    32.918    -8.54   13.07
-121162.688    29.758   -11.02   10.53
-120875.867    28.946    -2.83    9.29
-120589.040    30.082     3.96   10.25
-120302.207    33.926    13.40   10.68
-120015.370    37.436    12.24   10.69
-119728.527    40.553    10.87   10.30
-119441.679    43.433    10.04    9.24
-119154.825    45.862     8.47    6.84
-118867.966    47.255     4.86    4.91
-118581.102    48.212     3.34    5.17
-118294.232    48.939     2.53    6.37
-118007.357    50.595     5.77    7.26
-117720.477    51.603     3.51    8.01
-117433.592    52.883     4.46    8.45
-117146.701    54.979     7.30    8.44
-116859.805    56.697     5.99    7.41
-116572.903    57.086     1.35    6.39
-116285.996    56.709    -1.31    5.13
-115999.084    57.180     1.64    4.64
-115712.167    57.290     0.38    4.11
-115425.244    57.135    -0.54    4.13
-115138.316    55.675    -5.09    5.13
-114851.382    53.840    -6.39    6.54
-114564.443    51.744    -7.31    7.83
-114277.499    48.780   -10.33    8.73
-113990.550    46.419    -8.23    7.98
-113703.595    44.026    -8.34    6.97
-113416.635    41.250    -9.67    6.93
-113129.669    38.911    -8.15    7.75
-112842.699    37.023    -6.58    8.20
-112555.723    37.020    -0.01    8.40
-112268.741    38.720     5.92    9.54
-111981.754    39.990     4.42   11.03
-111694.762    42.465     8.62   12.26
-111407.765    47.036    15.93   12.21
-111120.920    52.302    18.36    9.43
-110834.977    55.855    12.43    7.27
-110549.030    58.422     8.98    6.25
-110263.079    59.772     4.72    5.98
-109977.122    60.668     3.14    5.27
-109691.162    60.779     0.39    4.64
-109405.197    60.750    -0.10    4.32
-109119.227    59.869    -3.08    4.76
-108833.253    58.681    -4.16    5.55
-108547.274    57.332    -4.72    5.54
-108261.290    56.182    -4.02    5.18
-107975.302    56.398     0.75    5.06
-107689.310    57.248     2.97    5.89
-107403.313    58.948     5.94    7.01
-107117.311    62.719    13.19    8.50
-106831.305    66.700    13.92    9.51
-106545.294    70.481    13.22   10.41
-106259.279    71.912     5.00   11.13
-105973.260    71.354    -1.95   12.36
-105687.235    70.443    -3.19   13.31
-105401.206    69.605    -2.93   13.65
-105115.173    67.438    -7.57   13.11
-104829.135    65.761    -5.86   12.32
-104543.092    63.063    -9.43   11.38
-104257.045    62.416    -2.26    9.70
-103970.994    63.224     2.83    8.38
-103684.938    65.329     7.36    8.86
-103398.877    68.478    11.01   10.94
-103112.812    73.703    18.27   12.44
-102826.742    78.954    18.36   12.66
-102540.667    84.637    19.86   11.21
-102254.588    90.212    19.49    9.34
-101968.505    94.723    15.77    7.60
-101682.417    97.522     9.78    5.88
-101396.324    98.169     2.26    5.09
-101110.227    97.740    -1.50    5.24
-100824.125    95.793    -6.81    6.76
-100538.019    92.009   -13.23    9.17
-100251.908    87.883   -14.42   10.08
 -99965.793    83.578   -15.05   10.58
 -99679.673    80.093   -12.18   11.21
 -99393.549    76.316   -13.20   11.70
 -99107.419    73.252   -10.71   11.48
 -98821.286    70.990    -7.91   12.14
 -98535.148    68.032   -10.34   13.68
 -98249.005    63.465   -15.96   15.38
 -97962.858    58.259   -18.19   15.41
 -97676.706    53.394   -17.00   13.23
 -97390.550    49.310   -14.27   10.18
 -97104.389    47.543    -6.17    8.75
 -96818.223    47.429    -0.40    8.49
 -96532.053    47.855     1.49    8.78
 -96245.878    48.461     2.12    8.53
 -95959.699    48.208    -0.88    8.17
 -95673.516    47.418    -2.76    7.93
 -95387.327    45.876    -5.39    7.69
 -95101.134    43.619    -7.89    7.87
 -94814.937    40.329   -11.49    9.06
 -94528.735    35.411   -17.18   11.63
 -94242.528    29.952   -19.07   14.44
 -93956.317    23.297   -23.25   15.05
 -93670.102    16.689   -23.09   13.28
 -93383.881    11.269   -18.94    9.78
 -93097.657     7.344   -13.71    5.78
 -92811.427     5.217    -7.43    2.36
 -92525.193     4.516    -2.45    0.86
 -92238.955     4.363    -0.54    0.77
 -91952.712     4.195    -0.59    0.83
 -91666.464     4.056    -0.49    0.87
 -91380.212     3.946    -0.38    0.93
 -91093.955     3.829    -0.41    1.10
 -90807.694     3.621    -0.72    1.03
 -90521.428     3.519    -0.36    0.80
 -90235.158     3.469    -0.17    0.74
 -89948.883     3.305    -0.57    0.63
 -89662.603     3.196    -0.38    0.57
 -89376.319     3.173    -0.08    0.55
 -89090.031     3.121    -0.18    0.48
 -88803.737     3.066    -0.19    0.42
 -88517.439     3.024    -0.15    0.34
 -88231.137     3.058     0.12    0.38
 -87944.830     3.231     0.60    0.74
 -87658.519     3.394     0.57    0.92
 -87372.202     3.926     1.86    2.88
 -87085.882     4.626     2.45    3.98
 -86799.557     4.640     0.05    4.03
 -86513.227     4.349    -1.02    4.03
 -86226.892     4.120    -0.80    4.09
 -85940.554     3.855    -0.92    4.07
 -85654.210     3.142    -2.49    2.06
 -85367.862     2.550    -2.07    1.29
 -85081.509     2.177    -1.30    0.63
 -84795.152     2.039    -0.48    0.36
 -84508.790     1.981    -0.20    0.29
 -84222.424     1.898    -0.29    0.08
 -83936.053     1.890    -0.02    0.00
 -83649.678     1.983     0.32    0.57
 -83363.297     2.050     0.24    0.67
 -83076.913     2.142     0.32    0.71
 -82790.524     2.149     0.02    0.47
 -82504.130     2.271     0.42    0.52
 -82217.731     2.486     0.75    0.73
 -81931.329     2.806     1.12    1.10
 -81644.921     3.308     1.75    1.71
 -81358.509     3.753     1.55    2.16
 -81072.092     3.771     0.06    2.14
 -80785.671     3.727    -0.15    2.18
 -80499.245     3.569    -0.55    2.17
 -80212.815     3.835     0.93    2.40
 -79926.380     4.135     1.05    2.59
 -79639.940     4.022    -0.39    2.45
 -79353.496     3.977    -0.16    2.28
 -79067.048     4.219     0.85    2.32
 -78780.594     4.772     1.93    2.37
 -78494.137     5.108     1.17    2.23
 -78207.674     5.387     0.97    2.47
 -77921.207     6.170     2.73    3.44
 -77634.736     7.782     5.63    4.88
 -77348.259     9.833     7.16    6.35
 -77061.779    12.428     9.06    8.91
 -76775.293    16.794    15.24   12.14
 -76488.804    22.773    20.87   14.62
 -76202.309    29.502    23.49   15.79
 -75915.810    36.459    24.28   15.26
 -75629.306    41.181    16.48   13.24
 -75342.798    42.836     5.78   11.06
 -75056.285    43.632     2.78    9.85
 -74769.768    42.841    -2.76   10.17
 -74483.246    41.890    -3.32   10.07
 -74196.720    41.905     0.05    9.68
 -73910.189    43.154     4.36   10.05
 -73623.653    46.301    10.98   10.25
 -73337.113    48.555     7.86    8.79
 -73050.568    47.969    -2.04    7.89
 -72764.018    45.869    -7.33    9.21
 -72477.464    43.383    -8.67    9.77
 -72190.906    40.932    -8.55    9.87
 -71904.343    39.904    -3.59    9.39
 -71617.775    40.743     2.93    9.31
 -71331.202    42.472     6.03    9.08
 -71044.626    44.841     8.27    8.98
 -70758.044    47.177     8.15    8.48
 -70471.458    49.282     7.34    8.43
 -70184.867    50.808     5.32    8.29
 -69898.272    52.011     4.20    7.31
 -69611.672    54.019     7.01    6.89
 -69325.068    56.366     8.19    6.38
 -69038.459    58.401     7.10    6.14
 -68751.845    60.814     8.42    6.30
 -68465.227    63.331     8.78    6.44
 -68178.604    66.273    10.27    6.84
 -67891.977    69.812    12.35    7.80
 -67605.345    72.855    10.62    8.63
 -67318.708    76.217    11.73    8.53
 -67032.067    78.828     9.11    7.29
 -66745.421    79.790     3.36    5.86
 -66458.771    80.340     1.92    5.03
 -66172.116    80.012    -1.15    4.82
 -65885.457    79.235    -2.71    5.07
 -65598.793    77.529    -5.95    5.28
 -65312.124    75.247    -7.96    4.92
 -65025.451    73.056    -7.64    4.34
 -64738.773    71.286    -6.17    3.89
 -64452.090    69.967    -4.60    3.30
 -64165.403    68.793    -4.10    3.33
 -63878.712    67.133    -5.79    3.81
 -63592.015    65.734    -4.88    4.22
 -63305.315    64.448    -4.49    4.36
 -63018.609    63.117    -4.64    4.35
 -62731.899    61.481    -5.71    4.39
 -62445.185    59.800    -5.86    4.46
 -62158.465    58.716    -3.78    4.26
 -61871.742    58.468    -0.86    4.24
 -61585.013    58.623     0.54    4.56
 -61298.280    58.855     0.81    4.88
 -61011.543    59.196     1.19    5.59
 -60724.801    60.085     3.10    6.20
 -60438.054    60.962     3.06    6.86
 -60151.303    62.026     3.71    7.24
 -59864.547    62.948     3.21    7.29
 -59577.786    63.058     0.39    7.55
 -59291.021    63.980     3.21    6.70
 -59004.251    65.142     4.05    5.14
 -58717.477    65.426     0.99    4.50
 -58430.698    64.593    -2.91    4.65
 -58143.915    63.137    -5.08    5.60
 -57857.126    61.299    -6.41    5.89
 -57570.334    59.304    -6.95    5.47
 -57283.536    58.188    -3.89    4.38
 -56996.734    57.961    -0.79    3.90
 -56709.928    59.269     4.56    5.39
 -56423.117    61.296     7.07    6.99
 -56136.301    63.267     6.87    7.66
 -55849.481    65.599     8.13    6.95
 -55562.656    67.207     5.61    5.99
 -55275.826    68.383     4.10    5.55
 -54988.992    68.177    -0.72    6.02
 -54702.154    66.564    -5.62    7.12
 -54415.310    64.360    -7.68    7.65
 -54128.462    61.496    -9.98    7.14
 -53841.610    59.624    -6.53    6.77
 -53554.753    58.185    -5.02    6.35
 -53267.891    56.829    -4.73    5.27
 -52981.025    55.432    -4.87    5.05
 -52694.154    54.240    -4.15    6.46
 -52407.278    52.811    -4.98    8.12
 -52120.398    50.108    -9.42    9.46
 -51833.514    46.779   -11.60    9.72
 -51546.624    44.203    -8.98    8.51
 -51259.730    42.557    -5.74    7.18
 -50972.832    42.506    -0.18    6.91
 -50685.929    44.101     5.56    7.32
 -50399.021    46.811     9.45    7.23
 -50112.109    49.118     8.04    6.16
 -49825.192    51.021     6.63    4.36
 -49538.270    52.000     3.41    2.79
 -49251.548    51.747    -0.88    3.13
 -48965.530    51.619    -0.45    3.17
 -48679.509    52.006     1.35    3.23
 -48393.484    52.651     2.26    3.52
 -48107.455    53.639     3.45    4.08
 -47821.422    54.801     4.06    4.69
 -47535.385    55.738     3.27    4.68
 -47249.345    57.099     4.76    3.59
 -46963.301    58.149     3.67    3.82
 -46677.252    58.359     0.73    4.37
 -46391.201    58.164    -0.68    4.69
 -46105.145    57.322    -2.95    5.14
 -45819.085    56.585    -2.58    5.17
 -45533.022    55.639    -3.31    5.70
 -45246.954    54.562    -3.76    5.77
 -44960.883    53.552    -3.53    5.60
 -44674.808    52.675    -3.07    5.51
 -44388.729    52.543    -0.46    4.92
 -44102.647    52.469    -0.26    4.36
 -43816.560    52.128    -1.19    4.22
 -43530.470    52.667     1.88    4.27
 -43244.376    53.476     2.83    4.17
 -42958.278    54.600     3.93    3.86
 -42672.176    55.260     2.31    3.79
 -42386.070    55.719     1.60    3.93
 -42099.961    55.953     0.82    4.00
 -41813.847    55.805    -0.52    4.07
 -41527.730    55.224    -2.03    4.11
 -41241.609    54.531    -2.42    4.03
 -40955.484    54.827     1.04    3.87
 -40669.356    55.924     3.83    3.87
 -40383.223    56.992     3.73    4.00
 -40097.087    57.737     2.60    4.00
 -39810.947    58.437     2.45    3.64
 -39524.802    59.351     3.19    3.07
 -39238.655    59.698     1.21    2.58
 -38952.503    59.352    -1.21    2.74
 -38666.347    58.754    -2.09    3.05
 -38380.188    58.488    -0.93    3.14
 -38094.025    58.465    -0.08    3.46
 -37807.857    58.174    -1.02    4.16
 -37521.687    58.493     1.12    5.31
 -37235.512    59.264     2.69    6.43
 -36949.333    59.781     1.81    6.90
 -36663.151    60.063     0.99    6.88
 -36376.964    59.730    -1.16    6.80
 -36090.774    59.507    -0.78    6.35
 -35804.580    59.462    -0.16    5.84
 -35518.382    59.226    -0.82    4.92
 -35232.181    59.404     0.62    4.21
 -34945.975    60.125     2.52    4.14
 -34659.766    60.890     2.67    4.02
 -34373.553    61.313     1.48    3.59
 -34087.335    61.273    -0.14    3.69
 -33801.115    61.320     0.16    3.80
 -33514.890    61.489     0.59    4.09
 -33228.661    61.766     0.97    4.48
 -32942.429    61.670    -0.34    4.47
 -32656.193    62.252     2.03    4.49
 -32369.952    63.174     3.22    4.10
 -32083.708    64.440     4.42    4.07
 -31797.461    65.210     2.69    4.30
 -31511.209    65.821     2.14    4.91
 -31224.953    67.147     4.63    5.36
 -30938.694    68.690     5.39    5.47
 -30652.431    70.475     6.23    5.97
 -30366.164    72.376     6.64    5.70
 -30079.893    74.174     6.28    5.20
 -29793.618    75.299     3.93    4.68
 -29507.340    76.252     3.33    4.29
 -29221.057    77.270     3.56    3.76
 -28934.771    77.738     1.63    3.49
 -28648.481    77.833     0.33    3.13
 -28362.187    78.090     0.90    3.17
 -28075.889    78.351     0.91    3.28
 -27789.587    78.862     1.78    3.06
 -27503.282    79.543     2.38    2.94
 -27216.972    80.249     2.47    3.30
 -26930.659    80.450     0.70    3.47
 -26644.342    80.052    -1.39    4.04
 -26358.021    79.248    -2.81    5.56
 -26071.696    78.024    -4.27    7.56
 -25785.368    76.732    -4.51    9.23
 -25499.035    74.815    -6.70    9.50
 -25212.699    73.525    -4.50    9.20
 -24926.359    72.656    -3.03    8.38
 -24640.015    70.490    -7.56    9.13
 -24353.667    67.644    -9.94   10.12
 -24067.315    66.002    -5.73   10.54
 -23780.960    64.459    -5.39   11.00
 -23494.600    63.377    -3.78   10.92
 -23208.237    61.883    -5.21   10.16
 -22921.870    61.024    -3.00    8.86
 -22635.499    59.905    -3.91    7.79
 -22349.124    58.635    -4.43    7.62
 -22062.745    55.689   -10.29    7.73
 -21776.363    52.070   -12.64    7.95
 -21489.976    48.953   -10.88    7.74
 -21203.586    45.869   -10.77    8.23
 -20917.192    42.890   -10.40    8.18
 -20630.794    40.236    -9.27    7.94
 -20344.392    37.095   -10.97    7.81
 -20057.987    34.173   -10.20    7.03
 -19771.577    32.814    -4.75    6.53
 -19485.164    33.429     2.15    7.56
 -19198.747    34.798     4.78    8.06
 -18912.326    34.590    -0.73    8.46
 -18625.901    33.458    -3.95    9.47
 -18339.472    32.085    -4.79   11.13
 -18053.039    28.980   -10.84   12.47
 -17766.603    25.363   -12.63   12.57
 -17480.162    21.045   -15.07   10.71
 -17193.718    17.351   -12.90    8.16
 -16907.270    14.566    -9.72    5.77
 -16620.818    12.940    -5.68    4.96
 -16334.362    11.297    -5.73    4.15
 -16047.903     9.780    -5.30    3.60
 -15761.439     8.807    -3.40    3.22
 -15474.972     8.089    -2.51    2.69
 -15188.501     7.498    -2.06    2.03
 -14902.026     7.032    -1.62    1.29
 -14615.547     7.008    -0.08    1.16
 -14329.064     7.111     0.36    1.13
 -14042.577     7.201     0.31    1.11
 -13756.087     7.102    -0.35    1.08
 -13469.593     6.961    -0.49    0.99
 -13183.094     6.898    -0.22    1.03
 -12896.592     6.792    -0.37    1.02
 -12610.086     6.628    -0.57    0.96
 -12323.577     6.534    -0.33    0.93
 -12037.063     6.502    -0.11    0.90
 -11750.546     6.469    -0.11    0.85
 -11464.024     6.412    -0.20    0.80
 -11177.499     6.448     0.12    0.79
 -10890.970     6.618     0.59    0.93
 -10604.437     6.918     1.05    1.14
 -10317.900     7.231     1.09    1.28
 -10031.360     7.426     0.68    1.38
  -9744.815     7.783     1.25    1.46
  -9458.267     8.252     1.64    1.70
  -9171.714     8.791     1.88    1.84
  -8885.158     9.007     0.75    1.87
  -8598.598     8.918    -0.31    2.06
  -8312.034     8.814    -0.36    2.30
  -8025.467     8.633    -0.63    2.41
  -7738.895     8.564    -0.24    2.47
  -7452.320     8.459    -0.37    2.40
  -7165.741     8.387    -0.25    2.37
  -6879.157     8.462     0.26    2.40
  -6592.570     8.462     0.00    2.38
  -6305.979     8.366    -0.33    2.32
  -6019.385     8.250    -0.40    2.27
  -5732.786     8.075    -0.61    2.19
  -5446.184     7.755    -1.12    1.88
  -5159.577     7.212    -1.89    1.36
  -4872.967     7.041    -0.60    1.22
  -4586.353     7.247     0.72    1.58
  -4299.735     7.600     1.23    2.28
  -4013.113     8.133     1.86    2.77
  -3726.488     8.207     0.26    2.99
  -3439.858     8.118    -0.31    3.05
  -3153.225     8.047    -0.25    3.04
  -2866.588     7.088    -3.35    3.44
  -2579.946     5.849    -4.32    3.97
  -2293.302     4.473    -4.80    3.65
  -2006.653     3.583    -3.10    3.36
  -1720.000     2.712    -3.04    3.26
  -1433.343     1.610    -3.85    2.88
  -1146.683     0.795    -2.84    2.35
   -860.019     0.366    -1.49    2.15
   -573.350     0.479     0.39    2.92
   -286.678     3.318     9.90   10.41
     -0.002     8.499    18.07   16.35
    286.677    15.036    22.80   19.59
    573.361    22.509    26.07   20.52
    860.049    28.931    22.40   18.62
   1146.740    34.129    18.13   14.55
   1433.435    39.033    17.11    7.01
   1720.134    38.940    -0.32    6.92
   2006.837    37.305    -5.71    8.39
   2293.544    35.466    -6.41    9.73
   2580.255    32.700    -9.65   11.27
   2866.970    30.473    -7.77   12.05
   3153.688    28.015    -8.57   12.77
   3440.410    24.545   -12.10   12.94
   3727.137    21.675   -10.01   12.59
   4013.867    19.585    -7.29   12.27
   4300.601    18.548    -3.62   12.32
   4587.338    17.414    -3.95   12.31
   4874.080    16.987    -1.49   12.62
   5160.826    17.725     2.57   12.77
   5447.575    17.200    -1.83   12.20
   5734.329    16.329    -3.04   11.25
   6021.086    16.580     0.87   10.32
   6307.847    17.069     1.70    9.83
   6594.612    16.781    -1.00    9.12
   6881.381    16.478    -1.06    8.58
   7168.153    15.848    -2.20    8.19
   7454.930    14.898    -3.31    8.00
   7741.710    14.123    -2.70    7.18
   8028.495    14.311     0.66    7.07
   8315.283    15.651     4.67    7.70
   8602.075    18.286     9.19    8.93
   8888.871    20.805     8.78    8.53
   9175.670    22.819     7.02    7.55
   9462.474    23.536     2.50    7.22
   9749.282    23.807     0.94    7.47
  10036.093    23.525    -0.98    7.10
  10322.908    23.277    -0.87    6.27
  10609.728    24.102     2.88    6.20
  10896.551    26.982    10.04    8.28
  11183.378    30.630    12.72   10.04
  11470.208    34.506    13.51    9.39
  11757.043    37.133     9.16    7.77
  12043.882    37.766     2.21    7.66
  12330.724    35.710    -7.17   10.64
  12617.347    30.557   -17.98   14.76
  12903.442    23.890   -23.30   16.26
  13189.541    17.153   -23.55   14.51
  13475.642    10.976   -21.59   10.81
  13761.747     6.681   -15.01    7.11
  14047.855     4.092    -9.05    4.91
  14333.966     2.189    -6.65    3.65
  14620.081     1.042    -4.01    3.42
  14906.198     0.444    -2.09    3.50
  15192.318    -0.287    -2.56    3.03
  15478.442    -0.769    -1.69    2.77
  15764.569    -0.883    -0.40    2.92
  16050.699    -0.797     0.30    3.10
  16336.831    -0.624     0.61    3.60
  16622.968     0.390     3.54    4.44
  16909.107     2.233     6.44    6.06
  17195.249     5.133    10.14    8.12
  17481.395     8.961    13.38    9.75
  17767.543    12.259    11.53    9.64
  18053.695    15.656    11.87    8.60
  18339.850    18.765    10.86    7.09
  18626.008    21.630    10.01    6.01
  18912.169    24.182     8.92    6.54
  19198.333    26.869     9.39    7.95
  19484.500    30.517    12.75    9.26
  19770.671    34.510    13.95    9.40
  20056.844    38.479    13.87    8.97
  20343.021    41.954    12.14    8.82
  20629.201    45.058    10.85    8.32
  20915.384    48.404    11.69    6.80
  21201.570    50.739     8.16    5.39
  21487.759    51.425     2.40    5.06
  21773.951    51.010    -1.45    5.25
  22060.147    50.221    -2.76    5.25
  22346.345    49.812    -1.43    5.23
  22632.547    49.997     0.64    5.06
  22918.752    49.876    -0.42    4.93
  23204.960    49.749    -0.45    4.51
  23491.171    50.329     2.03    4.61
  23777.385    51.009     2.38    4.61
  24063.603    50.051    -3.35    5.38
  24349.823    48.308    -6.09    5.89
  24636.047    46.437    -6.54    6.34
  24922.274    43.812    -9.17    7.74
  25208.503    42.002    -6.32    7.87
  25494.736    41.122    -3.07    8.22
  25780.973    40.747    -1.31    7.97
  26067.212    40.637    -0.38    7.73
  26353.454    41.314     2.37    8.17
  26639.700    43.667     8.22    7.91
  26925.948    46.476     9.81    6.66
  27212.200    47.255     2.72    6.81
  27498.455    47.183    -0.25    6.94
  27784.713    47.095    -0.31    6.73
  28070.974    46.509    -2.04    7.22
  28357.238    45.739    -2.69    8.36
  28643.506    45.161    -2.02    9.37
  28929.776    44.603    -1.95    9.54
  29216.050    44.148    -1.59    9.75
  29502.327    43.890    -0.90    9.72
  29788.607    43.353    -1.88    9.80
  30074.890    43.578     0.79    9.74
  30361.176    42.890    -2.40    9.57
  30647.465    41.197    -5.92    9.70
  30933.758    38.022   -11.09   11.24
  31220.053    34.408   -12.62   11.95
  31506.352    32.202    -7.71   11.15
  31792.654    30.619    -5.53   10.56
  32078.959    28.897    -6.01   10.07
  32365.267    28.292    -2.12   10.29
  32651.578    29.775     5.18   10.72
  32937.893    33.249    12.13    9.48
  33224.210    35.228     6.91    8.14
  33510.531    35.433     0.71    7.63
  33796.855    35.540     0.38    7.08
  34083.181    35.351    -0.66    6.62
  34369.511    35.527     0.61    5.58
  34655.845    36.321     2.77    5.15
  34942.181    38.049     6.04    5.06
  35228.520    39.765     5.99    4.77
  35514.863    40.974     4.22    4.86
  35801.209    42.316     4.69    4.96
  36087.557    43.912     5.57    4.56
  36373.909    44.635     2.53    4.53
  36660.265    44.203    -1.51    5.03
  36946.623    43.408    -2.78    5.13
  37232.984    42.781    -2.19    5.21
  37519.349    42.062    -2.51    5.38
  37805.716    41.127    -3.27    6.04
  38092.087    40.609    -1.81    6.70
  38378.461    40.320    -1.01    7.28
  38664.838    39.883    -1.52    7.55
  38951.218    39.147    -2.57    7.39
  39237.601    38.147    -3.49    6.77
  39523.988    37.627    -1.82    5.55
  39810.377    37.310    -1.11    4.43
  40096.770    37.120    -0.66    3.45
  40383.166    37.250     0.45    3.36
  40669.565    37.248    -0.01    3.99
  40955.967    37.412     0.57    4.67
  41242.372    37.989     2.02    5.20
  41528.781    38.453     1.62    5.71
  41815.192    38.754     1.05    6.04
  42101.607    38.787     0.11    6.18
  42388.025    38.897     0.39    6.14
  42674.446    39.252     1.24    6.04
  42960.870    39.555     1.06    6.03
  43247.297    40.140     2.04    6.06
  43533.727    40.793     2.28    6.10
  43820.161    41.183     1.36    6.19
  44106.597    41.185     0.01    6.13
  44393.037    41.367     0.63    6.07
  44679.480    41.932     1.97    5.93
  44965.926    42.279     1.21    5.52
  45252.375    43.132     2.98    5.14
  45538.827    44.279     4.01    4.86
  45825.283    45.606     4.63    4.53
  46111.741    46.511     3.16    4.08
  46398.203    47.135     2.18    3.72
  46684.668    48.020     3.09    3.31
  46971.136    49.110     3.80    3.59
  47257.607    49.948     2.93    4.62
  47544.081    50.522     2.00    6.16
  47830.559    50.869     1.21    7.33
  48117.039    51.578     2.48    8.98
  48403.523    52.158     2.02   10.21
  48690.010    52.322     0.57   11.29
  48976.500    52.312    -0.03   12.17
  49262.993    52.205    -0.37   12.96
  49549.489    52.048    -0.55   13.36
  49835.988    51.431    -2.15   13.06
  50122.491    51.155    -0.96   12.76
  50408.997    50.982    -0.60   11.95
