# NaN NaN NaN ;Mean Elev.(m), Avg Gradient(m/km), RMS Gradient(m/km) - SRTM1     
#   -8.487     NaN     NaN ;Mean Elev.(m), Avg Gradient(m/km), RMS Gradient(m/km) - ASTER GDEM
#   24.000  -1.861   4.952 ;Mean Elev.(m), Avg Gradient(m/km), RMS Gradient(m/km) - GMTED2010 
   1  52.528123  66.040874     8.992     8.937  5 54667.37019328 51.897
   2  52.527565  66.041817    11.629    12.159  5 54677.28583769 28.824
   3  52.526752  66.043522     4.758     4.762  5 54687.20148077 20.662
   4  52.524057  66.044441    12.267    12.499  5 54697.11712187 27.225
   5  52.526484  66.043592     9.493     8.853  5 54707.03276303 26.565
   6  52.528782  66.041368    11.444    11.849  4 54716.94841521 25.523
   7  52.531704  66.039149    10.065     9.985  4 54726.86406495 52.211
   8  52.530729  66.038638     9.468     8.871  4 54736.77971268 29.163
   9  52.526279  66.039943     9.506     9.477  4 54746.69535961 36.571
  10  52.529459  66.041664    10.872    10.902  4 54756.61100683 48.697
  11  52.527798  66.041572     9.082     9.076  4 54766.52665180 28.429
  12  52.527753  66.039647    11.425    11.424  4 54776.44229374 28.544
  13  52.533665  66.037982     9.399     9.423  4 54786.35793380 35.638
  14  52.531204  66.037763     9.165     9.174  4 54796.27357189 40.197
  15  52.527615  66.039518     9.525     9.470  4 54806.18920948 32.251
  16  52.528353  66.041360     9.890     9.913  5 54816.10484685 27.500
  17  52.526813  66.042105     9.928     9.730  5 54826.02049428 22.672
  18  52.528836  66.041683    10.983    11.190  4 54835.93613381 20.757
  19  52.527991  66.041702    11.223    11.241  5 54845.85178335 19.377
  20  52.526824  66.042403    11.395    11.336  4 54855.76743219 19.155
  21  52.524748  66.043721    11.982    11.781  4 54865.68308090 16.621
  22  52.525160  66.044140    11.831    12.007  5 54875.59872939 16.866
  23  52.524888  66.043189    11.701    11.823  4 54885.51437495 17.366
  24  52.527167  66.041106    11.683    11.806  4 54895.43001729 17.556
  25  52.531804  66.039451    11.304    11.267  4 54905.34565718 18.056
  26  52.531898  66.039142    11.278    11.262  4 54915.26129554 18.234
  27  52.528983  66.040006    12.141    12.277  4 54925.17693330 15.782
  28  52.526010  66.040883    16.237    13.907  4 54935.09257033 14.605
  29  52.528129  66.040838    11.977    12.372  4 54945.00820586 13.753
  30  52.532486  66.039459    13.087    13.061  4 54954.92383916 14.274
  31  52.533328  66.038093     9.119     9.097  4 54964.83948580 38.612
  32  52.533791  66.038196    13.104    13.079  4 54974.75513395 49.890
  33  52.527416  66.039561    15.021    15.021  4 54984.67078114 36.638
  34  52.526443  66.041277    15.814    15.806  4 54994.58642874 45.006
  35  52.526907  66.042177    15.002    14.974  5 55004.50207512 36.445
  36  52.526998  66.042169    11.488    10.888  5 55014.41771931 36.110
  37  52.526849  66.041967    10.000     9.228  4 55024.33336208 42.102
  38  52.526288  66.042575    11.487    11.854  4 55034.24900425 28.494
  39  52.526266  66.043260     8.456     8.401  4 55044.16464574 50.940
  40  52.526323  66.043060     8.734     7.552  4 55054.08028555 34.723
  41  52.527966  66.041543     8.278     7.475  5 55063.99592324 33.380
  42  52.528973  66.039919     7.574     7.515  5 55073.91156938 44.672
  43  52.533015  66.039103     7.430     7.429  4 55083.82721777 34.240
  44  52.530581  66.039315     7.694     7.688  4 55093.74286402 37.955
  45  52.526616  66.039893     8.851     8.838  4 55103.65851002 31.692
  46  52.526540  66.040433     9.793     9.797  4 55113.57415614 31.999
  47  52.527507  66.040043    11.506    11.552  4 55123.48979989 24.384
  48  52.529020  66.039172     8.614     8.591  4 55133.40544080 47.191
  49  52.528555  66.038359     8.544     7.787  4 55143.32107943 33.394
  50  52.529130  66.038761     8.424     8.415  4 55153.23671758 32.438
  51  52.528213  66.039830     8.731     8.753  4 55163.15235595 30.877
  52  52.526775  66.041020     8.621     8.652  4 55173.06799398 28.200
  53  52.527172  66.041576     9.942    11.052  5 55182.98363110 24.774
  54  52.527732  66.041912    11.960    11.968  4 55192.89928240 18.692
  55  52.526625  66.042437    11.832    11.620  5 55202.81493231 18.518
  56  52.527419  66.043223    11.972    11.963  4 55212.73058175 18.439
  57  52.527142  66.043438    11.395    11.337  5 55222.64623064 19.121
  58  52.528924  66.042528    11.221    11.417  4 55232.56187833 18.589
  59  52.528861  66.040757    11.262    11.364  4 55242.47752264 18.965
  60  52.527700  66.039278    11.299    11.271  4 55252.39316351 17.256
  61  52.532186  66.039176    10.796    10.717  4 55262.30880270 18.430
  62  52.530436  66.040007    10.847    10.882  4 55272.22444039 17.781
  63  52.529544  66.040539    10.039    10.222  4 55282.14007798 18.880
  64  52.529255  66.040112    10.478    10.868  5 55292.05571441 18.023
  65  52.533197  66.039138     9.277    10.093  4 55301.97134949 18.607
  66  52.532688  66.038336     9.145     8.559  4 55311.88699719 32.830
  67  52.531921  66.038597    14.569    14.586  4 55321.80264255 51.164
  68  52.531205  66.039738    14.183    14.161  4 55331.71828676 31.367
  69  52.529207  66.040953    14.813    14.752  4 55341.63393084 34.467
  70  52.526248  66.041332    13.216    13.119  4 55351.54957460 28.538
  71  52.527964  66.041458    12.628    12.650  4 55361.46521662 29.143
  72  52.527208  66.041660    12.260    12.383  5 55371.38085631 30.902
  73  52.526558  66.042392    10.811     9.890  5 55381.29649458 32.251
  74  52.528182  66.043296     9.512     9.482  4 55391.21213233 36.974
  75  52.528397  66.043150    11.776    11.666  4 55401.12776867 28.363
  76  52.527680  66.041568     7.859     7.851  5 55411.04341782 39.820
  77  52.527493  66.039309     8.670     7.777  4 55420.95906767 28.998
  78  52.530505  66.038130     8.863     8.152  4 55430.87471485 31.555
  79  52.527931  66.038750     8.586     8.585  4 55440.79035925 37.135
  80  52.528370  66.040285     8.402     8.392  4 55450.70600244 44.748
  81  52.528111  66.041021     9.259     9.254  4 55460.62164497 49.837
  82  52.531579  66.040216     9.703     9.719  4 55470.53728666 30.362
  83  52.529666  66.038532    10.403    10.409  4 55480.45292483 28.841
  84  52.531896  66.037670    10.004    10.046  3 55490.36856084 36.482
  85  52.529939  66.038281     9.435     9.463  4 55500.28419436 46.418
  86  52.526586  66.039970     9.614     9.621  4 55510.19983594 44.929
  87  52.527334  66.041462     9.970    10.019  5 55520.11548584 42.430
  88  52.525918  66.041843    10.693    10.706  4 55530.03113453 30.935
  89  52.527816  66.041554    10.385    10.309  5 55539.94678180 27.507
  90  52.527545  66.041447    11.077    11.011  5 55549.86242669 23.030
  91  52.528327  66.042286    10.814    10.956  4 55559.77807003 22.018
  92  52.526837  66.043403    11.218    11.165  5 55569.69371233 21.339
  93  52.526091  66.043367    11.032    11.000  5 55579.60935371 21.414
  94  52.530112  66.041588    11.014    11.004  4 55589.52499285 20.296
  95  52.530286  66.038769    10.909    10.962  4 55599.44062854 20.136
  96  52.532059  66.037267    10.826    10.895  4 55609.35626201 19.782
  97  52.529934  66.037954    11.014    11.128  4 55619.27189357 19.385
  98  52.529099  66.040300    11.008    11.096  4 55629.18754260 18.274
  99  52.525906  66.041334    11.209    11.261  4 55639.10319338 18.186
 100  52.526480  66.040294    11.292    11.448  4 55649.01884219 17.316
 101  52.531257  66.038243     7.993     7.907  3 55658.93448821 33.045
 102  52.531738  66.037236     9.741     8.456  4 55668.85013004 33.778
 103  52.529543  66.038409    11.844    11.806  4 55678.76576934 31.646
 104  52.528289  66.040759    14.271    14.275  4 55688.68140681 54.332
 105  52.527580  66.042362    57.038    65.563  4 55698.59704293  6.713
 106  52.525062  66.042147    12.797    12.768  4 55708.51267951 29.283
 107  52.529916  66.041487    14.046    14.038  4 55718.42833080 32.927
 108  52.529504  66.041270    13.065    12.944  4 55728.34397906 27.512
 109  52.526085  66.041920     9.632     9.633  4 55738.25962557 52.152
 110  52.526623  66.042966     8.563     8.589  4 55748.17527119 44.749
 111  52.526471  66.042857     7.546     7.569  5 55758.09091448 43.583
 112  52.530227  66.041303     7.816     7.830  4 55768.00655536 34.102
 113  52.528078  66.038721     7.772     7.497  4 55777.92219258 30.173
 114  52.532061  66.037355     9.694     9.037  3 55787.83782783 29.674
 115  52.532487  66.038130     8.952     8.554  4 55797.75346135 29.308
 116  52.529757  66.039938     7.235     7.211  4 55807.66910476 40.583
 117  52.529009  66.041316     7.475     7.227  4 55817.58475372 35.151
 118  52.531441  66.040579     7.355     7.355  4 55827.50039923 42.983
 119  52.529869  66.038633    10.546    10.896  4 55837.41603999 27.778
 120  52.532491  66.037360     9.762     9.310  3 55847.33167802 27.291
 121  52.529751  66.038287    10.221    10.229  4 55857.24731327 37.685
 122  52.530267  66.040771     9.581     9.556  4 55867.16295804 48.809
 123  52.524855  66.042682     8.270     8.263  4 55877.07860972 42.571
 124  52.525516  66.042959     9.153     9.104  5 55886.99425564 38.351
 125  52.528998  66.042163    10.398    10.373  4 55896.90989606 29.100
 126  52.526616  66.041108     9.931     9.773  4 55906.82553084 25.427
 127  52.525763  66.041409     9.533     8.959  4 55916.74117609 24.650
 128  52.527611  66.042367    10.009    10.257  5 55926.65682973 27.444
 129  52.524746  66.042385     8.522     8.512  4 55936.57247957 24.953
 130  52.528308  66.040939     9.946    10.081  5 55946.48812505 22.115
 131  52.529598  66.038788    10.611    10.693  4 55956.40376579 19.731
 132  52.531246  66.037694    10.645    10.696  4 55966.31940402 19.754
 133  52.529712  66.038500    10.866    10.866  4 55976.23504097 18.974
 134  52.528968  66.040186    10.968    10.933  4 55986.15067722 19.040
 135  52.527209  66.040969    11.017    11.112  4 55996.06631342 19.285
 136  52.531137  66.040406    10.676    10.675  4 56005.98196550 18.925
 137  52.530599  66.038738    10.759    10.814  4 56015.89761312 19.451
 138  52.531625  66.038257     9.663     9.513  4 56025.81325796 18.638
 139  52.529106  66.039428     8.676     8.185  4 56035.72890073 22.738
 140  52.529911  66.041551     8.574     8.582  4 56045.64454181 40.867
 141  52.526237  66.042832    14.436    14.409  4 56055.56017966 48.887
 142  52.525139  66.042830    13.957    13.981  4 56065.47581370 34.759
 143  52.524919  66.042076    14.446    14.458  4 56075.39145933 36.887
 144  52.527807  66.041895    12.783    12.607  4 56085.30710896 28.124
 145  52.527931  66.041913    12.931    12.883  5 56095.22275598 27.526
 146  52.527605  66.042002     9.902     9.892  4 56105.13840083 46.879
 147  52.527873  66.041307    10.702    10.517  4 56115.05403122 27.672
 148  52.529326  66.040280     8.630     8.643  4 56124.96966951 39.195
 149  52.530988  66.038930     8.349     8.297  4 56134.88530383 43.426
 150  52.530929  66.038455     8.362     8.422  3 56144.80094481 35.852
 151  52.531558  66.039058     9.438     8.922  4 56154.71659494 30.764
 152  52.529762  66.040126     8.172     8.213  4 56164.63224377 42.703
 153  52.526086  66.040612     8.199     8.255  4 56174.54789027 45.332
 154  52.531538  66.040475     8.213     8.153  4 56184.46353245 30.609
 155  52.530136  66.039381     9.132     9.151  4 56194.37917021 36.375
 156  52.532474  66.039117     9.990     9.655  4 56204.29480546 29.684
 157  52.527847  66.039885     9.170     9.102  4 56214.21043857 40.001
 158  52.525607  66.041567     8.742     8.759  4 56224.12607379 36.547
 159  52.526539  66.042858     8.826     8.851  4 56234.04172982 48.199
 160  52.527230  66.042969     7.787     7.658  5 56243.95738184 42.641
 161  52.527169  66.042364     9.119     9.126  4 56253.87302895 39.677
 162  52.528452  66.042141     8.944     8.959  4 56263.78867188 28.743
 163  52.528040  66.042181     8.735     8.741  4 56273.70431284 27.418
 164  52.526940  66.041864     8.433     8.445  4 56283.61995645 27.057
 165  52.526358  66.040883     8.594     8.439  4 56293.53560783 24.905
 166  52.528966  66.039514     9.556     9.559  4 56303.45125512 23.696
 167  52.529650  66.038785    10.018     9.810  4 56313.36689817 22.839
 168  52.531508  66.039340    10.100    10.005  4 56323.28253924 22.767
 169  52.527538  66.040280    10.093     9.903  4 56333.19817918 22.820
 170  52.527512  66.040652     9.711     9.541  4 56343.11381894 22.870
 171  52.529679  66.040258    10.723    10.746  4 56353.02945658 19.162
 172  52.531611  66.039505    10.785    10.733  4 56362.94509881 19.368
 173  52.532073  66.039475    10.898    10.961  4 56372.86074795 17.862
 175  52.526890  66.041862    11.354    11.371  5 56392.69203816 16.968
 176  52.527375  66.042770     7.294     7.306  5 56402.60768083 41.668
 177  52.528660  66.042941     9.067     9.029  4 56412.52332074 36.782
 178  52.527809  66.042308    12.514    12.397  5 56422.43895544 34.282
 179  52.527764  66.042101    12.722    12.606  4 56432.35459705 31.712
 180  52.528705  66.042440    12.478    12.529  4 56442.27024972 39.644
 181  52.526006  66.042675    59.009    58.810  5 56452.18589951 23.504
 182  52.525952  66.041956    12.132    12.087  4 56462.10154705 29.189
 183  52.529874  66.040553    10.539    10.431  4 56472.01719164 29.251
 184  52.529317  66.038993     8.631     8.758  4 56481.93283233 45.329
 185  52.530864  66.038753     7.669     7.793  4 56491.84846952 44.864
 186  52.529558  66.039572     9.048     8.874  4 56501.76410397 28.194
 187  52.526663  66.040593     8.045     7.301  4 56511.67973675 36.558
 188  52.528068  66.040919     8.451     8.655  5 56521.59538287 28.653
 189  52.527022  66.040217     7.526     7.318  4 56531.51103566 32.457
 191  52.530256  66.039519     8.971     8.329  4 56551.34233005 29.169
 192  52.526607  66.040899     7.561     7.582  4 56561.25797248 33.341
 193  52.524636  66.042670     7.556     7.615  4 56571.17361396 47.902
 194  52.525909  66.043742     8.581     8.565  4 56581.08925415 50.450
 195  52.527109  66.043069     7.977     7.914  4 56591.00489014 43.861
 196  52.529018  66.041932     9.042     9.058  4 56600.92053834 36.119
 197  52.529261  66.041426    58.212    58.290  4 56610.83618840 24.302
 198  52.525367  66.042079    13.940    13.959  4 56620.75183345 39.694
 199  52.524439  66.042824    11.847    11.915  4 56630.66747573 24.811
 200  52.527408  66.042319    11.580    11.490  5 56640.58311465 21.058
 201  52.526585  66.040186    11.712    11.618  4 56650.49876147 18.795
 202  52.529142  66.038310    11.185    11.263  4 56660.41441227 15.565
 203  52.531719  66.038238    11.006    10.861  3 56670.33005964 15.519
 204  52.530395  66.040145    10.986    10.996  4 56680.24570454 16.628
 205  52.527268  66.041833    11.093    11.164  4 56690.16134751 16.346
 206  52.527782  66.041977    11.247    11.228  5 56700.07698760 16.628
 207  52.528221  66.040348    11.359    11.329  4 56709.99262293 16.707
 208  52.531275  66.039214    10.805    10.685  4 56719.90826471 16.579
 209  52.532576  66.039739    10.125    10.087  4 56729.82391700 21.213
 210  52.527402  66.041772    11.570    11.830  4 56739.73956484 13.727
 211  52.526010  66.043908    13.368    13.451  4 56749.65520901 13.097
 212  52.523875  66.044358    24.625    24.552  4 56759.57084828 16.011
 213  52.526347  66.043230     9.259     9.342  5 56769.48648159 42.962
 214  52.525425  66.041681    11.102    11.088  4 56779.40213147 36.105
 215  52.526540  66.041250    13.076    13.050  4 56789.31778708 45.715
 216  52.526314  66.041932    16.706    16.681  4 56799.23343924 37.245
 217  52.526782  66.042961    16.499    16.535  5 56809.14908523 53.666
 218  52.528621  66.042701    13.605    13.595  4 56819.06472588 52.808
 219  52.529032  66.040839    13.553    13.588  4 56828.98036262 51.675
 220  52.532390  66.038648    13.426    13.418  4 56838.89599643 31.229
 221  52.531517  66.038020    12.480    12.660  4 56848.81162806 29.473
 222  52.528750  66.039616     8.960     8.962  4 56858.72728240 43.166
 223  52.527643  66.041832    12.186    12.039  5 56868.64293588 28.172
 224  52.528005  66.042547     8.409     8.375  4 56878.55858735 44.348
 225  52.529647  66.041555     7.955     7.911  4 56888.47423558 45.508
 226  52.528911  66.039986     8.425     8.419  5 56898.38988086 30.248
 227  52.526225  66.040039    11.520    11.633  4 56908.30552352 25.001
 228  52.527896  66.042072     8.625     8.626  4 56918.22116464 41.812
 229  52.524023  66.044128    10.286    10.257  4 56928.13680324 29.228
 230  52.525374  66.044776     9.471     8.960  5 56938.05243816 31.147
 231  52.525286  66.043370     8.705     8.737  5 56947.96807095 49.641
 232  52.528179  66.041613     8.016     8.016  4 56957.88372461 37.314
 233  52.528877  66.040750     8.866     8.776  4 56967.79937276 32.502
 234  52.525369  66.041233     9.677     9.567  4 56977.71501656 29.773
 235  52.526343  66.042265     9.711     9.184  5 56987.63065629 29.877
 236  52.527108  66.042016    10.492    10.425  5 56997.54628995 26.258
 237  52.526425  66.040436    11.012    11.095  4 57007.46193719 26.497
 238  52.532368  66.038912    10.218    10.364  4 57017.37759131 27.321
 239  52.531194  66.038520    10.949    10.910  3 57027.29324133 24.612
 240  52.531959  66.040126    10.818    10.826  4 57037.20888976 23.124
 241  52.527909  66.041728    11.178    11.298  4 57047.12453518 21.838
 242  52.527349  66.042374    11.243    11.571  4 57057.04017725 20.943
 243  52.529625  66.041446    11.334    11.551  4 57066.95581412 19.800
 244  52.529032  66.040508    18.688    17.197  5 57076.87144636 14.982
 245  52.528601  66.040524    12.590    12.685  4 57086.78707669 16.526
 246  52.526730  66.042327    15.487    15.268  5 57096.70273542 16.864
 247  52.524764  66.044050    23.597    24.310  4 57106.61839129 12.774
 248  52.525201  66.044551    15.051    15.001  4 57116.53404259 11.013
 249  52.525832  66.043425     9.633    10.058  5 57126.44968762 17.231
 250  52.526926  66.041863    11.927    12.015  5 57136.36532731 14.142
 251  52.527883  66.040948     8.334     7.924  4 57146.28096286 31.611
 252  52.526066  66.040968    13.513    13.481  4 57156.19659577 53.151
 253  52.527067  66.041493    16.610    16.555  4 57166.11223822 45.613
 254  52.525740  66.041573    17.706    17.730  4 57176.02789465 54.824
 255  52.530641  66.040760    16.027    15.956  4 57185.94354777 40.760
 256  52.530653  66.039521    12.500    12.086  4 57195.85919634 33.525
 257  52.531803  66.039279    11.334    11.216  4 57205.77483139 30.028
 258  52.529869  66.040296     9.634     9.489  4 57215.69047642 35.602
 259  52.530078  66.041645     9.308     9.338  4 57225.60612036 30.152
 260  52.526716  66.042100    10.351     9.674  4 57235.52176197 33.559
 261  52.527656  66.041700    10.262    10.259  4 57245.43740052 28.278
 262  52.526405  66.041068    10.288    10.046  4 57255.35303631 29.251
 263  52.528722  66.041622     9.120     9.137  4 57265.26867116 33.325
 264  52.528210  66.042858     8.697     8.767  4 57275.18431323 33.381
 265  52.525699  66.043858     9.191     9.210  4 57285.09997013 49.394
 266  52.526983  66.043687     8.655     8.683  4 57295.01562447 38.192
 267  52.524828  66.042561    10.236     9.770  4 57304.93127485 31.218
 268  52.526445  66.041580     8.588     8.564  4 57314.84692170 40.021
 269  52.528878  66.041381     8.230     8.168  4 57324.76256543 40.161
 270  52.527964  66.041461     8.419     8.440  4 57334.67820691 37.470
 271  52.526251  66.041384     8.341     8.356  4 57344.59384639 34.165
 272  52.529752  66.040974     8.347     8.332  4 57354.50950077 26.477
 273  52.529165  66.040148     9.590     9.395  4 57364.42514455 22.598
 274  52.529685  66.039541    10.904    11.095  5 57374.34078503 17.937
 275  52.527139  66.039793    11.333    11.222  4 57384.25642343 17.714
 276  52.526902  66.040499    11.334    11.316  4 57394.17206163 17.542
 277  52.527544  66.041212    11.723    11.702  5 57404.08769900 17.415
 278  52.527317  66.041371    11.386    11.225  5 57414.00334533 17.414
 279  52.527955  66.041450    11.815    11.884  5 57423.91899689 16.965
 280  52.529018  66.041925    11.948    11.899  4 57433.83464560 17.057
 281  52.527479  66.042941    12.263    12.530  4 57443.75029230 16.282
 282  52.524082  66.043765    11.899    11.872  4 57453.66593815 16.738
 283  52.527227  66.044060    21.397    22.733  4 57463.58158284 13.686
 284  52.526662  66.042886    18.171    17.660  4 57473.49722352 14.867
 285  52.529032  66.041630     8.892     8.461  4 57483.41286076 16.314
 286  52.528584  66.040837     7.702     6.956  4 57493.32849477 21.267
 287  52.529900  66.041259     9.147     9.099  4 57503.24412696 38.997
 288  52.527808  66.041657    15.043    15.015  4 57513.15977931 35.099
 289  52.527345  66.041301    13.204    13.185  4 57523.07543411 52.882
 290  52.529046  66.040202    59.716    59.082  4 57532.99108676 24.924
 291  52.527528  66.039191    12.946    12.929  4 57542.90673592 31.044
 292  52.527975  66.039385     9.867     9.934  4 57552.82238253 41.890
 293  52.530209  66.040622    12.148    12.201  4 57562.73802783 25.713
 294  52.527286  66.041610    10.366    10.048  5 57572.65367220 37.499
 295  52.528049  66.041800     9.808     9.131  5 57582.56931677 28.239
 296  52.526616  66.041314     9.897     9.691  4 57592.48495927 27.281
 297  52.526309  66.041135    11.134    11.338  4 57602.40059935 24.652
