# NaN NaN NaN ;Mean Elev.(m), Avg Gradient(m/km), RMS Gradient(m/km) - SRTM1     
#   16.303  -1.187   7.051 ;Mean Elev.(m), Avg Gradient(m/km), RMS Gradient(m/km) - ASTER GDEM
#   30.608  -1.023   6.932 ;Mean Elev.(m), Avg Gradient(m/km), RMS Gradient(m/km) - GMTED2010 
   1    28.146 54661.43717906 24.62  55.171602  66.124103 11.668 -100.00 -100.00 -100.00
   1    28.515 54661.43717965 27.00  55.178076  66.123982 15.291 -100.00 -100.00 -100.00
   1    28.637 54661.43718024 31.91  55.184549  66.123860 22.883 -100.00 -100.00 -100.00
   2    28.472 54671.35282473 22.81  55.175220  66.124134 13.937 -100.00 -100.00 -100.00
   2    28.626 54671.35282532 26.54  55.181694  66.124012 20.923 -100.00 -100.00 -100.00
   3   -16.983 54681.26846859 23.01  55.175895  66.125026 10.221 -100.00 -100.00 -100.00
   3   -16.512 54681.26846918 23.85  55.182368  66.124904 11.815 -100.00 -100.00 -100.00
   4    72.115 54691.18411093 15.29  55.172638  66.125892  9.237 -100.00 -100.00 -100.00
   4    75.630 54691.18411152 16.26  55.179112  66.125770  8.680 -100.00 -100.00 -100.00
   5     4.246 54701.09975176 14.86  55.178218  66.125776  5.854 -100.00 -100.00 -100.00
   5     4.932 54701.09975235 15.36  55.184691  66.125654  6.985 -100.00 -100.00 -100.00
   6    27.955 54711.01539804 22.96  55.173586  66.124515 11.951 -100.00 -100.00 -100.00
   6    28.733 54711.01539863 22.65  55.180059  66.124393  9.026 -100.00 -100.00 -100.00
   7    12.980 54720.93104942 16.27  55.175529  66.122912  5.323 -100.00 -100.00 -100.00
   7    13.265 54720.93105001 16.11  55.182001  66.122790  4.712 -100.00 -100.00 -100.00
   8    24.843 54730.84669764 34.93  55.171462  66.121748 21.671 -100.00 -100.00 -100.00
   8    24.696 54730.84669823 36.79  55.177934  66.121626 25.961 -100.00 -100.00 -100.00
   8    24.507 54730.84669882 41.02  55.184407  66.121504   -100 -100.00 -100.00 -100.00
   9    27.874 54740.76234498 25.64  55.175748  66.121648 16.224 -100.00 -100.00 -100.00
   9    28.475 54740.76234557 26.91  55.182221  66.121525 18.159 -100.00 -100.00 -100.00
  10    32.861 54750.67799193 20.06  55.176167  66.122058  6.335 -100.00 -100.00 -100.00
  10    28.618 54750.67799252 25.44  55.182640  66.121936 15.696 -100.00 -100.00 -100.00
  11    27.988 54760.59363876 29.20  55.177065  66.122304 16.232 -100.00 -100.00 -100.00
  11    28.506 54760.59363935 27.17  55.183538  66.122182 10.299 -100.00 -100.00 -100.00
  12    25.785 54770.50928276 37.94  55.172852  66.121917 25.873 -100.00 -100.00 -100.00
  12    26.610 54770.50928335 41.06  55.179326  66.121795 20.793 -100.00 -100.00 -100.00
  13    25.633 54780.42492418 43.97  55.176178  66.121145 24.454 -100.00 -100.00 -100.00
  13    25.681 54780.42492477 48.04  55.182651  66.121023   -100 -100.00 -100.00 -100.00
  14    24.293 54790.34056252 39.96  55.173777  66.120620 27.313 -100.00 -100.00 -100.00
  14    24.987 54790.34056311 41.96  55.180250  66.120498 18.890 -100.00 -100.00 -100.00
  15    24.389 54800.25619967 26.31  55.170331  66.121154 13.978 -100.00 -100.00 -100.00
  15    24.429 54800.25620026 32.59  55.176804  66.121032 28.891 -100.00 -100.00 -100.00
  15    24.499 54800.25620085 32.89  55.183278  66.120910 28.674 -100.00 -100.00 -100.00
  16    24.462 54810.17183729 27.99  55.171228  66.122157 23.258 -100.00 -100.00 -100.00
  16    24.627 54810.17183788 29.78  55.177702  66.122035 28.876 -100.00 -100.00 -100.00
  16    24.577 54810.17183847 31.81  55.184175  66.121913   -100 -100.00 -100.00 -100.00
  17    27.427 54820.08747685 23.09  55.176448  66.123188 11.599 -100.00 -100.00 -100.00
  17    28.623 54820.08747744 21.97  55.182921  66.123066 11.053 -100.00 -100.00 -100.00
  18    28.332 54830.00312917 19.09  55.177036  66.123502 15.443 -100.00 -100.00 -100.00
  18    28.273 54830.00312976 20.99  55.183510  66.123380 14.787 -100.00 -100.00 -100.00
  20    72.785 54849.83441700  1.21  55.177399  66.124344  2.987 -100.00 -100.00 -100.00
  20    72.704 54849.83441759  0.91  55.183873  66.124222  2.505 -100.00 -100.00 -100.00
  21    72.232 54859.75006561  1.29  55.177889  66.125354  2.708 -100.00 -100.00 -100.00
  21    68.602 54859.75006620  1.51  55.184362  66.125232  3.400 -100.00 -100.00 -100.00
  22    72.520 54869.66571403  0.85  55.175026  66.126059  2.671 -100.00 -100.00 -100.00
  22    71.607 54869.66571462  0.88  55.181500  66.125937  2.863 -100.00 -100.00 -100.00
  23    73.138 54879.58136150  2.28  55.173498  66.125269  3.157 -100.00 -100.00 -100.00
  23    73.008 54879.58136209  1.67  55.179972  66.125147  2.810 -100.00 -100.00 -100.00
  24    72.139 54889.49700617  2.32  55.175888  66.123251  2.752 -100.00 -100.00 -100.00
  24    73.473 54889.49700676  2.19  55.182361  66.123129  3.010 -100.00 -100.00 -100.00
  25    74.508 54899.41264754  1.05  55.176646  66.121325  2.753 -100.00 -100.00 -100.00
  25    74.275 54899.41264813  0.72  55.183119  66.121203  2.821 -100.00 -100.00 -100.00
  26    74.709 54909.32828629  2.10  55.173973  66.121162  2.735 -100.00 -100.00 -100.00
  26    74.458 54909.32828688  1.87  55.180446  66.121040  2.903 -100.00 -100.00 -100.00
  27    74.113 54919.24392414  3.19  55.175293  66.122214  3.033 -100.00 -100.00 -100.00
  27    73.754 54919.24392473  2.74  55.181767  66.122091  2.840 -100.00 -100.00 -100.00
  28    72.460 54929.15956135  6.57  55.172668  66.123094  2.945 -100.00 -100.00 -100.00
  28    71.846 54929.15956194  6.30  55.179141  66.122972  3.642 -100.00 -100.00 -100.00
  29    74.325 54939.07519789  1.46  55.172091  66.122531  2.488 -100.00 -100.00 -100.00
  29    74.043 54939.07519848  0.77  55.178564  66.122409  2.550 -100.00 -100.00 -100.00
  29    73.527 54939.07519907  0.75  55.185036  66.122287  2.911 -100.00 -100.00 -100.00
  30    74.740 54948.99083320  3.39  55.176115  66.121144  3.459 -100.00 -100.00 -100.00
  30    71.917 54948.99083379  3.18  55.182587  66.121022  3.029 -100.00 -100.00 -100.00
  31    27.843 54958.90647004 13.42  55.170961  66.120323  8.803 -100.00 -100.00 -100.00
  31    25.962 54958.90647063 18.72  55.177433  66.120201 14.877 -100.00 -100.00 -100.00
  31    28.749 54958.90647122 16.12  55.183905  66.120079 10.663 -100.00 -100.00 -100.00
  32    24.151 54968.82211865 26.95  55.171887  66.120762 24.572 -100.00 -100.00 -100.00
  32    28.034 54968.82211924 23.47  55.178359  66.120640 14.288 -100.00 -100.00 -100.00
  32    28.545 54968.82211983 23.38  55.184831  66.120518 12.714 -100.00 -100.00 -100.00
  33    30.590 54978.73776618 43.14  55.173415  66.122036 25.229 -100.00 -100.00 -100.00
  33    30.492 54978.73776677 47.22  55.179887  66.121914   -100 -100.00 -100.00 -100.00
  34    80.669 54988.65341372 20.44  55.175702  66.123038  8.456 -100.00 -100.00 -100.00
  34    80.757 54988.65341431 18.04  55.182175  66.122916  7.634 -100.00 -100.00 -100.00
  35    31.032 54998.56906106 32.83  55.174288  66.123226 16.461 -100.00 -100.00 -100.00
  35    31.234 54998.56906165 33.31  55.180760  66.123104 15.260 -100.00 -100.00 -100.00
  36    29.188 55008.48470691 25.14  55.176277  66.123171 12.119 -100.00 -100.00 -100.00
  36    29.249 55008.48470750 27.71  55.182750  66.123048 19.370 -100.00 -100.00 -100.00
  37    24.461 55018.40035070 37.99  55.176209  66.123417 24.984 -100.00 -100.00 -100.00
  37    24.679 55018.40035129 50.09  55.182682  66.123295   -100 -100.00 -100.00 -100.00
  38    28.457 55028.31599313 25.52  55.176420  66.124436 15.017 -100.00 -100.00 -100.00
  38    28.929 55028.31599372 26.34  55.182893  66.124314 15.308 -100.00 -100.00 -100.00
  39    24.699 55038.23163473 38.07  55.173259  66.125716 19.973 -100.00 -100.00 -100.00
  39    24.602 55038.23163532 40.11  55.179733  66.125594 23.022 -100.00 -100.00 -100.00
  40    23.255 55048.14727556 26.45  55.174134  66.126144 20.853 -100.00 -100.00 -100.00
  40    28.580 55048.14727615 25.19  55.180608  66.126022 15.000 -100.00 -100.00 -100.00
  41    21.972 55058.06291415 35.68  55.172204  66.124898 28.467 -100.00 -100.00 -100.00
  41    21.809 55058.06291474 36.19  55.178677  66.124776 26.535 -100.00 -100.00 -100.00
  42    27.585 55067.97855229 23.88  55.172169  66.122524 11.542 -100.00 -100.00 -100.00
  42    28.028 55067.97855288 26.54  55.178642  66.122402 14.996 -100.00 -100.00 -100.00
  42    28.601 55067.97855347 27.75  55.185115  66.122280 17.869 -100.00 -100.00 -100.00
  43    24.414 55077.89420233 33.26  55.171219  66.120653 14.849 -100.00 -100.00 -100.00
  43    23.319 55077.89420292 34.16  55.177691  66.120531 31.917 -100.00 -100.00 -100.00
  43    23.177 55077.89420351 35.39  55.184163  66.120409   -100 -100.00 -100.00 -100.00
  44    22.675 55087.80985035 36.28  55.174342  66.120594 30.817 -100.00 -100.00 -100.00
  44    23.593 55087.80985094 42.95  55.180814  66.120472 30.058 -100.00 -100.00 -100.00
  45    59.589 55097.72549615 22.93  55.170610  66.122051   -100 -100.00 -100.00 -100.00
  45    23.741 55097.72549674 30.04  55.177082  66.121929 13.597 -100.00 -100.00 -100.00
  45    24.582 55097.72549733 32.24  55.183555  66.121807 15.437 -100.00 -100.00 -100.00
  46    24.471 55107.64114187 41.05  55.171023  66.123232 19.908 -100.00 -100.00 -100.00
  46    24.448 55107.64114246 42.00  55.177497  66.123110 19.923 -100.00 -100.00 -100.00
  46    24.545 55107.64114305 46.43  55.183970  66.122987 26.587 -100.00 -100.00 -100.00
  47    25.843 55117.55678685 40.15  55.171276  66.122722 26.021 -100.00 -100.00 -100.00
  47    25.710 55117.55678744 38.32  55.177749  66.122600 19.490 -100.00 -100.00 -100.00
  47    25.910 55117.55678803 42.14  55.184222  66.122478   -100 -100.00 -100.00 -100.00
  48    28.095 55127.47242997 27.84  55.176160  66.120806 16.018 -100.00 -100.00 -100.00
  48    28.680 55127.47243056 27.90  55.182633  66.120684 14.891 -100.00 -100.00 -100.00
  49    23.510 55137.38807037 37.98  55.175958  66.119414 30.183 -100.00 -100.00 -100.00
  49    23.304 55137.38807096 40.12  55.182431  66.119292   -100 -100.00 -100.00 -100.00
  50    23.998 55147.30370852 32.50  55.171006  66.119927 21.423 -100.00 -100.00 -100.00
  50    24.095 55147.30370911 35.38  55.177479  66.119805 26.841 -100.00 -100.00 -100.00
  50    23.897 55147.30370970 36.88  55.183952  66.119683   -100 -100.00 -100.00 -100.00
  51    26.916 55157.21934677 31.76  55.174498  66.121913 22.507 -100.00 -100.00 -100.00
  51    23.916 55157.21934736 33.39  55.180972  66.121791 21.555 -100.00 -100.00 -100.00
  52    27.382 55167.13498444 26.64  55.172403  66.123693 13.408 -100.00 -100.00 -100.00
  52    27.979 55167.13498503 26.68  55.178877  66.123571 12.591 -100.00 -100.00 -100.00
  53    27.824 55177.05062222 27.57  55.176197  66.124173 17.145 -100.00 -100.00 -100.00
  53    28.058 55177.05062281 26.71  55.182671  66.124051 13.792 -100.00 -100.00 -100.00
  55    27.626 55196.88191624 21.28  55.173769  66.123173  8.594 -100.00 -100.00 -100.00
  55    27.914 55196.88191683 22.88  55.180243  66.123051 10.029 -100.00 -100.00 -100.00
  57    78.929 55216.71321553  1.79  55.177549  66.125592  3.078 -100.00 -100.00 -100.00
  57    71.548 55216.71321612  1.56  55.184023  66.125469  3.019 -100.00 -100.00 -100.00
  60    78.989 55246.46015244  0.22  55.173846  66.121633  2.688 -100.00 -100.00 -100.00
  60    79.979 55246.46015303  0.27  55.180320  66.121511  2.613 -100.00 -100.00 -100.00
  64    73.490 55286.12270675  1.00  55.175551  66.123541  2.928 -100.00 -100.00 -100.00
  64    73.370 55286.12270734  0.63  55.182024  66.123419  2.688 -100.00 -100.00 -100.00
  66    27.996 55305.95398146 22.35  55.172036  66.120706 16.203 -100.00 -100.00 -100.00
  66    28.186 55305.95398205 25.15  55.178508  66.120585 23.640 -100.00 -100.00 -100.00
  66    28.662 55305.95398264 25.31  55.184980  66.120462 20.855 -100.00 -100.00 -100.00
  67    25.293 55315.86962858 32.86  55.173698  66.119228 23.863 -100.00 -100.00 -100.00
  67    25.164 55315.86962917 32.85  55.180169  66.119106 25.392 -100.00 -100.00 -100.00
  68    29.377 55325.78527384 36.90  55.171110  66.120046 24.213 -100.00 -100.00 -100.00
  68    29.145 55325.78527443 37.80  55.177581  66.119924 32.734 -100.00 -100.00 -100.00
  68    29.388 55325.78527502 37.12  55.184053  66.119802 28.116 -100.00 -100.00 -100.00
  69    32.205 55335.70091842 43.39  55.174193  66.122223 22.353 -100.00 -100.00 -100.00
  69    31.844 55335.70091901 48.57  55.180666  66.122101   -100 -100.00 -100.00 -100.00
  70    28.714 55345.61656219 27.46  55.172809  66.124098  9.145 -100.00 -100.00 -100.00
  70    29.124 55345.61656278 28.34  55.179282  66.123976 10.547 -100.00 -100.00 -100.00
  71    28.903 55355.53220546 25.17  55.177517  66.124281  9.540 -100.00 -100.00 -100.00
  71    29.063 55355.53220605 31.69  55.183990  66.124159 24.191 -100.00 -100.00 -100.00
  72    28.757 55365.44784612 23.61  55.175649  66.123788 11.800 -100.00 -100.00 -100.00
  72    28.844 55365.44784671 26.43  55.182122  66.123666 17.242 -100.00 -100.00 -100.00
  73    28.373 55375.36348535 25.73  55.175016  66.123424 16.600 -100.00 -100.00 -100.00
  73    28.764 55375.36348594 26.20  55.181489  66.123302 18.710 -100.00 -100.00 -100.00
  74    25.363 55385.27912347 37.34  55.173766  66.124099 22.099 -100.00 -100.00 -100.00
  74    25.763 55385.27912406 42.15  55.180239  66.123977 22.789 -100.00 -100.00 -100.00
  75    65.529 55395.19476069  4.99  55.172264  66.125102  6.389 -100.00 -100.00 -100.00
  75    49.032 55395.19476128  8.07  55.178737  66.124980  9.954 -100.00 -100.00 -100.00
  76    23.238 55405.11040067 38.36  55.176381  66.125429 29.591 -100.00 -100.00 -100.00
  76    23.382 55405.11040126 41.51  55.182854  66.125307   -100 -100.00 -100.00 -100.00
  77    28.046 55415.02605224 26.38  55.177260  66.124074 18.241 -100.00 -100.00 -100.00
  77    28.853 55415.02605283 25.60  55.183732  66.123952 14.759 -100.00 -100.00 -100.00
  78    27.879 55424.94170009 23.41  55.171556  66.121701 11.679 -100.00 -100.00 -100.00
  78    28.284 55424.94170068 23.43  55.178028  66.121579 11.852 -100.00 -100.00 -100.00
  78    28.328 55424.94170127 29.73  55.184500  66.121457 28.542 -100.00 -100.00 -100.00
  79    28.009 55434.85734594 20.58  55.173009  66.119746  9.050 -100.00 -100.00 -100.00
  79    28.466 55434.85734653 21.86  55.179480  66.119624  9.946 -100.00 -100.00 -100.00
  80    27.944 55444.77299042 24.38  55.175392  66.119870 11.906 -100.00 -100.00 -100.00
  80    28.434 55444.77299101 27.57  55.181864  66.119748 17.896 -100.00 -100.00 -100.00
  81    25.511 55454.68863319 40.14  55.170725  66.121634 19.296 -100.00 -100.00 -100.00
  81    24.977 55454.68863378 41.43  55.177198  66.121512 25.153 -100.00 -100.00 -100.00
  81    24.801 55454.68863437 47.50  55.183670  66.121389   -100 -100.00 -100.00 -100.00
  82    32.975 55464.60427611 20.08  55.175987  66.123204  6.666 -100.00 -100.00 -100.00
  82    32.600 55464.60427670 21.17  55.182461  66.123082  7.844 -100.00 -100.00 -100.00
  83    25.276 55474.51991588 36.73  55.175891  66.122925 24.829 -100.00 -100.00 -100.00
  83    24.773 55474.51991647 34.31  55.182364  66.122803   -100 -100.00 -100.00 -100.00
  84    32.420 55484.43555224 22.49  55.170706  66.121139 11.401 -100.00 -100.00 -100.00
  84    32.278 55484.43555283 20.96  55.177179  66.121017  7.636 -100.00 -100.00 -100.00
  84    28.778 55484.43555342 23.28  55.183653  66.120895 10.029 -100.00 -100.00 -100.00
  85    31.497 55494.35118718 21.80  55.172928  66.119370  6.752 -100.00 -100.00 -100.00
  85    28.581 55494.35118777 24.82  55.179401  66.119248 11.358 -100.00 -100.00 -100.00
  86    24.509 55504.26682107 38.22  55.175416  66.119915 29.347 -100.00 -100.00 -100.00
  86    24.066 55504.26682166 36.14  55.181889  66.119793   -100 -100.00 -100.00 -100.00
  87    25.028 55514.18246995 40.33  55.173286  66.122195 24.710 -100.00 -100.00 -100.00
  87    25.161 55514.18247054 42.35  55.179759  66.122073 24.305 -100.00 -100.00 -100.00
  88    25.437 55524.09811965 40.16  55.174442  66.124317 30.996 -100.00 -100.00 -100.00
  88    25.556 55524.09812024 42.55  55.180916  66.124195 30.143 -100.00 -100.00 -100.00
  89    27.326 55534.01376727 24.85  55.172079  66.124961  9.301 -100.00 -100.00 -100.00
  89    25.378 55534.01376786 26.79  55.178553  66.124839 12.107 -100.00 -100.00 -100.00
  89    28.513 55534.01376845 26.14  55.185027  66.124717 10.947 -100.00 -100.00 -100.00
  90    27.767 55543.92941369 23.11  55.176895  66.124107  9.383 -100.00 -100.00 -100.00
  90    28.597 55543.92941428 22.38  55.183368  66.123985  7.993 -100.00 -100.00 -100.00
  91    27.990 55553.84505735 21.03  55.172696  66.123584  7.176 -100.00 -100.00 -100.00
  91    28.095 55553.84505794 20.23  55.179169  66.123462  5.482 -100.00 -100.00 -100.00
  93    69.691 55573.67634295  1.34  55.176288  66.124710  4.131 -100.00 -100.00 -100.00
  93    74.025 55573.67634354  0.21  55.182761  66.124588  3.689 -100.00 -100.00 -100.00
  94    27.966 55583.59198379 18.91  55.175133  66.124536  8.586 -100.00 -100.00 -100.00
  94    28.401 55583.59198438 19.29  55.181607  66.124414  7.685 -100.00 -100.00 -100.00
  99    73.940 55633.17017710  1.07  55.175639  66.121955  2.634 -100.00 -100.00 -100.00
  99    73.745 55633.17017769  0.48  55.182112  66.121833  2.460 -100.00 -100.00 -100.00
 100    73.456 55643.08582768  0.63  55.175988  66.122623  2.624 -100.00 -100.00 -100.00
 100    73.638 55643.08582827  0.47  55.182461  66.122501  2.836 -100.00 -100.00 -100.00
 102    23.430 55662.91711856 26.19  55.173624  66.120900 32.421 -100.00 -100.00 -100.00
 102    27.888 55662.91711915 27.06  55.180096  66.120778 32.180 -100.00 -100.00 -100.00
 103    24.959 55672.83275911 28.17  55.175532  66.120156 16.385 -100.00 -100.00 -100.00
 103    28.910 55672.83275970 24.46  55.182004  66.120034  9.523 -100.00 -100.00 -100.00
 104    28.642 55682.74839789 35.53  55.174600  66.120772 26.671 -100.00 -100.00 -100.00
 104    28.063 55682.74839848 36.03  55.181072  66.120649   -100 -100.00 -100.00 -100.00
 105    29.236 55692.66403548 25.67  55.176786  66.122521  9.296 -100.00 -100.00 -100.00
 105    29.042 55692.66403607 29.78  55.183259  66.122399 18.298 -100.00 -100.00 -100.00
 106    28.842 55702.57967128 25.15  55.176722  66.124180  6.228 -100.00 -100.00 -100.00
 106    29.236 55702.57967187 26.53  55.183195  66.124058  8.599 -100.00 -100.00 -100.00
 107    29.094 55712.49531430 26.45  55.173829  66.124850 11.873 -100.00 -100.00 -100.00
 107    29.004 55712.49531489 29.36  55.180302  66.124729 16.635 -100.00 -100.00 -100.00
 108    29.325 55722.41096396 26.95  55.176139  66.124492 14.723 -100.00 -100.00 -100.00
 108    29.487 55722.41096455 27.20  55.182612  66.124370 14.955 -100.00 -100.00 -100.00
 109    28.777 55732.32661114 24.12  55.173222  66.124275 11.282 -100.00 -100.00 -100.00
 109    28.833 55732.32661173 26.71  55.179696  66.124153 16.802 -100.00 -100.00 -100.00
 110    28.467 55742.24225757 25.65  55.175771  66.124233 15.811 -100.00 -100.00 -100.00
 110    28.429 55742.24225816 29.29  55.182244  66.124111 28.018 -100.00 -100.00 -100.00
 111    23.159 55752.15790219 33.82  55.172729  66.124276 26.913 -100.00 -100.00 -100.00
 111    23.982 55752.15790278 37.52  55.179202  66.124154 20.640 -100.00 -100.00 -100.00
 112    22.702 55762.07354498 42.98  55.174799  66.123587   -100 -100.00 -100.00 -100.00
 112    22.781 55762.07354557 44.38  55.181272  66.123464   -100 -100.00 -100.00 -100.00
 113    27.645 55771.98918458 27.75  55.172928  66.122454 24.640 -100.00 -100.00 -100.00
 113    28.253 55771.98918517 27.73  55.179401  66.122333 21.232 -100.00 -100.00 -100.00
 114    22.278 55781.90482098 32.66  55.174375  66.120979 20.238 -100.00 -100.00 -100.00
 114    23.182 55781.90482158 39.42  55.180847  66.120857 22.228 -100.00 -100.00 -100.00
 115    27.894 55791.82045445 22.80  55.172342  66.120647 12.351 -100.00 -100.00 -100.00
 115    27.925 55791.82045504 29.06  55.178814  66.120525 27.440 -100.00 -100.00 -100.00
 116    22.451 55801.73608767 35.81  55.175372  66.121211 23.799 -100.00 -100.00 -100.00
 116    22.925 55801.73608826 48.83  55.181844  66.121089   -100 -100.00 -100.00 -100.00
 117    22.341 55811.65173742 35.59  55.171315  66.122200 25.373 -100.00 -100.00 -100.00
 117    23.112 55811.65173801 38.28  55.177787  66.122079 20.471 -100.00 -100.00 -100.00
 117    22.404 55811.65173860 50.93  55.184260  66.121957 14.304 -100.00 -100.00 -100.00
 118    27.246 55821.56738636 25.05  55.175560  66.122433 17.372 -100.00 -100.00 -100.00
 118    27.939 55821.56738696 27.26  55.182033  66.122311 21.525 -100.00 -100.00 -100.00
 119    27.650 55831.48302996 27.08  55.173462  66.121937 22.417 -100.00 -100.00 -100.00
 119    28.247 55831.48303055 23.60  55.179935  66.121815 11.362 -100.00 -100.00 -100.00
 120    27.734 55841.39866939 27.46  55.175555  66.120944 25.058 -100.00 -100.00 -100.00
 120    27.984 55841.39866998 29.98  55.182028  66.120823 28.633 -100.00 -100.00 -100.00
 121    27.897 55851.31430524 24.91  55.172010  66.120773 15.405 -100.00 -100.00 -100.00
 121    28.424 55851.31430583 24.60  55.178483  66.120652 13.279 -100.00 -100.00 -100.00
 121    28.645 55851.31430642 27.19  55.184956  66.120530 17.961 -100.00 -100.00 -100.00
 122    28.255 55861.22993955 21.08  55.174219  66.121901  6.792 -100.00 -100.00 -100.00
 122    28.630 55861.22994014 20.67  55.180692  66.121779  6.517 -100.00 -100.00 -100.00
 123    23.729 55871.14559289 38.59  55.177455  66.123328   -100 -100.00 -100.00 -100.00
 123    23.686 55871.14559348 41.45  55.183929  66.123206   -100 -100.00 -100.00 -100.00
 124    27.335 55881.06124299 27.63  55.175486  66.124369 11.243 -100.00 -100.00 -100.00
 124    24.036 55881.06124358 31.27  55.181959  66.124247 22.406 -100.00 -100.00 -100.00
 125    27.249 55890.97688647 25.86  55.173636  66.124555 11.718 -100.00 -100.00 -100.00
 125    27.614 55890.97688706 26.10  55.180109  66.124433 11.214 -100.00 -100.00 -100.00
 126    27.137 55900.89252451 24.51  55.176055  66.124364 11.233 -100.00 -100.00 -100.00
 126    28.342 55900.89252510 22.73  55.182529  66.124242  7.436 -100.00 -100.00 -100.00
 127    27.531 55910.80815770 18.77  55.176693  66.124515  6.774 -100.00 -100.00 -100.00
 127    28.281 55910.80815829 19.29  55.183167  66.124393  6.546 -100.00 -100.00 -100.00
 129    70.222 55930.63946366  2.55  55.175284  66.124379  3.169 -100.00 -100.00 -100.00
 129    69.811 55930.63946425  2.40  55.181758  66.124257  3.155 -100.00 -100.00 -100.00
 134    74.196 55980.21766884  0.81  55.174601  66.122299  2.936 -100.00 -100.00 -100.00
 134    73.908 55980.21766943  0.54  55.181074  66.122177  2.749 -100.00 -100.00 -100.00
 135    73.865 55990.13330433  0.58  55.176540  66.122650  2.747 -100.00 -100.00 -100.00
 135    73.811 55990.13330492  0.10  55.183013  66.122528  2.399 -100.00 -100.00 -100.00
 136    74.255 56000.04894797  1.58  55.172941  66.122120  3.190 -100.00 -100.00 -100.00
 136    74.066 56000.04894856  1.39  55.179414  66.121998  2.714 -100.00 -100.00 -100.00
 137    74.672 56009.96459852  1.26  55.171383  66.121065  2.749 -100.00 -100.00 -100.00
 137    74.537 56009.96459911  0.77  55.177856  66.120944  2.562 -100.00 -100.00 -100.00
 137    74.132 56009.96459970  0.75  55.184328  66.120822  2.829 -100.00 -100.00 -100.00
 138    75.099 56019.88024515  1.93  55.171614  66.120763  2.841 -100.00 -100.00 -100.00
 138    74.681 56019.88024574  1.74  55.178086  66.120641  2.777 -100.00 -100.00 -100.00
 138    74.327 56019.88024633  1.54  55.184558  66.120519  2.690 -100.00 -100.00 -100.00
 139    74.455 56029.79588916  4.07  55.175641  66.121472  3.189 -100.00 -100.00 -100.00
 139    73.988 56029.79588975  4.01  55.182113  66.121350  3.454 -100.00 -100.00 -100.00
 140    22.525 56039.71153102 28.32  55.177085  66.122965 28.041 -100.00 -100.00 -100.00
 140    28.321 56039.71153161 25.64  55.183558  66.122843 19.226 -100.00 -100.00 -100.00
 141    26.062 56049.62717059 37.03  55.175831  66.124079   -100 -100.00 -100.00 -100.00
 141    26.157 56049.62717118 31.64  55.182304  66.123957   -100 -100.00 -100.00 -100.00
 142    28.594 56059.54280748 40.55  55.174385  66.124635 15.531 -100.00 -100.00 -100.00
 142    27.800 56059.54280807 43.70  55.180859  66.124513 25.389 -100.00 -100.00 -100.00
 143    30.122 56069.45844284 29.57  55.177621  66.124244 13.989 -100.00 -100.00 -100.00
 143    30.118 56069.45844343 30.42  55.184094  66.124122 16.471 -100.00 -100.00 -100.00
 144    28.957 56079.37409386 25.43  55.177175  66.124057 15.329 -100.00 -100.00 -100.00
 144    29.268 56079.37409446 28.36  55.183648  66.123935 21.535 -100.00 -100.00 -100.00
 145    28.513 56089.28974182 24.97  55.172925  66.124436 11.992 -100.00 -100.00 -100.00
 145    28.899 56089.28974241 25.70  55.179398  66.124314 13.990 -100.00 -100.00 -100.00
 146    28.216 56099.20538782 24.35  55.174506  66.124987 14.459 -100.00 -100.00 -100.00
 146    28.741 56099.20538841 25.98  55.180980  66.124865 12.497 -100.00 -100.00 -100.00
 147    25.715 56109.12101985 29.78  55.175941  66.124457 25.536 -100.00 -100.00 -100.00
 147    28.389 56109.12102044 29.29  55.182415  66.124335 21.696 -100.00 -100.00 -100.00
 148    23.171 56119.03666052 37.02  55.177081  66.122682 20.466 -100.00 -100.00 -100.00
 148    23.578 56119.03666111 50.07  55.183554  66.122560   -100 -100.00 -100.00 -100.00
 149    27.971 56128.95229682 23.12  55.170350  66.120845  8.595 -100.00 -100.00 -100.00
 149    28.119 56128.95229741 24.33  55.176822  66.120723  9.899 -100.00 -100.00 -100.00
 149    28.414 56128.95229800 29.00  55.183294  66.120601 18.670 -100.00 -100.00 -100.00
 150    28.107 56138.86793077 22.90  55.175073  66.119990  6.778 -100.00 -100.00 -100.00
 150    28.353 56138.86793136 27.74  55.181545  66.119868 12.604 -100.00 -100.00 -100.00
 151    28.075 56148.78357917 27.23  55.175796  66.121121 13.971 -100.00 -100.00 -100.00
 151    28.472 56148.78357976 29.87  55.182268  66.120999 15.385 -100.00 -100.00 -100.00
 152    23.122 56158.69922794 35.09  55.172707  66.122904 27.009 -100.00 -100.00 -100.00
 152    24.279 56158.69922853 37.79  55.179179  66.122782 17.021 -100.00 -100.00 -100.00
 153    28.133 56168.61487614 22.80  55.176078  66.123430  9.959 -100.00 -100.00 -100.00
 153    27.976 56168.61487673 28.24  55.182551  66.123308 26.850 -100.00 -100.00 -100.00
 154    22.467 56178.53052073 41.63  55.173064  66.122316   -100 -100.00 -100.00 -100.00
 154    22.693 56178.53052132 35.21  55.179537  66.122194 15.121 -100.00 -100.00 -100.00
 155    28.157 56188.44616131 23.82  55.174381  66.120765 10.749 -100.00 -100.00 -100.00
 155    28.041 56188.44616190 29.79  55.180854  66.120643 25.728 -100.00 -100.00 -100.00
 156    27.076 56198.36179801 23.86  55.170214  66.120467 14.019 -100.00 -100.00 -100.00
 156    31.939 56198.36179860 21.08  55.176687  66.120346  7.689 -100.00 -100.00 -100.00
 156    28.729 56198.36179919 24.33  55.183160  66.120223 12.872 -100.00 -100.00 -100.00
 157    24.786 56208.27743272 41.22  55.175568  66.121931 30.984 -100.00 -100.00 -100.00
 157    24.771 56208.27743331 44.46  55.182041  66.121809   -100 -100.00 -100.00 -100.00
 158    27.579 56218.19306505 23.26  55.172913  66.124272 10.681 -100.00 -100.00 -100.00
 158    27.971 56218.19306564 24.68  55.179387  66.124150 13.222 -100.00 -100.00 -100.00
 159    28.022 56228.10871062 24.79  55.178189  66.125485 12.055 -100.00 -100.00 -100.00
 159    28.403 56228.10871121 26.86  55.184663  66.125363 15.824 -100.00 -100.00 -100.00
 160    23.485 56238.02436450 35.62  55.174411  66.125087 32.032 -100.00 -100.00 -100.00
 160    23.297 56238.02436509 37.19  55.180885  66.124965   -100 -100.00 -100.00 -100.00
 161    23.718 56247.94001495 35.13  55.175371  66.124039 30.799 -100.00 -100.00 -100.00
 161    23.627 56247.94001554 36.20  55.181845  66.123917   -100 -100.00 -100.00 -100.00
 162    24.861 56257.85566024 28.69  55.174372  66.123531 16.688 -100.00 -100.00 -100.00
 162    23.795 56257.85566083 31.12  55.180845  66.123409 31.268 -100.00 -100.00 -100.00
 164    23.528 56277.68694266 22.02  55.173082  66.124997 11.370 -100.00 -100.00 -100.00
 164    23.498 56277.68694325 24.21  55.179556  66.124875 18.725 -100.00 -100.00 -100.00
 170    49.997 56337.18080931 10.39  55.173942  66.123257  8.282 -100.00 -100.00 -100.00
 170    29.599 56337.18080990 13.60  55.180415  66.123134 12.831 -100.00 -100.00 -100.00
 171    73.181 56347.09644752  1.42  55.171959  66.124021  3.462 -100.00 -100.00 -100.00
 171    71.597 56347.09644811  1.17  55.178433  66.123899  3.449 -100.00 -100.00 -100.00
 171    71.286 56347.09644870  1.31  55.184906  66.123777  3.454 -100.00 -100.00 -100.00
 172    73.888 56357.01208367  2.23  55.175304  66.122688  4.046 -100.00 -100.00 -100.00
 172    73.444 56357.01208426  1.21  55.181777  66.122566  2.688 -100.00 -100.00 -100.00
 173    72.632 56366.92773189  1.84  55.174261  66.120857  3.154 -100.00 -100.00 -100.00
 173    74.478 56366.92773248  0.90  55.180733  66.120735  3.151 -100.00 -100.00 -100.00
 176    70.961 56396.67466981  6.40  55.177783  66.124706  2.810 -100.00 -100.00 -100.00
 176    72.312 56396.67467040  6.21  55.184257  66.124584  3.127 -100.00 -100.00 -100.00
 177    27.748 56406.59031083 24.77  55.174892  66.126056 13.267 -100.00 -100.00 -100.00
 177    28.276 56406.59031142 25.49  55.181366  66.125934 13.424 -100.00 -100.00 -100.00
 178    25.524 56416.50594869 32.80  55.176515  66.125615 21.660 -100.00 -100.00 -100.00
 178    25.151 56416.50594928 32.24  55.182989  66.125493 22.130 -100.00 -100.00 -100.00
 179    28.962 56426.42158171 42.96  55.176953  66.124155 23.856 -100.00 -100.00 -100.00
 179    28.879 56426.42158230 48.12  55.183427  66.124034   -100 -100.00 -100.00 -100.00
 180    26.936 56436.33723171 41.73  55.171611  66.123371 22.773 -100.00 -100.00 -100.00
 180    26.870 56436.33723230 43.87  55.178084  66.123249 27.797 -100.00 -100.00 -100.00
 180    26.884 56436.33723289 48.15  55.184558  66.123127   -100 -100.00 -100.00 -100.00
 181    27.974 56446.25288346 21.34  55.171890  66.123691  9.005 -100.00 -100.00 -100.00
 181    28.466 56446.25288405 21.16  55.178363  66.123569  8.176 -100.00 -100.00 -100.00
 181    28.969 56446.25288464 23.09  55.184836  66.123447  9.402 -100.00 -100.00 -100.00
 182    28.388 56456.16853331 21.10  55.176911  66.124622  6.400 -100.00 -100.00 -100.00
 182    28.986 56456.16853390 21.37  55.183385  66.124500  5.832 -100.00 -100.00 -100.00
 183    26.422 56466.08417923 38.11  55.172861  66.124532 29.504 -100.00 -100.00 -100.00
 183    27.219 56466.08417982 40.89  55.179334  66.124410 21.604 -100.00 -100.00 -100.00
 184    24.293 56475.99982150 32.82  55.171136  66.122854 12.817 -100.00 -100.00 -100.00
 184    24.201 56475.99982209 32.80  55.177609  66.122732 13.331 -100.00 -100.00 -100.00
 184    24.495 56475.99982268 35.65  55.184081  66.122609 19.826 -100.00 -100.00 -100.00
 185    23.122 56485.91546061 31.68  55.173679  66.120559 30.882 -100.00 -100.00 -100.00
 185    28.198 56485.91546120 26.63  55.180151  66.120437 13.977 -100.00 -100.00 -100.00
 186    22.116 56495.83109645 35.23  55.171694  66.119855 24.783 -100.00 -100.00 -100.00
 186    22.270 56495.83109704 37.26  55.178166  66.119733 26.622 -100.00 -100.00 -100.00
 186    22.391 56495.83109763 50.11  55.184637  66.119611   -100 -100.00 -100.00 -100.00
 187    22.067 56505.74673125 29.27  55.175939  66.121168 25.282 -100.00 -100.00 -100.00
 187    28.238 56505.74673184 28.52  55.182411  66.121046 16.158 -100.00 -100.00 -100.00
 188    22.541 56515.66236429 34.24  55.177062  66.123409 18.207 -100.00 -100.00 -100.00
 188    22.087 56515.66236488 40.94  55.183535  66.123287   -100 -100.00 -100.00 -100.00
 189    26.793 56525.57801837 25.75  55.172630  66.124277 17.424 -100.00 -100.00 -100.00
 189    27.732 56525.57801897 27.09  55.179104  66.124155 19.192 -100.00 -100.00 -100.00
 190    27.928 56535.49366921 23.38  55.173818  66.123184 12.980 -100.00 -100.00 -100.00
 190    28.379 56535.49366980 22.67  55.180291  66.123062 11.887 -100.00 -100.00 -100.00
 192    22.432 56555.32496043 34.29  55.174446  66.121088 19.881 -100.00 -100.00 -100.00
 192    23.201 56555.32496102 41.12  55.180919  66.120966 25.221 -100.00 -100.00 -100.00
 193    27.856 56565.24060336 24.71  55.176324  66.122691 14.531 -100.00 -100.00 -100.00
 193    28.160 56565.24060395 23.86  55.182797  66.122569 13.294 -100.00 -100.00 -100.00
 194    23.281 56575.15624467 40.09  55.175272  66.125131 19.702 -100.00 -100.00 -100.00
 194    23.060 56575.15624526 44.25  55.181746  66.125009 22.412 -100.00 -100.00 -100.00
 195    23.694 56585.07188333 38.90  55.177666  66.126435 31.008 -100.00 -100.00 -100.00
 195    23.718 56585.07188392 42.02  55.184140  66.126313   -100 -100.00 -100.00 -100.00
 196    23.223 56594.98751942 40.21  55.174967  66.125959 29.080 -100.00 -100.00 -100.00
 196    23.779 56594.98752001 42.05  55.181441  66.125837 21.924 -100.00 -100.00 -100.00
 197    25.836 56604.90317215 35.29  55.173687  66.124433 16.230 -100.00 -100.00 -100.00
 197    25.059 56604.90317275 38.89  55.180160  66.124311 29.537 -100.00 -100.00 -100.00
 198    26.891 56614.81882032 40.97  55.175043  66.123315 22.676 -100.00 -100.00 -100.00
 198    26.298 56614.81882091 45.23  55.181516  66.123193   -100 -100.00 -100.00 -100.00
 199    24.518 56624.73446443 37.79  55.173682  66.123517 29.918 -100.00 -100.00 -100.00
 199    24.438 56624.73446502 40.98  55.180155  66.123395   -100 -100.00 -100.00 -100.00
 200    24.589 56634.65010619 28.05  55.177240  66.123962 25.740 -100.00 -100.00 -100.00
 200    24.452 56634.65010678 30.28  55.183713  66.123840 29.937 -100.00 -100.00 -100.00
 202    74.526 56654.48139583  0.60  55.171916  66.122825  2.639 -100.00 -100.00 -100.00
 202    73.580 56654.48139642  0.57  55.178389  66.122703  2.802 -100.00 -100.00 -100.00
 202    73.716 56654.48139701  0.33  55.184863  66.122581  2.919 -100.00 -100.00 -100.00
 205    74.803 56684.22833527  1.52  55.173214  66.121398  2.915 -100.00 -100.00 -100.00
 205    74.388 56684.22833586  1.07  55.179687  66.121275  2.647 -100.00 -100.00 -100.00
 206    73.629 56694.14397822  0.28  55.176153  66.122987  2.941 -100.00 -100.00 -100.00
 206    73.514 56694.14397881  0.24  55.182626  66.122865  2.675 -100.00 -100.00 -100.00
 208    72.159 56713.97524914  6.55  55.171955  66.123404  2.715 -100.00 -100.00 -100.00
 208    71.476 56713.97524973  6.77  55.178428  66.123282  2.814 -100.00 -100.00 -100.00
 208    71.081 56713.97525032  6.82  55.184901  66.123160  3.360 -100.00 -100.00 -100.00
 209    74.072 56723.89089933  1.90  55.175547  66.122170  4.195 -100.00 -100.00 -100.00
 209    73.519 56723.89089992  0.98  55.182019  66.122048  3.744 -100.00 -100.00 -100.00
 210    74.257 56733.80654962  1.50  55.173970  66.121985  3.436 -100.00 -100.00 -100.00
 210    73.585 56733.80655021  1.16  55.180442  66.121863  3.272 -100.00 -100.00 -100.00
 211    73.431 56743.72219681  4.09  55.176037  66.123488  3.763 -100.00 -100.00 -100.00
 211    73.115 56743.72219740  3.49  55.182510  66.123365  3.010 -100.00 -100.00 -100.00
 212    71.673 56753.63783946  3.44  55.175637  66.125418  2.482 -100.00 -100.00 -100.00
 212    71.005 56753.63784005  3.48  55.182110  66.125296  2.436 -100.00 -100.00 -100.00
 213    23.319 56763.55347653 36.37  55.173103  66.126364 30.326 -100.00 -100.00 -100.00
 213    23.098 56763.55347712 38.13  55.179577  66.126242   -100 -100.00 -100.00 -100.00
 214    24.131 56773.46911063 18.69  55.176148  66.125669 10.485 -100.00 -100.00 -100.00
 214    23.550 56773.46911122 20.82  55.182622  66.125547 15.208 -100.00 -100.00 -100.00
 215    25.157 56783.38476764 33.16  55.171494  66.124465   -100 -100.00 -100.00 -100.00
 215    25.014 56783.38476823 32.67  55.177968  66.124343   -100 -100.00 -100.00 -100.00
 215    25.188 56783.38476882 35.07  55.184442  66.124220   -100 -100.00 -100.00 -100.00
 216    30.417 56793.30042145 35.87  55.171864  66.123636 24.608 -100.00 -100.00 -100.00
 216    30.526 56793.30042204 36.95  55.178337  66.123514 26.872 -100.00 -100.00 -100.00
 216    30.899 56793.30042263 40.23  55.184810  66.123392 23.988 -100.00 -100.00 -100.00
 217    32.460 56803.21607243 32.03  55.172967  66.123563 14.015 -100.00 -100.00 -100.00
 217    32.457 56803.21607302 35.29  55.179440  66.123440 22.068 -100.00 -100.00 -100.00
 218    29.375 56813.13171540 25.07  55.172172  66.123713 10.315 -100.00 -100.00 -100.00
 218    29.345 56813.13171599 27.21  55.178645  66.123591 13.995 -100.00 -100.00 -100.00
 219    28.658 56823.04735489 25.21  55.171783  66.123279 16.110 -100.00 -100.00 -100.00
 219    29.241 56823.04735548 25.12  55.178256  66.123157 13.324 -100.00 -100.00 -100.00
 219    29.072 56823.04735607 30.50  55.184728  66.123034 29.280 -100.00 -100.00 -100.00
 220    76.968 56832.96299056 20.18  55.175155  66.122248  8.540 -100.00 -100.00 -100.00
 220    76.456 56832.96299115 24.84  55.181628  66.122126 28.705 -100.00 -100.00 -100.00
 221    28.993 56842.87862245 24.81  55.174587  66.121428  8.088 -100.00 -100.00 -100.00
 221    29.004 56842.87862304 30.00  55.181059  66.121306 15.093 -100.00 -100.00 -100.00
 222    28.722 56852.79426309 24.57  55.174890  66.121470  7.462 -100.00 -100.00 -100.00
 222    28.895 56852.79426368 29.42  55.181362  66.121348 14.615 -100.00 -100.00 -100.00
 223    28.269 56862.70991716 24.78  55.174777  66.122171 12.208 -100.00 -100.00 -100.00
 223    28.605 56862.70991775 26.10  55.181249  66.122049 16.289 -100.00 -100.00 -100.00
 224    74.823 56872.62557068  1.63  55.174708  66.123059  2.870 -100.00 -100.00 -100.00
 224    84.409 56872.62557127  1.28  55.181181  66.122937  2.631 -100.00 -100.00 -100.00
 225    23.438 56882.54122081 26.16  55.171443  66.123362 20.840 -100.00 -100.00 -100.00
 225    28.003 56882.54122140 25.55  55.177916  66.123240 17.845 -100.00 -100.00 -100.00
 225    28.536 56882.54122199 28.32  55.184390  66.123117 22.353 -100.00 -100.00 -100.00
 226    27.727 56892.45686769 24.24  55.171626  66.123108 11.933 -100.00 -100.00 -100.00
 226    28.481 56892.45686828 23.18  55.178099  66.122985 10.170 -100.00 -100.00 -100.00
 226    28.784 56892.45686887 27.68  55.184573  66.122863 17.447 -100.00 -100.00 -100.00
 227    28.558 56902.37251157 21.48  55.172803  66.122707  8.056 -100.00 -100.00 -100.00
 227    28.165 56902.37251216 26.36  55.179277  66.122584 17.771 -100.00 -100.00 -100.00
 228    27.727 56912.28815326 24.12  55.171190  66.123394 15.897 -100.00 -100.00 -100.00
 228    28.361 56912.28815385 23.60  55.177664  66.123272 11.112 -100.00 -100.00 -100.00
 228    28.538 56912.28815444 28.51  55.184138  66.123149 21.479 -100.00 -100.00 -100.00
 229    28.492 56922.20379404 23.61  55.177405  66.124399 11.731 -100.00 -100.00 -100.00
 229    28.559 56922.20379463 27.59  55.183879  66.124277 19.234 -100.00 -100.00 -100.00
 230    28.302 56932.11943179 22.46  55.175198  66.125601  6.136 -100.00 -100.00 -100.00
 230    28.102 56932.11943238 27.53  55.181672  66.125479 15.394 -100.00 -100.00 -100.00
 231    24.184 56942.03506439 35.39  55.173554  66.125830 26.810 -100.00 -100.00 -100.00
 231    24.038 56942.03506498 33.46  55.180028  66.125708 28.490 -100.00 -100.00 -100.00
 232    23.108 56951.95070699 38.08  55.171658  66.125187   -100 -100.00 -100.00 -100.00
 232    23.263 56951.95070758 39.84  55.178131  66.125065   -100 -100.00 -100.00 -100.00
 232    23.148 56951.95070817 42.34  55.184605  66.124943   -100 -100.00 -100.00 -100.00
 233    24.109 56961.86635809 37.78  55.172181  66.124218   -100 -100.00 -100.00 -100.00
 233    23.930 56961.86635868 40.45  55.178655  66.124096   -100 -100.00 -100.00 -100.00
 234    24.268 56971.78200437 25.44  55.173982  66.123822 13.326 -100.00 -100.00 -100.00
 234    23.976 56971.78200497 28.12  55.180455  66.123700 19.338 -100.00 -100.00 -100.00
 235    24.114 56981.69764622 38.94  55.172343  66.123885   -100 -100.00 -100.00 -100.00
 235    24.347 56981.69764681 40.73  55.178816  66.123763   -100 -100.00 -100.00 -100.00
 236    27.607 56991.61328407 22.65  55.175895  66.123624  8.275 -100.00 -100.00 -100.00
 236    28.468 56991.61328466 22.79  55.182368  66.123502  8.119 -100.00 -100.00 -100.00
 237    76.763 57001.52891620  1.04  55.175144  66.122801  2.663 -100.00 -100.00 -100.00
 237    79.023 57001.52891679  1.19  55.181617  66.122679  2.464 -100.00 -100.00 -100.00
 238    74.996 57011.44457334  2.13  55.171148  66.121852  2.928 -100.00 -100.00 -100.00
 238    78.069 57011.44457393  1.91  55.177621  66.121730  2.541 -100.00 -100.00 -100.00
 238    79.769 57011.44457452  1.63  55.184095  66.121608  2.542 -100.00 -100.00 -100.00
 240    77.052 57031.27587406  0.10  55.173715  66.121943  2.321 -100.00 -100.00 -100.00
 240    81.201 57031.27587465  0.08  55.180188  66.121821  2.378 -100.00 -100.00 -100.00
 241    71.001 57041.19152128  1.83  55.177211  66.122802  2.858 -100.00 -100.00 -100.00
 241    70.436 57041.19152187  1.73  55.183684  66.122679  3.073 -100.00 -100.00 -100.00
 242    73.869 57051.10716598  1.55  55.176062  66.123436  3.039 -100.00 -100.00 -100.00
 242    73.571 57051.10716657  1.37  55.182536  66.123314  3.222 -100.00 -100.00 -100.00
 243    73.712 57061.02280630  0.47  55.172575  66.123208  2.459 -100.00 -100.00 -100.00
 243    73.713 57061.02280689  0.38  55.179048  66.123086  2.691 -100.00 -100.00 -100.00
 244    73.219 57070.93844145  1.28  55.173153  66.122855  2.687 -100.00 -100.00 -100.00
 244    73.654 57070.93844204  0.60  55.179626  66.122733  2.617 -100.00 -100.00 -100.00
 245    72.223 57080.85407249  7.12  55.175828  66.123149  3.699 -100.00 -100.00 -100.00
 245    71.741 57080.85407308  6.86  55.182300  66.123027  3.163 -100.00 -100.00 -100.00
 246    70.601 57090.76971424  7.31  55.176982  66.124417  3.304 -100.00 -100.00 -100.00
 246    68.628 57090.76971483  7.61  55.183455  66.124295  3.609 -100.00 -100.00 -100.00
 247    70.883 57100.68537153  9.17  55.173125  66.125871  3.652 -100.00 -100.00 -100.00
 247    70.373 57100.68537212  8.67  55.179598  66.125749  3.088 -100.00 -100.00 -100.00
 248    70.993 57110.60102635  5.94  55.176655  66.126220  2.719 -100.00 -100.00 -100.00
 248    70.317 57110.60102694  5.92  55.183129  66.126098  3.195 -100.00 -100.00 -100.00
 249    71.175 57120.51667526  1.91  55.177097  66.125277  2.615 -100.00 -100.00 -100.00
 249    70.907 57120.51667585  1.76  55.183571  66.125155  2.612 -100.00 -100.00 -100.00
 251    73.612 57140.34795606  1.10  55.176069  66.123535  2.780 -100.00 -100.00 -100.00
 251    73.344 57140.34795665  0.77  55.182543  66.123413  2.604 -100.00 -100.00 -100.00
 252    23.582 57150.26359031 24.29  55.175052  66.124186 14.192 -100.00 -100.00 -100.00
 252    23.671 57150.26359090 23.45  55.181525  66.124064 12.668 -100.00 -100.00 -100.00
 253    31.619 57160.17922176 44.39  55.176699  66.124656 31.911 -100.00 -100.00 -100.00
 253    31.354 57160.17922235 49.81  55.183172  66.124534   -100 -100.00 -100.00 -100.00
 254    35.033 57170.09487452 44.38  55.174678  66.123902 20.899 -100.00 -100.00 -100.00
 254    34.762 57170.09487511 47.66  55.181151  66.123780 30.138 -100.00 -100.00 -100.00
 255    32.806 57180.01052964 42.55  55.171133  66.122310 26.161 -100.00 -100.00 -100.00
 255    32.974 57180.01053023 43.44  55.177605  66.122188 24.228 -100.00 -100.00 -100.00
 255    32.648 57180.01053082 49.81  55.184078  66.122066   -100 -100.00 -100.00 -100.00
 256    28.958 57189.92618135 26.06  55.174201  66.120932  5.641 -100.00 -100.00 -100.00
 256    29.428 57189.92618194 27.35  55.180672  66.120810  6.932 -100.00 -100.00 -100.00
 257    26.520 57199.84182930 38.42  55.175322  66.121186 16.644 -100.00 -100.00 -100.00
 257    25.594 57199.84182989 42.26  55.181794  66.121064   -100 -100.00 -100.00 -100.00
 259    28.103 57219.67310728 25.51  55.172991  66.123832 12.462 -100.00 -100.00 -100.00
 259    28.917 57219.67310787 24.62  55.179464  66.123710  9.574 -100.00 -100.00 -100.00
 260    70.393 57229.58875055  4.39  55.175937  66.123752  5.142 -100.00 -100.00 -100.00
 260    70.203 57229.58875114  3.06  55.182410  66.123630  3.867 -100.00 -100.00 -100.00
 261    28.632 57239.50439121 22.69  55.174690  66.123144 10.030 -100.00 -100.00 -100.00
 261    29.240 57239.50439180 21.86  55.181163  66.123022  8.469 -100.00 -100.00 -100.00
 262    28.210 57249.42002870 21.21  55.171284  66.122737  8.420 -100.00 -100.00 -100.00
 262    28.622 57249.42002929 21.23  55.177757  66.122615  8.472 -100.00 -100.00 -100.00
 262    29.070 57249.42002988 23.57  55.184230  66.122493 12.645 -100.00 -100.00 -100.00
 263    24.504 57259.33566447 39.24  55.174641  66.123462 21.422 -100.00 -100.00 -100.00
 263    25.068 57259.33566506 45.39  55.181115  66.123340 32.593 -100.00 -100.00 -100.00
 264    28.118 57269.25129847 22.16  55.172712  66.125180 12.896 -100.00 -100.00 -100.00
 264    28.685 57269.25129906 22.52  55.179186  66.125059 11.778 -100.00 -100.00 -100.00
 265    27.709 57279.16694985 26.50  55.175091  66.126564 13.961 -100.00 -100.00 -100.00
 265    28.465 57279.16695044 24.90  55.181565  66.126442 10.025 -100.00 -100.00 -100.00
 266    24.775 57289.08260578 38.32  55.176312  66.126439 27.388 -100.00 -100.00 -100.00
 266    23.941 57289.08260637 41.09  55.182786  66.126317 10.977 -100.00 -100.00 -100.00
 267    28.486 57298.99825882 24.90  55.177336  66.124995 12.337 -100.00 -100.00 -100.00
 267    28.509 57298.99825941 26.73  55.183809  66.124873 15.981 -100.00 -100.00 -100.00
 268    24.384 57308.91390781 40.39  55.173639  66.123239 32.349 -100.00 -100.00 -100.00
 268    24.273 57308.91390840 43.52  55.180112  66.123117   -100 -100.00 -100.00 -100.00
 269    24.348 57318.82955363 32.60  55.174399  66.122669 15.887 -100.00 -100.00 -100.00
 269    23.107 57318.82955422 35.81  55.180872  66.122547   -100 -100.00 -100.00 -100.00
 270    24.157 57328.74519655 31.27  55.177220  66.123310 29.650 -100.00 -100.00 -100.00
 270    24.024 57328.74519714 32.51  55.183692  66.123188   -100 -100.00 -100.00 -100.00
 271    23.998 57338.66083700 29.13  55.176935  66.124465 27.779 -100.00 -100.00 -100.00
 271    23.861 57338.66083759 30.24  55.183409  66.124342 31.885 -100.00 -100.00 -100.00
 272    25.112 57348.57648583 21.43  55.177375  66.124024 10.359 -100.00 -100.00 -100.00
 272    23.607 57348.57648642 23.84  55.183849  66.123902 17.361 -100.00 -100.00 -100.00
 273    27.900 57358.49213180 17.39  55.175900  66.122206  6.973 -100.00 -100.00 -100.00
 273    28.790 57358.49213239 17.07  55.182374  66.122084  6.808 -100.00 -100.00 -100.00
 274    74.975 57368.40777457  0.65  55.175023  66.120368  2.565 -100.00 -100.00 -100.00
 274    74.724 57368.40777516  0.07  55.181496  66.120246  2.477 -100.00 -100.00 -100.00
 278    73.261 57408.07032627  1.15  55.172211  66.124824  2.519 -100.00 -100.00 -100.00
 278    72.878 57408.07032686  1.08  55.178685  66.124703  2.724 -100.00 -100.00 -100.00
 279    73.596 57417.98597945  0.79  55.172691  66.123492  2.425 -100.00 -100.00 -100.00
 279    73.460 57417.98598004  0.76  55.179164  66.123371  2.594 -100.00 -100.00 -100.00
 280    74.585 57427.90162995  0.47  55.170976  66.122565  2.630 -100.00 -100.00 -100.00
 280    74.118 57427.90163054  0.22  55.177449  66.122443  2.682 -100.00 -100.00 -100.00
 281    74.110 57437.81727796  2.49  55.171171  66.123341  3.117 -100.00 -100.00 -100.00
 281    73.655 57437.81727855  2.39  55.177644  66.123219  2.940 -100.00 -100.00 -100.00
 281    73.127 57437.81727914  2.39  55.184117  66.123097  3.687 -100.00 -100.00 -100.00
 282    72.934 57447.73292487  2.61  55.174842  66.125395  2.669 -100.00 -100.00 -100.00
 282    72.499 57447.73292546  2.41  55.181316  66.125273  2.668 -100.00 -100.00 -100.00
 283    72.160 57457.64857018  9.49  55.172982  66.127035  2.821 -100.00 -100.00 -100.00
 283    70.499 57457.64857077  9.42  55.179456  66.126913  2.702 -100.00 -100.00 -100.00
 284    72.314 57467.56421301  5.92  55.172746  66.126736  2.750 -100.00 -100.00 -100.00
 284    71.840 57467.56421360  6.33  55.179221  66.126614  3.883 -100.00 -100.00 -100.00
 285    73.306 57477.47985197  2.19  55.173524  66.124681  2.539 -100.00 -100.00 -100.00
 285    72.967 57477.47985256  1.93  55.179998  66.124559  2.622 -100.00 -100.00 -100.00
 287    34.101 57497.31112109 17.40  55.172449  66.122314  8.057 -100.00 -100.00 -100.00
 287    25.849 57497.31112168 17.62  55.178923  66.122192  8.515 -100.00 -100.00 -100.00
 288    29.963 57507.22675946 41.66  55.173698  66.123643 21.181 -100.00 -100.00 -100.00
 288    29.974 57507.22676005 44.72  55.180171  66.123522 27.802 -100.00 -100.00 -100.00
 289    28.851 57517.14241594 41.68  55.176395  66.124542 22.032 -100.00 -100.00 -100.00
 289    28.889 57517.14241653 45.66  55.182868  66.124420 26.819 -100.00 -100.00 -100.00
 290    26.837 57527.05806922 39.61  55.174962  66.124185 20.197 -100.00 -100.00 -100.00
 290    26.606 57527.05806982 46.83  55.181435  66.124063   -100 -100.00 -100.00 -100.00
 291    28.954 57536.97372009 27.78  55.175827  66.122174 14.924 -100.00 -100.00 -100.00
 291    29.237 57536.97372069 28.32  55.182299  66.122052 16.869 -100.00 -100.00 -100.00
 292    25.596 57546.88936796 35.76  55.173177  66.120538 25.588 -100.00 -100.00 -100.00
 292    26.473 57546.88936855 41.50  55.179648  66.120416 18.463 -100.00 -100.00 -100.00
 293    26.119 57556.80501474 37.78  55.176548  66.120483 15.731 -100.00 -100.00 -100.00
 293    25.307 57556.80501533 49.96  55.183020  66.120361   -100 -100.00 -100.00 -100.00
 294    71.820 57566.72065958  6.70  55.172294  66.122470  4.226 -100.00 -100.00 -100.00
 294    70.976 57566.72066017  6.05  55.178767  66.122348  3.588 -100.00 -100.00 -100.00
 295    27.918 57576.63630417 22.58  55.173377  66.124284 12.521 -100.00 -100.00 -100.00
 295    28.065 57576.63630476 26.31  55.179850  66.124162 24.137 -100.00 -100.00 -100.00
 296    70.609 57586.55194788 16.08  55.176484  66.124748 12.036 -100.00 -100.00 -100.00
 296    70.265 57586.55194847 21.40  55.182958  66.124625 19.603 -100.00 -100.00 -100.00
 297    27.499 57596.46758900 27.95  55.176083  66.123938 24.410 -100.00 -100.00 -100.00
 297    28.256 57596.46758959 26.39  55.182556  66.123816 16.604 -100.00 -100.00 -100.00
