# NaN NaN NaN ;Mean Elev.(m), Avg Gradient(m/km), RMS Gradient(m/km) - SRTM1     
#   -6.105  -2.230  10.585 ;Mean Elev.(m), Avg Gradient(m/km), RMS Gradient(m/km) - ASTER GDEM
#   22.080  -1.685   5.608 ;Mean Elev.(m), Avg Gradient(m/km), RMS Gradient(m/km) - GMTED2010 
   1  52.502503  66.120038     8.807     8.447  4 54668.38595380 27.134
   2  52.501125  66.120860     7.731     7.756  5 54678.30159796 29.252
   3  52.503780  66.122421     5.905     6.154  4 54688.21724125 29.759
   4  52.500021  66.123531     8.219     8.209  4 54698.13288201 43.464
   6  52.502055  66.120425    10.400    10.385  5 54717.96417643 20.633
   7  52.502438  66.118107     9.823     9.816  4 54727.87982567 33.971
   8  52.505379  66.117380     8.993     8.529  5 54737.79547352 25.273
   9  52.503504  66.118448    39.965    40.046  4 54747.71112065 29.134
  10  52.502786  66.119757    10.543    10.555  4 54757.62676752 24.937
  11  52.501189  66.119941    39.880    39.926  4 54767.54241227 27.825
  12  52.501720  66.118498    10.852    10.816  5 54777.45805393 49.930
  13  52.503946  66.116867     8.914     9.029  3 54787.37369334 44.603
  14  52.506968  66.116588     9.938     9.913  4 54797.28933176 45.006
  15  52.504014  66.118326    38.949    38.939  5 54807.20496942 18.080
  16  52.503501  66.120209     9.711     9.490  4 54817.12060670 20.909
  17  52.501889  66.121160     9.375     9.380  5 54827.03625572 16.328
  18  52.503066  66.120774     9.589     9.411  5 54836.95189496 15.307
  19  52.502532  66.120726     9.959     9.984  5 54846.86754437 15.073
  20  52.502057  66.121218    10.219    10.176  5 54856.78319316 14.745
  21  52.501450  66.122278    10.190    10.223  4 54866.69884195 14.520
  22  52.501322  66.122447     9.870    10.007  4 54876.61449022 14.527
  23  52.499892  66.121514    17.393    10.301  4 54886.53013544 14.913
  24  52.502627  66.119496    22.141    25.329  5 54896.44577762 14.824
  25  52.502064  66.117982    17.521    10.420  4 54906.36141686 14.536
  26  52.502501  66.117822    32.744    39.910  4 54916.27705500 12.997
  27  52.500988  66.118703    39.717    39.602  4 54926.19269277 13.369
  28  52.502100  66.119442    39.745    39.751  5 54936.10833013  9.676
  29  52.501976  66.119409    39.804    39.725  5 54946.02396549 10.335
  30  52.504048  66.118316    39.351    39.394  5 54955.93959845 12.679
  31  52.502322  66.117308    39.815    39.865  5 54965.85524649 26.073
  32  52.505052  66.117356    17.789    12.784  5 54975.77089457 45.823
  33  52.502967  66.118676    19.697    14.978  5 54985.68654207 42.847
  34  52.503561  66.120015    14.435    14.414  4 54995.60218984 28.218
  35  52.501316  66.120794    14.587    14.601  4 55005.51783582 39.075
  36  52.501582  66.120933    12.277    12.380  5 55015.43347984 22.338
  37  52.501565  66.121028     8.661     8.723  4 55025.34912244 49.633
  38  52.502710  66.121747     8.984     9.044  4 55035.26476465 41.030
  39  52.502257  66.122268     7.765     7.763  4 55045.18040594 28.423
  40  52.501485  66.121846     6.557     6.491  5 55055.09604548 30.409
  41  52.502719  66.120155     6.591     6.598  5 55065.01168293 33.138
  42  52.501220  66.118610     6.725     6.811  4 55074.92733042 27.806
  43  52.502937  66.117861     6.953     6.984  4 55084.84297847 30.560
  44  52.500887  66.118333     7.086     7.050  5 55094.75862456 35.075
  45  52.503059  66.118820     8.281     8.225  5 55104.67427087 35.028
  46  52.502715  66.118907    10.332    10.315  5 55114.58991675 19.631
  47  52.502182  66.118260     9.575     9.435  4 55124.50556017 45.051
  48  52.502190  66.117558     7.962     7.987  4 55134.42120088 40.733
  49  52.503019  66.117237     7.753     7.662  4 55144.33683954 47.049
  50  52.502318  66.117987     7.713     7.599  5 55154.25247741 37.069
  51  52.500805  66.119081     8.016     8.068  5 55164.16811554 31.488
  52  52.501339  66.120183     8.434     7.931  5 55174.08375364 25.476
  53  52.501504  66.120589     9.747     9.834  4 55183.99939241 19.115
  54  52.502896  66.120764    10.064    10.057  5 55193.91504373 17.832
  55  52.500767  66.121336     9.552     9.310  4 55203.83069344 17.648
  56  52.501352  66.122174     8.750     8.868  4 55213.74634272 17.327
  57  52.499789  66.122348     9.211     9.262  4 55223.66199134 17.014
  58  52.501256  66.121078    15.420     9.723  5 55233.57763867 16.414
  59  52.502108  66.118969    39.504    39.315  4 55243.49328274 12.582
  60  52.501782  66.117409    15.377     8.957  5 55253.40892355 15.940
  61  52.503649  66.117396     9.886     9.897  5 55263.32456248 15.419
  62  52.502252  66.118823     9.611     9.639  4 55273.24020016 15.982
  63  52.500006  66.119721     9.185     9.213  4 55283.15583743 15.577
  64  52.501296  66.119114     8.368     8.262  4 55293.07147373 13.721
  65  52.503237  66.117654     7.625     7.628  4 55302.98711013 14.017
  66  52.506519  66.116608    39.488    39.431  4 55312.90275808 27.138
  67  52.500011  66.117350    30.007    27.670  5 55322.81840288 38.264
  68  52.502277  66.118858    34.411    39.078  5 55332.73404721 27.070
  69  52.501652  66.120185    13.876    13.915  4 55342.64969123 25.970
  70  52.501596  66.120387     9.746     9.830  4 55352.56533500 44.042
  71  52.502476  66.120173    17.638    12.210  5 55362.48097670 27.760
  72  52.503389  66.120343    10.667    10.554  4 55372.39661644 21.546
  73  52.499785  66.121386     9.696     9.724  4 55382.31225439 23.826
  74  52.504513  66.122348     9.313     9.380  4 55392.22789236 24.660
  75  52.501571  66.122498     7.961     7.980  5 55402.14352819 26.908
  76  52.503354  66.120745     7.407     7.453  4 55412.05917918 29.520
  77  52.503861  66.118213     7.714     6.980  5 55421.97482875 28.107
  78  52.506574  66.116546     7.138     7.172  4 55431.89047574 45.690
  79  52.502572  66.117266     8.121     8.150  4 55441.80612000 29.465
  80  52.500434  66.118930     8.004     7.973  5 55451.72176288 50.333
  81  52.502405  66.120001     8.943     8.726  5 55461.63740541 50.678
  82  52.500919  66.119169     9.242     9.280  5 55471.55304616 33.687
  83  52.503190  66.117399    14.725     8.336  5 55481.46868437 23.767
  84  52.505349  66.116188    24.902    24.834  4 55491.38432024 22.760
  85  52.505741  66.117068     9.144     9.246  5 55501.29995401 42.466
  86  52.501424  66.119229     9.319     9.348  4 55511.21559724 46.402
  87  52.501088  66.120871    10.329    10.290  5 55521.13124686 45.922
  88  52.501761  66.121185    10.107    10.112  4 55531.04689546 27.664
  89  52.503082  66.120454    10.078    10.043  4 55540.96254247 22.197
  90  52.502093  66.120067     9.852     9.839  4 55550.87818713 22.242
  91  52.502378  66.120775    10.260    10.204  4 55560.79383034 20.740
  92  52.502902  66.122052    10.237    10.323  4 55570.70947277 18.781
  93  52.500678  66.122312    10.262    10.349  4 55580.62511389 18.018
  94  52.502105  66.120496     9.938     9.904  5 55590.54075244 18.201
  95  52.502130  66.117778    16.083    10.167  5 55600.45638773 17.493
  96  52.504904  66.116140    24.989    24.687  4 55610.37202101 16.319
  97  52.500006  66.117123    10.039    10.063  5 55620.28765233 16.248
  98  52.501086  66.119345     9.986    10.057  4 55630.20330383 15.808
  99  52.502007  66.120534    10.018     9.898  5 55640.11895483 15.102
 100  52.501802  66.119515    10.076    10.006  4 55650.03460326 14.579
 101  52.505400  66.117090    39.616    39.613  5 55659.95024862 25.773
 102  52.505210  66.115911    39.709    39.602  4 55669.86589007 32.522
 103  52.504223  66.117104    16.889    11.078  5 55679.78152941 41.162
 104  52.499986  66.119749    13.731    13.553  4 55689.69716653 51.706
 105  52.499779  66.121640    12.985    12.905  4 55699.61280251 33.697
 106  52.502006  66.121748    12.152    12.169  4 55709.52844110 24.802
 107  52.501316  66.120777    13.469    13.457  5 55719.44409147 25.236
 108  52.499994  66.120346    11.709    11.788  4 55729.35973944 49.661
 109  52.502458  66.120746     9.390     9.499  5 55739.27538638 48.667
 110  52.501864  66.121549     7.894     7.908  5 55749.19103180 49.462
 111  52.501529  66.121506     7.101     7.068  5 55759.10667491 32.612
 112  52.502431  66.120141     6.689     6.720  5 55769.02231533 29.017
 113  52.500241  66.117975     6.629     6.706  5 55778.93795225 34.488
 114  52.503161  66.116501     7.307     6.523  5 55788.85358708 27.711
 115  52.501606  66.117133     6.619     6.630  5 55798.76922020 48.949
 116  52.502804  66.118807     6.773     6.470  5 55808.68486576 41.911
 117  52.501844  66.120233     6.410     6.150  5 55818.60051459 41.913
 118  52.501940  66.119737     6.369     6.373  4 55828.51615940 28.771
 119  52.502995  66.117957     8.136     7.409  5 55838.43179993 26.666
 120  52.507608  66.116459     8.878     8.783  4 55848.34743772 24.140
 121  52.500990  66.117492    10.159    10.269  5 55858.26307233 27.159
 122  52.500951  66.119822     8.667     8.683  5 55868.17871918 42.900
 123  52.502605  66.121797    44.489    39.809  4 55878.09437107 21.577
 124  52.500122  66.122232    42.096    39.963  4 55888.01001608 17.043
 125  52.500546  66.121399    17.975    10.778  4 55897.92565562 15.986
 126  52.501638  66.120597    28.017    25.594  5 55907.84129019 14.688
 127  52.501080  66.120722    10.913     8.035  5 55917.75693763 26.248
 128  52.501249  66.121157    40.908    40.123  4 55927.67259083 12.586
 129  52.500297  66.120985     7.664     7.661  4 55937.58824047 25.904
 130  52.501023  66.119434     8.411     8.442  4 55947.50388536 18.971
 131  52.503623  66.117601    21.452    11.047  5 55957.41952586 13.862
 132  52.500075  66.116900    32.350    39.391  4 55967.33516332 14.377
 133  52.502426  66.117694    27.964    25.342  5 55977.25080043 14.086
 134  52.501472  66.119123    33.459    38.708  5 55987.16643655 12.697
 135  52.502908  66.119804    39.678    39.605  4 55997.08207510 11.639
 136  52.502000  66.119158    39.749    39.745  5 56006.99772647 11.045
 137  52.502394  66.117832    39.579    39.618  4 56016.91337382 11.141
 138  52.504968  66.117423    39.972    39.963  5 56026.82901844  9.071
 139  52.500963  66.118520     7.404     6.579  5 56036.74466078 21.042
 140  52.501238  66.120297    39.875    39.875  5 56046.66030153 33.303
 141  52.500555  66.121672    39.741    39.860  4 56056.57593938 32.693
 142  52.500582  66.122028    39.937    40.002  4 56066.49157307 29.173
 143  52.503079  66.121455    14.157    14.140  4 56076.40722089 25.062
 144  52.501756  66.121138    11.982    12.005  5 56086.32286986 21.920
 145  52.501863  66.121003    39.830    39.858  4 56096.23851655 30.363
 146  52.503499  66.120742    10.544    10.600  4 56106.15416126 21.778
 147  52.501232  66.119905     8.886     8.720  4 56116.06979118 25.953
 148  52.501569  66.118894     8.342     8.248  4 56125.98542917 49.077
 149  52.503100  66.117897    34.322    39.957  5 56135.90106333 26.361
 150  52.504683  66.117752     7.823     7.743  5 56145.81670622 34.742
 151  52.501427  66.118358     8.245     8.294  5 56155.73235560 45.304
 152  52.502753  66.119105     7.896     7.778  5 56165.64800443 50.917
 153  52.501799  66.119314     7.396     7.362  5 56175.56365082 50.763
 154  52.501279  66.118923    39.995    39.995  5 56185.47929219 26.454
 155  52.503754  66.118159    39.841    39.872  5 56195.39493005 30.320
 156  52.502466  66.118349    43.581    39.795  5 56205.31056461 28.892
 157  52.502590  66.119597     8.745     8.733  5 56215.22619783 41.758
 158  52.501875  66.121285    39.857    39.898  4 56225.14183572 22.725
 159  52.502887  66.121922     8.427     8.371  4 56235.05749138 49.043
 160  52.502939  66.121662     8.215     8.179  4 56244.97314305 47.290
 161  52.503736  66.121113     8.802     8.783  4 56254.88878975 35.700
 162  52.501827  66.121213     8.535     8.511  5 56264.80443212 29.792
 163  52.500171  66.121503     8.123     8.093  4 56274.72007276 30.619
 164  52.501565  66.120995    38.187    38.548  4 56284.63571781 10.839
 165  52.502949  66.119479    38.398    38.382  5 56294.55136887 10.667
 166  52.503003  66.117700    38.958    39.057  5 56304.46701556 11.565
 167  52.500176  66.117225    33.617    38.999  5 56314.38265818 13.857
 168  52.503284  66.118167     6.934     6.916  4 56324.29829931 20.374
 169  52.503097  66.119570    39.085    39.455  4 56334.21393944 11.290
 170  52.501475  66.119879    34.144    39.780  5 56344.12957873 12.028
 171  52.502291  66.119099     7.994     7.385  5 56354.04521594 18.032
 172  52.502655  66.118074     9.392     9.287  5 56363.96085974 17.275
 173  52.502978  66.118048     9.447     9.406  5 56373.87650875 16.574
 175  52.500629  66.121043     9.148     9.117  4 56393.70779862 15.928
 176  52.500156  66.121891    39.776    39.656  4 56403.62344080 31.386
 177  52.501453  66.121875    39.741    39.766  5 56413.53908022 32.337
 178  52.502890  66.121184    23.925    26.974  5 56423.45471472 37.062
 179  52.502085  66.120965    17.491    11.748  5 56433.37035858 31.230
 180  52.501219  66.121155    12.140    12.246  5 56443.28601085 50.939
 181  52.503918  66.121598    11.997    11.846  4 56453.20166090 50.568
 182  52.500237  66.121004    11.512    11.515  4 56463.11730773 22.968
 183  52.501660  66.119281     9.561     9.620  4 56473.03295169 49.952
 184  52.504709  66.117385     8.091     8.154  5 56482.94859239 29.684
 185  52.504387  66.117061     7.059     7.168  5 56492.86422926 50.179
 186  52.502984  66.118399     6.601     6.710  5 56502.77986359 29.182
 187  52.502275  66.120226     6.175     6.271  5 56512.69549638 50.281
 188  52.502109  66.120634     6.146     6.203  5 56522.61114441 37.990
 189  52.502150  66.119506     6.606     6.759  4 56532.52679679 41.679
 191  52.504690  66.117943     7.138     7.199  5 56552.35809050 46.523
 192  52.501155  66.119765     7.182     7.254  5 56562.27373287 41.669
 193  52.503391  66.121921     7.117     7.042  4 56572.18937459 38.834
 194  52.501578  66.123117     8.110     8.083  4 56582.10501407 48.813
 195  52.502121  66.122403     7.544     7.496  5 56592.02064946 47.560
 196  52.502026  66.120875     8.594     8.585  5 56601.93629944 36.637
 197  52.500422  66.120122    12.169    12.262  4 56611.85194889 47.390
 198  52.502267  66.120860    18.857    13.767  5 56621.76759417 29.703
 199  52.503935  66.121703    11.239    11.120  4 56631.68323646 18.306
 200  52.504243  66.121375    10.563    10.590  4 56641.59887453 15.930
 201  52.501461  66.119342    10.424    10.387  5 56651.51452277 14.290
 202  52.505087  66.117102    16.157    10.152  5 56661.43017317 11.702
 203  52.506128  66.116608    17.858    10.649  4 56671.34582021 11.600
 204  52.501232  66.118608    31.999    38.829  4 56681.26146480 10.950
 205  52.502931  66.120524    32.219    39.150  4 56691.17710806 10.397
 206  52.500031  66.121130    32.315    39.510  4 56701.09274729 11.666
 207  52.500629  66.119708    24.169    24.043  4 56711.00838203 13.745
 208  52.503885  66.118258    28.096    29.998  5 56720.92402601 10.791
 209  52.502463  66.118266     8.504     8.503  4 56730.83967772 16.197
 210  52.500543  66.120348    40.016    40.059  4 56740.75532555  4.162
 211  52.504235  66.122562    39.607    39.561  4 56750.67096969 10.245
 212  52.500197  66.123547    39.497    39.403  4 56760.58660816 10.974
 213  52.501525  66.122629    39.865    39.894  5 56770.50224058 23.716
 214  52.502656  66.120842    10.817    10.843  5 56780.41789346 22.829
 215  52.501807  66.119882    19.777    13.095  4 56790.33354850 41.081
 216  52.500393  66.120248    39.897    40.072  4 56800.24920029 30.925
 217  52.501410  66.121222    25.096    23.542  5 56810.16484562 29.521
 218  52.504246  66.121161    13.181    13.085  4 56820.08048612 46.503
 219  52.501236  66.119673    13.476    13.494  4 56829.99612217 49.407
 220  52.503180  66.117588    13.208    13.100  5 56839.91175545 51.375
 221  52.501839  66.117058    10.456    10.320  5 56849.82738933 52.381
 222  52.502957  66.118405    10.584    10.902  5 56859.74304392 24.424
 223  52.501095  66.120535     7.775     7.792  4 56869.65869735 47.788
 224  52.502364  66.121282     7.885     7.731  4 56879.57434861 25.840
 225  52.503417  66.120264     7.362     7.397  4 56889.48999636 25.172
 226  52.503521  66.118695     8.446     7.739  4 56899.40564126 25.691
 227  52.502958  66.118754     7.461     7.555  5 56909.32128384 29.631
 228  52.503046  66.120552     8.311     8.265  5 56919.23692469 26.966
 229  52.500731  66.122834     8.599     8.575  4 56929.15256324 44.490
 230  52.502575  66.123617     8.436     8.294  5 56939.06819769 27.872
 231  52.499852  66.122721     8.369     8.272  4 56948.98383275 47.753
 232  52.504169  66.120755     7.698     7.688  4 56958.89948592 40.542
 233  52.503037  66.119745     8.751     8.548  5 56968.81513338 28.342
 234  52.501500  66.120071     8.617     8.640  5 56978.73077688 31.765
 235  52.504149  66.120808     8.456     8.470  4 56988.64641629 27.361
 236  52.501592  66.120844    22.230    25.625  5 56998.56204904 16.851
 237  52.501270  66.119632    22.204    14.643  5 57008.47769910 17.899
 238  52.502855  66.117990    28.379    30.466  5 57018.39335223 17.792
 239  52.502161  66.117525    25.387    25.310  4 57028.30900194 16.497
 240  52.503982  66.118614    22.357    14.531  5 57038.22465018 17.705
 241  52.502689  66.120179    17.507    10.503  4 57048.14029567 18.994
 242  52.502224  66.120996     9.970     9.967  5 57058.05593742 18.507
 243  52.501784  66.120489    10.145    10.126  4 57067.97157357 17.569
 244  52.501093  66.119921    15.869    10.221  5 57077.88720539 17.314
 245  52.502766  66.120112    32.141    39.053  4 57087.80283876 14.933
 246  52.502451  66.121434    39.618    39.687  5 57097.71849732 12.025
 247  52.500235  66.122882    39.694    39.666  4 57107.63415278 12.372
 248  52.500504  66.123177    23.114    22.948  4 57117.54980348 11.066
 249  52.501283  66.122153     9.478    10.029  4 57127.46544807 13.183
 250  52.501542  66.120819    32.135    38.708  4 57137.38108716 11.486
 251  52.502578  66.120180    39.929    39.973  4 57147.29672235 22.461
 252  52.502891  66.120343    13.402    13.344  4 57157.21235501 51.570
 253  52.503731  66.120507    16.685    16.580  4 57167.12800023 52.014
 254  52.501873  66.120191    17.311    17.285  5 57177.04365649 46.634
 255  52.501613  66.119176    15.487    15.476  4 57186.95930888 34.268
 256  52.500449  66.118367    10.881    10.818  5 57196.87495704 50.820
 257  52.502043  66.118348    10.671    10.530  5 57206.79059180 26.620
 258  52.501453  66.119291    10.527    10.659  4 57216.70623664 22.112
 259  52.501916  66.120220    11.063    11.092  4 57226.62188044 20.127
 260  52.502076  66.120609     9.513     9.513  5 57236.53752217 24.502
 261  52.500241  66.120486    10.044    10.050  4 57246.45316024 39.453
 262  52.500576  66.120432    10.686    10.686  4 57256.36879594 21.076
 263  52.501532  66.121270     9.158     9.098  4 57266.28443047 21.958
 264  52.502708  66.122353     8.309     8.159  5 57276.20007501 36.922
 265  52.500647  66.122913     8.557     8.583  4 57286.11573169 45.646
 266  52.501154  66.122262     8.345     8.239  4 57296.03138570 36.705
 267  52.502628  66.121128    10.844    10.985  4 57305.94703616 22.502
 268  52.503614  66.120311     8.275     8.197  4 57315.86268272 45.134
 269  52.500514  66.120262     7.814     7.805  4 57325.77832565 46.059
 270  52.500486  66.120452    61.127    61.180  4 57335.69396684 14.572
 271  52.501507  66.120151    61.685    62.806  5 57345.60961352 10.502
 272  52.503057  66.119171     7.684     7.672  4 57355.52526116 24.437
 273  52.503163  66.118341     8.193     7.562  5 57365.44090484 19.146
 274  52.503113  66.118170     8.076     7.431  5 57375.35654513 18.004
 275  52.501148  66.119057     7.460     7.283  5 57385.27218339 18.132
 276  52.503578  66.119948     7.191     7.048  4 57395.18782158 17.737
 277  52.501656  66.120586     8.500     8.607  4 57405.10345843 17.991
 278  52.501208  66.120367     9.798     9.773  5 57415.01910660 15.078
 279  52.500113  66.120193     9.232     9.799  4 57424.93475789 16.486
 280  52.503331  66.120609    17.677    10.593  4 57434.85040659 16.574
 281  52.502319  66.121951    39.708    39.781  4 57444.76605314 13.503
 282  52.500335  66.123060     9.583     9.597  4 57454.68169886 16.177
 283  52.502256  66.123025    39.691    39.662  4 57464.59734308 13.885
 284  52.501990  66.121639    39.645    39.705  5 57474.51298337 13.451
 286  52.500795  66.119768     7.381     7.114  5 57494.34425396 16.941
 287  52.502080  66.120707    39.831    39.898  5 57504.25988612 24.753
 288  52.502969  66.121231    39.639    39.669  5 57514.17554117 28.993
 289  52.504038  66.120500    12.500    12.432  4 57524.09119575 48.139
 290  52.502703  66.118817    12.433    12.416  5 57534.00684781 25.918
 291  52.503237  66.117528    12.515    12.465  5 57543.92249697 48.340
 292  52.501875  66.117924     9.570     9.572  4 57553.83814341 48.425
 293  52.501023  66.119536    11.295    11.214  4 57563.75378834 22.572
 294  52.502404  66.120820     9.243     9.244  4 57573.66943295 47.850
 295  52.503985  66.120807     7.814     7.819  4 57583.58507730 51.508
 296  52.503338  66.120117     7.279     7.226  4 57593.50071952 48.910
 297  52.500879  66.119882     7.159     7.071  4 57603.41635929 25.798
