-102402.816   151.726     0.00    6.10
-102116.363   151.028    -2.44    6.26
-101829.913   150.211    -2.85    6.44
-101543.469   148.701    -5.27    6.42
-101257.029   146.174    -8.82    6.12
-100970.594   143.504    -9.32    7.13
-100684.164   139.157   -15.17    9.29
-100397.738   133.923   -18.27   10.76
-100111.317   128.395   -19.30   12.51
 -99824.901   121.822   -22.95   13.45
 -99538.489   114.237   -26.48   13.73
 -99252.083   106.957   -25.42   12.40
 -98965.681   101.849   -17.84    9.71
 -98679.283    99.069    -9.71    7.38
 -98392.891    98.224    -2.95    6.11
 -98106.503    98.778     1.93    6.07
 -97820.119    98.949     0.60    6.18
 -97533.741    98.223    -2.54    6.91
 -97247.367    97.062    -4.05    7.78
 -96960.998    94.459    -9.09    8.28
 -96674.634    92.224    -7.81    7.87
 -96388.274    89.144   -10.76    6.74
 -96101.919    87.213    -6.74    6.19
 -95815.569    86.441    -2.70    6.72
 -95529.223    85.959    -1.68    6.55
 -95242.882    85.214    -2.60    6.12
 -94956.546    84.014    -4.19    5.32
 -94670.215    82.979    -3.62    4.62
 -94383.888    82.029    -3.32    4.42
 -94097.566    80.597    -5.00    4.09
 -93811.249    78.699    -6.63    4.05
 -93524.936    76.120    -9.01    5.62
 -93238.628    72.461   -12.78    8.60
 -92952.325    67.489   -17.37   12.37
 -92666.026    60.958   -22.81   15.21
 -92379.733    54.385   -22.96   14.97
 -92093.443    50.278   -14.35   13.28
 -91807.159    49.971    -1.07   15.23
 -91520.879    53.021    10.65   19.37
 -91234.604    59.079    21.16   23.08
 -90948.334    67.063    27.89   23.27
 -90662.068    76.273    32.17   19.31
 -90375.808    84.310    28.08   11.88
 -90089.551    87.964    12.77    6.55
 -89803.300    88.553     2.06    5.09
 -89517.053    86.812    -6.08    5.63
 -89230.811    84.910    -6.65    5.25
 -88944.574    83.528    -4.83    4.75
 -88658.341    83.194    -1.17    4.79
 -88372.113    82.771    -1.48    6.16
 -88085.890    81.783    -3.45    7.81
 -87799.671    80.415    -4.78    9.71
 -87513.457    78.993    -4.97   10.86
 -87227.248    76.993    -6.99   10.64
 -86941.044    77.293     1.05   11.99
 -86654.844    78.799     5.26   14.14
 -86368.649    82.766    13.86   16.54
 -86082.458    88.844    21.24   18.53
 -85796.273    95.549    23.43   18.76
 -85510.092   102.312    23.63   17.84
 -85223.915   106.942    16.18   15.30
 -84937.744   111.139    14.66   11.53
 -84651.577   114.240    10.84    7.83
 -84365.415   115.888     5.76    6.16
 -84079.257   115.864    -0.08    6.19
 -83793.104   114.149    -5.99    6.34
 -83506.956   114.085    -0.23    5.97
 -83220.813   116.807     9.51    9.00
 -82934.674   120.424    12.64   12.26
 -82648.540   124.383    13.84   14.12
 -82362.411   127.914    12.34   13.65
 -82076.286   130.293     8.31   11.45
 -81790.166   130.769     1.66    9.75
 -81504.051   127.434   -11.66   10.94
 -81217.940   122.683   -16.60   11.12
 -80931.834   117.712   -17.37    9.99
 -80645.733   113.174   -15.86    8.90
 -80359.637   110.615    -8.94    8.91
 -80073.545   109.014    -5.60    9.58
 -79787.458   107.611    -4.90   10.21
 -79501.375   105.350    -7.90   10.11
 -79215.297   103.657    -5.92   10.03
 -78929.224   101.660    -6.98    9.31
 -78643.156    99.643    -7.05    8.47
 -78357.092    97.280    -8.26    8.51
 -78071.033    94.692    -9.05    7.93
 -77784.979    93.206    -5.20    6.52
 -77498.929    91.777    -4.99    5.71
 -77212.885    90.354    -4.97    5.91
 -76926.844    89.199    -4.04    6.70
 -76640.809    88.875    -1.13    7.06
 -76354.778    90.022     4.01    7.19
 -76068.752    91.317     4.53    8.25
 -75782.730    93.056     6.08    9.99
 -75496.713    96.068    10.53   10.57
 -75210.701    99.633    12.46    9.75
 -74924.694   102.007     8.30    7.79
 -74638.691   103.784     6.21    6.09
 -74352.693   105.043     4.40    5.68
 -74066.700   105.615     2.00    5.45
 -73780.711   106.767     4.03    5.27
 -73494.727   107.510     2.60    5.18
 -73208.748   107.950     1.54    5.39
 -72922.773   106.922    -3.59    6.29
 -72636.803   104.552    -8.29    7.24
 -72350.838   101.098   -12.08    7.32
 -72064.877    97.860   -11.32    6.33
 -71778.743    95.571    -8.00    5.10
 -71491.694    94.468    -3.84    4.23
 -71204.651    94.273    -0.68    4.84
 -70917.613    94.224    -0.17    5.79
 -70630.580    94.423     0.69    6.49
 -70343.553    94.529     0.37    6.84
 -70056.532    94.207    -1.12    7.29
 -69769.516    93.441    -2.67    7.79
 -69482.505    91.783    -5.77    7.51
 -69195.500    89.525    -7.87    7.37
 -68908.500    86.871    -9.25    8.28
 -68621.506    81.899   -17.33   11.25
 -68334.517    75.221   -23.27   14.72
 -68047.534    67.524   -26.82   17.18
 -67760.556    60.686   -23.83   16.84
 -67473.584    53.779   -24.07   14.33
 -67186.617    48.493   -18.42    9.94
 -66899.656    46.034    -8.57    6.63
 -66612.700    45.333    -2.44    6.12
 -66325.749    46.841     5.25    8.71
 -66038.804    50.652    13.28   12.60
 -65751.865    53.807    10.99   14.68
 -65464.931    56.272     8.59   15.79
 -65178.002    56.203    -0.24   15.96
 -64891.079    55.676    -1.84   17.00
 -64604.162    53.486    -7.63   18.60
 -64317.249    48.455   -17.53   19.51
 -64030.343    43.379   -17.69   18.85
 -63743.442    37.403   -20.83   15.26
 -63456.546    34.379   -10.54   12.25
 -63169.655    32.119    -7.88    9.39
 -62882.771    31.503    -2.15    7.65
 -62595.891    32.217     2.49    7.71
 -62309.017    32.514     1.04    8.69
 -62022.149    31.914    -2.09   10.23
 -61735.286    29.514    -8.37   12.12
 -61448.428    25.573   -13.74   13.87
 -61161.576    19.880   -19.85   14.49
 -60874.730    14.234   -19.68   14.07
 -60587.888     9.257   -17.35   12.78
 -60301.053     4.895   -15.21   10.16
 -60014.222     1.895   -10.46    7.17
 -59727.398     0.878    -3.55    5.88
 -59440.578     1.057     0.62    5.47
 -59153.764     1.761     2.45    4.92
 -58866.956     2.178     1.46    4.69
 -58580.153     2.301     0.43    4.45
 -58293.356     1.590    -2.48    4.54
 -58006.564     0.784    -2.81    4.74
 -57719.777     1.862     3.76    6.23
 -57432.996     5.102    11.30   10.82
 -57146.220    11.035    20.69   16.39
 -56859.450    17.950    24.11   19.06
 -56572.685    24.698    23.53   18.21
 -56285.926    31.211    22.71   14.18
 -55999.172    34.694    12.15    9.28
 -55712.423    34.071    -2.17    8.57
 -55425.681    32.864    -4.21    8.37
 -55138.943    31.754    -3.87    7.99
 -54852.211    31.573    -0.63    7.86
 -54565.484    32.490     3.19    8.33
 -54278.763    35.163     9.32    9.48
 -53992.047    37.829     9.30    8.93
 -53705.337    41.056    11.26    7.54
 -53418.632    43.655     9.07    8.02
 -53131.933    46.664    10.50    9.77
 -52845.239    50.000    11.64   11.77
 -52558.551    53.957    13.80   13.08
 -52271.868    57.881    13.69   13.36
 -51985.190    61.622    13.05   12.58
 -51698.518    64.439     9.82   10.78
 -51411.851    67.164     9.51    8.02
 -51125.190    69.232     7.21    4.91
 -50838.534    69.699     1.63    3.79
 -50551.884    67.748    -6.80    5.94
 -50265.239    65.086    -9.29    8.04
 -49978.600    62.587    -8.72    9.25
 -49691.966    60.903    -5.87    9.43
 -49405.337    59.871    -3.60    9.30
 -49118.714    59.049    -2.87    8.55
 -48832.096    59.216     0.58    8.33
 -48545.484    61.144     6.73    7.47
 -48258.877    62.583     5.02    7.53
 -47972.276    65.410     9.86    7.20
 -47685.680    68.209     9.77    6.96
 -47399.090    70.929     9.49    7.08
 -47112.504    73.535     9.10    6.82
 -46825.925    76.155     9.14    7.13
 -46539.351    79.112    10.32    7.73
 -46252.782    82.250    10.95    8.67
 -45966.219    85.268    10.53    9.14
 -45679.661    87.923     9.26    8.88
 -45393.109    91.014    10.79    7.94
 -45106.562    93.831     9.83    6.44
 -44820.020    96.307     8.64    6.15
 -44533.484    98.827     8.80    6.44
 -44246.953   101.315     8.68    6.31
 -43960.428   103.243     6.73    5.33
 -43673.908   104.540     4.53    4.14
 -43387.394   104.836     1.03    4.32
 -43100.885   103.810    -3.58    5.45
 -42814.382   102.333    -5.15    5.73
 -42527.884   101.179    -4.03    5.06
 -42241.391   100.957    -0.78    4.96
 -41954.904   102.442     5.19    6.57
 -41668.422   105.273     9.88    8.09
 -41381.946   108.377    10.84    7.70
 -41095.475   109.993     5.64    6.35
 -40809.010   110.021     0.10    6.07
 -40522.550   109.022    -3.49    6.34
 -40236.095   107.748    -4.45    5.86
 -39949.646   106.853    -3.12    5.29
 -39663.202   106.770    -0.29    5.26
 -39376.764   108.486     5.99    5.93
 -39090.331   111.156     9.32    5.51
 -38803.904   114.057    10.13    4.80
 -38517.482   116.562     8.75    4.55
 -38231.065   118.657     7.31    4.11
 -37944.654   119.418     2.66    3.78
 -37658.248   119.120    -1.04    4.46
 -37371.848   117.979    -3.98    5.62
 -37085.453   115.783    -7.67    6.48
 -36799.063   112.643   -10.97    7.65
 -36512.679   107.950   -16.39    9.86
 -36226.301   102.542   -18.88   10.82
 -35939.928    98.061   -15.65   10.61
 -35653.560    93.564   -15.70   10.26
 -35367.198    89.743   -13.34    9.27
 -35080.841    86.830   -10.17    6.85
 -34794.489    85.701    -3.94    4.87
 -34508.143    85.958     0.90    4.83
 -34221.803    85.993     0.12    5.26
 -33935.467    87.186     4.17    6.20
 -33649.138    87.909     2.53    6.46
 -33362.813    88.713     2.81    6.20
 -33076.494    89.268     1.94    6.06
 -32790.181    89.686     1.46    5.32
 -32503.873    90.000     1.10    5.31
 -32217.570    88.634    -4.77    5.84
 -31931.273    87.234    -4.89    6.87
 -31644.981    85.163    -7.23    7.59
 -31358.695    83.729    -5.01    8.13
 -31072.414    83.773     0.16    9.33
 -30786.138    84.667     3.12   11.20
 -30499.868    87.368     9.44   12.53
 -30213.603    90.647    11.46   12.49
 -29927.344    94.536    13.58    9.75
 -29641.090    95.783     4.36    7.14
 -29354.841    94.226    -5.44    7.31
 -29068.598    91.070   -11.03    7.82
 -28782.361    87.696   -11.79    8.37
 -28496.128    83.892   -13.29    7.80
 -28209.901    79.775   -14.39    6.56
 -27923.680    76.524   -11.36    5.22
 -27637.464    74.951    -5.50    4.28
 -27351.253    74.557    -1.38    4.11
 -27065.048    75.343     2.75    5.62
 -26778.848    76.643     4.54    6.89
 -26492.654    78.713     7.23    7.05
 -26206.465    80.529     6.34    6.33
 -25920.282    81.507     3.42    5.67
 -25634.103    81.021    -1.70    6.09
 -25347.931    79.685    -4.67    6.61
 -25061.763    77.573    -7.38    6.38
 -24775.601    75.113    -8.60    5.74
 -24489.445    73.007    -7.36    4.70
 -24203.294    71.188    -6.36    3.58
 -23917.148    69.710    -5.16    3.50
 -23631.008    68.958    -2.63    3.96
 -23344.873    69.993     3.62    5.80
 -23058.744    72.612     9.15    9.00
 -22772.619    76.755    14.48   11.61
 -22486.501    81.395    16.22   12.82
 -22200.388    86.014    16.15   12.24
 -21914.280    90.122    14.36    8.96
 -21628.177    93.120    10.48    6.03
 -21342.080    94.902     6.23    4.78
 -21055.989    95.825     3.23    4.47
 -20769.902    96.730     3.16    4.35
 -20483.822    97.807     3.76    4.79
 -20197.746    99.880     7.25    3.91
 -19911.676   101.232     4.73    3.26
 -19625.612   102.056     2.88    2.86
 -19339.552   102.721     2.33    2.83
 -19053.499   103.230     1.78    3.01
 -18767.450   103.965     2.57    3.52
 -18481.407   104.769     2.81    3.59
 -18195.370   105.331     1.96    3.52
 -17909.337   105.804     1.66    3.04
 -17623.311   105.817     0.04    3.08
 -17337.289   105.551    -0.93    3.62
 -17051.273   104.455    -3.83    4.63
 -16765.262   102.551    -6.66    6.24
 -16479.257   100.072    -8.67    7.48
 -16193.257    97.660    -8.44    8.00
 -15907.263    93.541   -14.40    9.00
 -15621.274    89.322   -14.75    9.94
 -15335.290    83.837   -19.18   11.56
 -15049.312    79.029   -16.81   12.47
 -14763.339    75.000   -14.09   12.74
 -14477.372    70.574   -15.48   13.03
 -14191.410    65.864   -16.47   13.10
 -13905.453    61.290   -16.00   12.78
 -13619.502    57.589   -12.94   12.19
 -13333.556    53.549   -14.13   10.96
 -13047.616    49.287   -14.91    9.93
 -12761.680    44.619   -16.33   10.11
 -12475.751    41.171   -12.06   10.02
 -12189.826    40.811    -1.26   10.44
 -11903.908    43.534     9.52   13.84
 -11617.994    49.531    20.98   18.53
 -11332.086    55.928    22.37   20.69
 -11046.183    62.884    24.33   19.62
 -10760.286    65.706     9.87   18.01
 -10474.394    63.836    -6.54   21.65
 -10188.507    58.063   -20.19   25.50
  -9902.314    49.600   -29.57   27.19
  -9615.186    40.411   -32.00   25.08
  -9328.065    32.238   -28.47   20.42
  -9040.950    26.648   -19.47   15.57
  -8753.841    22.696   -13.77   12.74
  -8466.738    18.949   -13.05   12.98
  -8179.641    16.120    -9.86   12.76
  -7892.551    12.727   -11.82   12.29
  -7605.467     9.156   -12.44   11.22
  -7318.389     6.022   -10.92    9.82
  -7031.317     3.396    -9.15    8.00
  -6744.252     1.444    -6.80    5.63
  -6457.192     0.763    -2.37    3.46
  -6170.139     0.246    -1.80    1.18
  -5883.092     0.000    -0.86    0.00
  -5596.051     0.000     0.00    0.00
  -5309.017     0.000     0.00    0.00
  -5021.988     0.000     0.00    0.00
  -4734.966     0.000     0.00    0.00
  -4447.950     0.000     0.00    0.00
  -4160.940     0.000     0.00    0.00
  -3873.937     0.000     0.00    0.00
  -3586.939     0.028     0.10    0.17
  -3299.948     0.056     0.10    0.23
  -3012.963     0.071     0.05    0.26
  -2725.984     0.086     0.05    0.28
  -2439.012     0.113     0.09    0.32
  -2152.045     0.111    -0.01    0.32
  -1865.085     0.077    -0.12    0.27
  -1578.131     0.051    -0.09    0.22
  -1291.183     0.014    -0.13    0.12
  -1004.241     0.000    -0.05    0.00
   -717.305     0.000     0.00    0.00
   -430.376     0.000     0.00    0.00
   -143.453     0.000     0.00    0.00
    143.464     0.000     0.00    0.00
    430.375     0.000     0.00    0.00
    717.280    -0.014    -0.05    0.12
   1004.178    -0.312    -1.04    1.05
   1291.071    -0.723    -1.44    1.64
   1577.957    -0.910    -0.65    2.04
   1864.837    -1.341    -1.50    2.86
   2151.710    -2.259    -3.20    3.52
   2438.578    -3.147    -3.10    4.39
   2725.439    -3.874    -2.54    4.35
   3012.294    -3.662     0.74    4.39
   3299.143    -3.230     1.50    4.67
   3585.986    -2.437     2.77    5.15
   3872.823    -0.864     5.48    5.27
   4159.654     1.130     6.95    4.51
   4446.478     3.188     7.18    3.55
   4733.296     4.704     5.28    3.93
   5020.108     6.274     5.47    4.81
   5306.914     7.157     3.08    4.96
   5593.713     8.079     3.21    4.65
   5880.507     8.514     1.52    4.31
   6167.294     8.692     0.62    4.05
   6454.075     8.114    -2.02    3.75
   6740.850     7.304    -2.82    3.10
   7027.619     6.709    -2.08    2.55
   7314.382     6.147    -1.96    2.49
   7601.138     5.246    -3.14    2.78
   7887.888     4.714    -1.86    2.70
   8174.632     4.936     0.77    3.05
   8461.370     5.972     3.61    4.03
   8748.102     7.769     6.27    5.29
   9034.828    10.058     7.98    6.15
   9321.547    12.870     9.81    6.09
   9608.260    15.925    10.66    5.28
   9894.967    18.119     7.65    4.67
  10181.668    20.417     8.02    4.09
  10468.363    22.482     7.20    4.03
  10755.052    24.524     7.12    3.91
  11041.734    26.490     6.85    3.90
  11328.410    28.194     5.95    3.63
  11615.081    29.609     4.93    3.03
  11901.744    30.938     4.64    2.54
  12188.402    31.972     3.61    2.00
  12475.054    32.705     2.56    2.16
  12761.699    33.714     3.52    2.69
  13048.339    35.056     4.68    3.24
  13334.972    36.122     3.72    3.11
  13621.599    37.114     3.46    2.60
  13908.220    37.696     2.03    2.43
  14194.834    38.147     1.57    2.37
  14481.443    39.041     3.12    2.84
  14768.045    39.965     3.22    3.39
  15054.641    41.157     4.16    3.54
  15341.231    42.496     4.67    3.48
  15627.815    44.280     6.22    3.70
  15914.393    46.348     7.22    4.29
  16200.965    49.167     9.84    6.04
  16487.530    52.617    12.04    8.02
  16774.089    56.380    13.13    8.66
  17060.642    60.483    14.32    8.07
  17347.189    64.386    13.62    7.46
  17633.730    68.360    13.87    6.50
  17920.265    71.980    12.63    6.83
  18206.793    75.724    13.07    8.84
  18493.316    79.391    12.80   10.33
  18779.832    84.144    16.59   11.11
  19066.342    88.646    15.71   11.38
  19352.846    92.909    14.88   10.11
  19639.344    94.417     5.26    9.55
  19925.835    93.664    -2.63   10.73
  20212.321    90.819    -9.93   13.34
  20498.800    85.921   -17.10   14.14
  20785.273    79.399   -22.77   14.11
  21071.740    72.460   -24.22   13.31
  21358.201    66.692   -20.14   13.12
  21644.656    62.245   -15.53   12.60
  21931.105    58.943   -11.53   10.83
  22217.547    57.871    -3.74    9.56
  22503.983    58.921     3.67   10.93
  22790.413    63.269    15.18   13.31
  23076.838    69.397    21.40   13.97
  23363.255    76.130    23.51   12.33
  23649.667    81.768    19.68   10.27
  23936.073    86.056    14.97    8.21
  24222.472    87.725     5.83    6.51
  24508.866    88.406     2.38    5.98
  24795.253    88.899     1.72    5.70
  25081.634    88.957     0.20    6.27
  25368.009    89.636     2.37    7.25
  25654.377    91.411     6.20    8.92
  25940.740    94.799    11.83   10.62
  26227.097    98.681    13.56   10.59
  26513.447   102.545    13.50    9.40
  26799.791   105.659    10.87    7.76
  27086.129   108.014     8.22    6.37
  27372.461   109.902     6.59    6.25
  27658.787   111.410     5.27    6.70
  27945.107   111.683     0.96    7.96
  28231.420   110.986    -2.44    9.72
  28517.728   109.357    -5.69   11.66
  28804.029   106.610    -9.59   13.48
  29090.324   102.514   -14.30   14.15
  29376.613    97.558   -17.31   12.54
  29662.896    94.077   -12.16    9.52
  29949.173    92.937    -3.99    7.57
  30235.444    94.326     4.85    8.12
  30521.708    96.790     8.61    9.60
  30807.967   101.369    16.00   11.64
  31094.219   107.710    22.15   13.98
  31380.465   115.972    28.86   15.56
  31666.705   124.439    29.58   15.77
  31952.939   130.837    22.35   13.99
  32239.167   135.210    15.28   10.83
  32525.388   136.951     6.08    8.77
  32811.604   135.870    -3.78   10.14
  33097.813   132.514   -11.72   11.72
  33384.016   127.536   -17.40   11.15
  33670.213   122.701   -16.89    9.71
  33956.404   119.136   -12.46    7.66
  34242.589   116.862    -7.94    6.64
  34528.768   116.979     0.41    8.18
  34814.941   119.708     9.54   11.03
  35101.107   121.913     7.70   12.29
  35387.268   124.826    10.18   12.52
  35673.422   127.846    10.55   11.76
  35959.570   131.097    11.36   10.00
  36245.712   132.676     5.52    8.20
  36531.848   131.293    -4.83    8.78
  36817.978   127.951   -11.68    9.69
  37104.102   124.872   -10.76    9.61
  37390.219   121.943   -10.24    9.36
  37676.331   118.138   -13.30    8.95
  37962.436   113.366   -16.68    8.92
  38248.535   109.287   -14.26    8.30
  38534.628   106.782    -8.76    7.72
  38820.715   105.297    -5.19    7.32
  39106.796   103.923    -4.80    6.53
  39392.871   102.027    -6.62    5.17
  39678.940   101.917    -0.39    5.22
  39965.002   102.151     0.82    5.82
  40251.059   103.108     3.34    6.50
  40537.109   103.915     2.82    6.82
  40823.153   104.364     1.57    6.97
  41109.192   105.145     2.73    6.54
  41395.224   105.619     1.66    6.03
  41681.249   106.239     2.17    5.74
  41967.269   108.035     6.28    6.74
  42253.283   110.014     6.92    7.92
  42539.290   112.417     8.40    8.51
  42825.292   115.434    10.55    8.35
  43111.287   117.946     8.78    7.00
  43397.277   120.478     8.86    4.68
  43683.260   120.877     1.39    4.33
  43969.237   120.889     0.04    4.43
  44255.208   121.329     1.54    4.47
  44541.173   121.820     1.72    4.26
  44827.131   122.161     1.19    4.26
  45113.084   122.319     0.55    4.36
  45399.030   122.636     1.11    4.28
  45684.971   122.652     0.06    4.39
  45970.905   121.186    -5.13    5.63
  46256.833   118.787    -8.39    6.75
  46542.756   116.500    -8.00    7.15
  46828.672   113.794    -9.46    6.63
  47114.582   111.355    -8.53    4.93
  47400.485   110.007    -4.71    3.16
  47686.383   109.750    -0.90    3.19
  47972.275   110.203     1.58    3.81
  48258.160   110.814     2.14    4.05
  48544.040   111.486     2.35    4.29
  48829.913   111.807     1.13    4.40
  49115.780   111.859     0.18    4.07
  49401.641   111.813    -0.16    3.85
  49687.497   112.783     3.39    3.82
  49973.345   114.049     4.43    3.88
  50259.188   115.069     3.57    4.09
  50545.025   116.370     4.55    4.70
  50830.856   119.116     9.61    6.08
  51116.680   122.106    10.46    6.39
  51402.499   124.357     7.88    6.36
  51688.311   125.207     2.98    6.43
  51974.594   124.757    -1.57    6.97
  52261.799   124.357    -1.39    7.32
  52548.997   122.150    -7.68    8.28
  52836.188   116.775   -18.71   10.29
  53123.372   110.842   -20.66   11.52
  53410.550   105.437   -18.82   10.79
  53697.720   101.434   -13.94    9.88
  53984.884    97.681   -13.07    9.14
  54272.040    93.640   -14.07    8.13
  54559.190    89.212   -15.42    9.67
  54846.333    88.021    -4.15    9.84
  55133.468    87.500    -1.82    9.57
  55420.597    86.951    -1.91    8.85
  55707.719    85.745    -4.20    7.88
  55994.835    84.486    -4.39    8.16
  56281.943    83.609    -3.05    8.91
  56569.044    81.014    -9.04   11.54
  56856.138    75.923   -17.73   14.50
  57143.226    71.374   -15.85   14.79
  57430.306    64.583   -23.66   14.94
  57717.380    57.197   -25.73   16.82
  58004.447    49.305   -27.49   16.63
  58291.506    43.626   -19.78   14.89
  58578.559    39.951   -12.80   12.52
  58865.605    37.035   -10.16   10.37
  59152.644    34.593    -8.51    7.85
  59439.676    33.759    -2.90    8.11
  59726.702    33.436    -1.13    8.16
  60013.720    32.857    -2.02    8.31
  60300.731    32.652    -0.71    8.42
  60587.736    32.471    -0.63    8.94
  60874.733    32.750     0.97   10.67
  61161.724    33.690     3.28   12.63
  61448.708    34.964     4.44   14.22
  61735.685    39.000    14.06   15.58
  62022.655    41.497     8.70   17.52
  62309.618    45.126    12.65   18.58
  62596.574    49.714    15.99   18.20
  62883.523    53.303    12.51   15.53
  63170.466    55.754     8.54   12.64
  63457.401    55.399    -1.24   11.50
  63744.330    53.413    -6.92   13.70
  64031.252    49.944   -12.09   14.46
  64318.166    46.021   -13.67   13.60
  64605.074    41.739   -14.92   11.31
  64891.975    40.268    -5.13   10.86
  65178.869    42.898     9.17   12.94
  65465.757    48.371    19.08   14.77
  65752.637    54.712    22.11   16.77
  66039.510    59.800    17.74   17.57
  66326.377    65.657    20.42   15.57
  66613.237    70.300    16.18   10.69
  66900.089    71.380     3.76    9.18
  67186.935    67.570   -13.28   14.74
  67473.774    63.378   -14.62   17.65
  67760.606    62.529    -2.96   18.58
  68047.431    64.696     7.55   20.54
  68334.250    68.186    12.17   22.47
  68621.061    73.476    18.44   22.20
  68907.866    79.594    21.33   18.76
  69194.663    84.698    17.80   12.09
  69481.454    85.655     3.34   10.92
  69768.238    82.851    -9.78   12.44
  70055.015    78.898   -13.78   11.87
  70341.785    75.865   -10.57   11.10
  70628.548    74.888    -3.41   10.01
  70915.304    76.539     5.76    9.69
  71202.054    79.173     9.18    8.05
  71488.796    81.951     9.69    6.49
  71775.532    83.272     4.61    5.12
  72062.261    82.986    -1.00    4.52
  72348.983    82.101    -3.09    5.31
  72635.698    80.972    -3.94    5.62
  72922.406    79.259    -5.97    5.08
  73209.107    77.464    -6.26    3.62
  73495.802    76.414    -3.66    3.33
  73782.489    75.636    -2.71    3.55
  74069.170    74.458    -4.11    3.82
  74355.844    73.580    -3.06    4.20
  74642.511    72.378    -4.19    4.46
  74929.171    71.408    -3.38    4.80
  75215.824    71.000    -1.42    4.14
  75502.470    70.478    -1.82    4.75
  75789.110    69.859    -2.16    4.97
  76075.742    68.825    -3.61    5.31
  76362.368    67.587    -4.32    5.45
  76648.987    66.413    -4.10    5.80
  76935.599    64.603    -6.32    6.26
  77222.204    62.762    -6.42    6.69
  77508.802    62.029    -2.56    6.60
  77795.393    61.050    -3.42    6.89
  78081.978    60.262    -2.75    6.78
  78368.555    59.700    -1.96    6.72
  78655.126    58.892    -2.82    6.71
  78941.690    58.133    -2.65    6.72
  79228.247    56.447    -5.88    6.89
  79514.797    54.232    -7.73    6.55
  79801.340    52.478    -6.12    5.40
  80087.877    50.511    -6.87    4.60
  80374.406    49.895    -2.15    4.77
  80660.929    49.791    -0.36    5.84
  80947.445    50.043     0.88    5.74
  81233.954    50.211     0.59    5.61
  81520.456    49.893    -1.11    5.89
  81806.951    50.319     1.49    6.56
  82093.439    50.972     2.28    6.08
  82379.921    50.881    -0.32    5.38
  82666.396    51.043     0.57    4.95
  82952.864    51.514     1.65    5.06
  83239.325    53.072     5.44    4.61
  83525.779    53.438     1.28    4.66
  83812.226    53.417    -0.07    4.73
