-113132.924    95.596     0.00    6.15
-112846.203    97.344     6.10    7.08
-112559.479    98.971     5.67    8.20
-112272.752   101.929    10.32    9.04
-111986.022   106.385    15.54    9.94
-111699.288   111.299    17.14   10.38
-111412.552   115.900    16.05   10.50
-111125.812   120.137    14.78   10.08
-110839.070   124.429    14.97    9.64
-110552.324   126.372     6.78    9.94
-110265.575   127.106     2.56   11.82
-109978.823   124.915    -7.64   14.23
-109692.154   121.004   -13.64   15.51
-109405.989   116.378   -16.16   14.38
-109119.823   112.509   -13.52   11.14
-108833.653   111.250    -4.40    8.30
-108547.482   112.383     3.96    8.83
-108261.308   115.200     9.85    9.70
-107975.132   119.154    13.82   10.13
-107688.953   124.337    18.11   10.11
-107402.772   130.782    22.52   11.22
-107116.588   137.721    24.25   12.52
-106830.403   143.860    21.45   13.16
-106544.214   149.167    18.54   12.63
-106258.024   152.901    13.05   10.64
-105971.831   154.614     5.98    8.73
-105685.636   155.111     1.73    7.81
-105399.438   154.348    -2.66    7.65
-105113.238   153.130    -4.26    6.60
-104827.036   152.355    -2.71    5.63
-104540.831   151.894    -1.61    5.74
-104254.624   151.984     0.31    6.15
-103968.414   152.839     2.99    5.78
-103682.202   152.743    -0.33    5.95
-103395.988   151.526    -4.25    6.08
-103109.771   150.733    -2.77    5.35
-102823.552   150.418    -1.10    4.81
-102537.331   150.140    -0.97    4.45
-102251.107   149.443    -2.44    4.39
-101964.881   148.344    -3.84    5.14
-101678.653   146.843    -5.25    6.45
-101392.422   144.894    -6.81    7.20
-101106.189   143.222    -5.84    7.11
-100819.953   142.429    -2.77    7.36
-100533.715   142.187    -0.84    8.06
-100247.475   142.402     0.75    8.99
 -99961.232   142.408     0.02    9.91
 -99674.987   141.514    -3.12   11.13
 -99388.739   139.317    -7.68   11.87
 -99102.489   135.851   -12.11   11.99
 -98816.237   133.526    -8.12   10.89
 -98529.982   133.783     0.90   11.49
 -98243.725   135.310     5.33   12.95
 -97957.466   138.045     9.55   14.31
 -97671.204   142.317    14.92   14.61
 -97384.940   147.201    17.06   12.43
 -97098.674   151.964    16.64    7.76
 -96812.405   154.647     9.37    5.31
 -96526.134   155.365     2.51    4.42
 -96239.860   155.450     0.30    4.48
 -95953.584   154.182    -4.43    5.62
 -95667.306   151.297   -10.08    8.31
 -95381.025   146.158   -17.95   12.42
 -95094.742   139.839   -22.07   15.36
 -94808.457   134.265   -19.47   15.87
 -94522.169   130.067   -14.66   14.94
 -94235.878   128.586    -5.17   14.94
 -93949.586   130.221     5.71   17.36
 -93663.291   135.091    17.01   19.65
 -93376.994   140.858    20.14   19.47
 -93090.694   145.900    17.61   16.97
 -92804.392   150.422    15.79   13.96
 -92518.087   155.076    16.26   11.35
 -92231.780   159.540    15.59   12.57
 -91945.471   163.701    14.53   14.81
 -91659.160   169.507    20.28   16.45
 -91372.846   175.071    19.43   16.11
 -91086.529   179.186    14.37   13.76
 -90800.211   180.887     5.94   11.00
 -90513.889   180.957     0.25    9.58
 -90227.566   180.858    -0.35    8.78
 -89941.240   180.672    -0.65    8.40
 -89654.912   180.785     0.40    8.48
 -89368.581   181.790     3.51    9.40
 -89082.248   184.301     8.77    9.58
 -88795.913   187.487    11.13    8.42
 -88509.575   189.834     8.20    6.86
 -88223.235   190.477     2.25    7.05
 -87936.893   189.377    -3.84    8.65
 -87650.548   187.307    -7.23    9.68
 -87364.200   185.364    -6.78   10.06
 -87077.851   183.560    -6.30    9.55
 -86791.499   182.316    -4.34    8.62
 -86505.144   181.673    -2.24    7.99
 -86218.788   181.146    -1.84    7.93
 -85932.429   180.605    -1.89    8.17
 -85646.067   178.929    -5.85    9.21
 -85359.703   176.425    -8.74   11.30
 -85073.337   173.756    -9.32   12.95
 -84786.968   170.824   -10.24   14.20
 -84500.597   167.013   -13.31   15.30
 -84214.224   163.034   -13.89   15.09
 -83927.848   159.825   -11.21   14.67
 -83641.470   155.691   -14.43   14.36
 -83355.089   151.281   -15.40   12.99
 -83068.706   147.360   -13.69   12.34
 -82782.321   142.061   -18.51   12.08
 -82495.934   136.566   -19.19   11.87
 -82209.544   132.311   -14.86   10.74
 -81923.151   130.761    -5.41    9.70
 -81636.756   131.957     4.18   11.66
 -81350.359   135.295    11.66   14.79
 -81063.960   139.572    14.93   16.74
 -80777.558   144.454    17.05   17.54
 -80491.153   149.179    16.50   15.64
 -80204.747   154.672    19.18   13.89
 -79918.338   158.249    12.49   13.74
 -79631.926   161.249    10.47   13.88
 -79345.512   164.324    10.74   14.04
 -79059.096   167.094     9.67   13.79
 -78772.678   169.846     9.61   12.00
 -78486.257   170.850     3.51   10.04
 -78199.833   170.900     0.17    9.77
 -77913.407   168.297    -9.09   10.77
 -77626.979   164.468   -13.37   10.69
 -77340.549   161.216   -11.36   10.04
 -77054.116   158.625    -9.04    8.78
 -76767.681   157.902    -2.53    8.03
 -76481.243   158.215     1.09    7.87
 -76194.803   159.094     3.07    7.34
 -75908.361   159.061    -0.12    6.81
 -75621.916   158.355    -2.46    6.71
 -75335.469   156.626    -6.04    7.39
 -75049.019   154.078    -8.90    7.40
 -74762.568   149.950   -14.41    7.75
 -74476.113   145.719   -14.77    7.96
 -74189.657   143.352    -8.26    7.82
 -73903.198   140.970    -8.32    7.60
 -73616.736   137.703   -11.41    7.61
 -73330.272   134.141   -12.43    7.30
 -73043.806   132.170    -6.88    7.44
 -72757.338   131.332    -2.93    8.65
 -72470.867   130.851    -1.68    8.91
 -72184.393   128.894    -6.83    9.04
 -71897.918   127.257    -5.71    8.84
 -71611.440   126.485    -2.70    8.68
 -71324.959   125.344    -3.98    9.49
 -71038.476   122.336   -10.50   10.10
 -70751.991   121.392    -3.30   10.79
 -70465.503   122.449     3.69   12.66
 -70179.013   124.541     7.30   13.63
 -69892.521   126.826     7.98   13.68
 -69606.026   130.082    11.36   13.26
 -69319.529   134.064    13.90    9.93
 -69033.030   134.864     2.79    8.64
 -68746.528   132.843    -7.06    9.07
 -68460.023   131.317    -5.33    8.10
 -68173.517   130.122    -4.17    7.19
 -67887.008   130.073    -0.17    7.48
 -67600.496   130.344     0.95    8.10
 -67313.982   131.703     4.74    8.25
 -67027.466   132.032     1.15    8.01
 -66740.948   130.055    -6.90    8.79
 -66454.427   126.893   -11.03    9.28
 -66167.903   123.267   -12.66    9.32
 -65881.378   118.429   -16.89   10.82
 -65594.850   112.323   -21.31   12.63
 -65308.319   103.950   -29.22   17.08
 -65021.786    94.602   -32.62   19.33
 -64735.251    85.600   -31.42   19.47
 -64448.713    77.763   -27.35   17.12
 -64162.173    72.998   -16.63   13.18
 -63875.631    69.812   -11.12    9.43
 -63589.086    69.670    -0.49    8.71
 -63302.539    70.971     4.54    8.43
 -63015.989    71.189     0.76    8.36
 -62729.437    70.517    -2.34    8.55
 -62442.883    69.553    -3.37    8.99
 -62156.326    67.901    -5.76    8.36
 -61869.767    66.806    -3.82    8.15
 -61583.206    65.460    -4.70    7.83
 -61296.642    65.539     0.28    7.34
 -61010.076    68.228     9.39    5.85
 -60723.507    69.584     4.73    5.62
 -60436.936    70.439     2.98    5.86
 -60150.363    71.850     4.92    6.30
 -59863.787    73.612     6.15    6.97
 -59577.209    76.540    10.22    5.65
 -59290.628    78.850     8.06    4.12
 -59004.045    79.790     3.28    3.66
 -58717.460    79.943     0.53    3.66
 -58430.872    79.915    -0.10    3.82
 -58144.282    79.337    -2.02    3.97
 -57857.690    78.453    -3.08    4.08
 -57571.095    77.679    -2.70    3.93
 -57284.498    77.071    -2.12    3.59
 -56997.898    76.907    -0.57    3.32
 -56711.296    77.112     0.71    3.14
 -56424.692    77.572     1.61    3.11
 -56138.085    78.041     1.64    2.78
 -55851.476    78.311     0.94    2.68
 -55564.864    78.600     1.01    2.86
 -55278.250    78.991     1.36    3.25
 -54991.634    79.165     0.61    3.29
 -54705.015    79.172     0.02    2.95
 -54418.394    79.348     0.62    2.60
 -54131.771    79.633     0.99    2.24
 -53845.145    80.085     1.58    1.93
 -53558.517    80.546     1.61    1.85
 -53271.886    80.914     1.29    2.06
 -52985.253    81.536     2.17    2.43
 -52698.617    82.696     4.05    3.07
 -52411.980    84.092     4.87    3.70
 -52125.339    85.636     5.39    3.93
 -51838.697    87.060     4.97    3.56
 -51552.052    88.039     3.41    3.13
 -51265.405    88.279     0.84    3.32
 -50978.755    87.150    -3.94    4.51
 -50692.103    84.865    -7.97    5.93
 -50405.448    82.141    -9.50    6.52
 -50118.791    79.527    -9.12    5.97
 -49832.132    77.221    -8.05    4.41
 -49545.470    76.081    -3.98    2.75
 -49258.806    75.970    -0.39    2.30
 -48972.140    77.232     4.40    3.67
 -48685.471    79.563     8.13    4.71
 -48398.800    82.132     8.96    5.66
 -48112.126    85.132    10.46    6.72
 -47825.547    88.901    13.15    8.18
 -47539.304    92.852    13.80    9.25
 -47253.060    97.740    17.07    9.72
 -46966.813   102.723    17.41    9.51
 -46680.565   107.379    16.27    9.12
 -46394.316   112.146    16.65    8.63
 -46108.065   116.301    14.52    7.20
 -45821.812   119.645    11.68    5.28
 -45535.557   121.827     7.62    3.84
 -45249.301   122.943     3.90    2.90
 -44963.043   123.235     1.02    2.60
 -44676.784   122.793    -1.54    2.65
 -44390.523   122.060    -2.56    2.68
 -44104.260   121.758    -1.05    2.64
 -43817.995   121.979     0.77    2.94
 -43531.729   122.979     3.49    3.82
 -43245.461   124.915     6.76    5.37
 -42959.192   127.641     9.52    6.56
 -42672.921   130.772    10.94    6.90
 -42386.648   133.516     9.59    6.37
 -42100.374   135.509     6.96    5.95
 -41814.098   136.694     4.14    5.91
 -41527.820   137.247     1.93    6.68
 -41241.541   137.201    -0.16    7.57
 -40955.260   136.511    -2.41    8.00
 -40668.977   135.234    -4.46    7.97
 -40382.693   133.655    -5.52    7.68
 -40096.407   131.943    -5.98    6.93
 -39810.119   130.021    -6.71    5.89
 -39523.830   128.526    -5.22    4.61
 -39237.539   127.619    -3.17    3.55
 -38951.246   127.274    -1.21    3.19
 -38664.952   126.936    -1.18    3.19
 -38378.656   126.746    -0.66    3.37
 -38092.358   126.344    -1.40    3.75
 -37806.059   125.929    -1.45    4.08
 -37519.758   125.505    -1.48    4.49
 -37233.456   124.713    -2.77    4.90
 -36947.151   124.162    -1.92    5.14
 -36660.846   123.806    -1.24    5.25
 -36374.538   122.956    -2.97    5.23
 -36088.229   121.449    -5.26    5.11
 -35801.918   119.655    -6.27    4.80
 -35515.606   117.709    -6.80    4.70
 -35229.291   115.793    -6.69    5.09
 -34942.976   113.786    -7.01    4.85
 -34656.658   112.302    -5.18    4.47
 -34370.339   111.390    -3.19    4.35
 -34084.018   110.227    -4.06    4.65
 -33797.696   108.886    -4.68    5.49
 -33511.372   106.978    -6.67    6.66
 -33225.046   105.325    -5.77    7.05
 -32938.719   103.425    -6.63    7.08
 -32652.389   101.460    -6.86    7.19
 -32366.059   100.614    -2.95    7.62
 -32079.726   101.160     1.91    8.71
 -31793.392   102.813     5.77   10.30
 -31507.057   104.512     5.94   10.83
 -31220.719   104.992     1.67   10.51
 -30934.380   104.943    -0.17   10.12
 -30648.040   104.415    -1.84    9.93
 -30361.697   102.872    -5.39   10.10
 -30075.353   100.091    -9.71   10.19
 -29789.008    97.316    -9.69    8.83
 -29502.660    94.864    -8.56    6.31
 -29216.311    93.229    -5.71    4.79
 -28929.961    91.570    -5.79    4.05
 -28643.609    90.011    -5.45    3.87
 -28357.255    88.126    -6.58    5.02
 -28070.899    85.723    -8.39    7.19
 -27784.542    82.358   -11.75    8.62
 -27498.183    78.329   -14.07    8.54
 -27211.822    74.936   -11.85    7.22
 -26925.460    72.727    -7.71    6.07
 -26639.096    71.150    -5.51    5.95
 -26352.731    70.482    -2.33    6.58
 -26066.363    70.829     1.21    7.70
 -25779.995    72.149     4.61    9.41
 -25493.624    73.985     6.41   10.89
 -25207.252    75.305     4.61   11.46
 -24920.878    75.439     0.47   12.00
 -24634.503    74.977    -1.61   12.12
 -24348.125    73.217    -6.15   12.66
 -24061.747    70.408    -9.81   13.10
 -23775.366    66.278   -14.42   13.06
 -23488.984    61.756   -15.79   12.21
 -23202.600    57.840   -13.68   10.73
 -22916.215    54.582   -11.38    8.71
 -22629.828    52.551    -7.09    7.50
 -22343.439    51.527    -3.57    6.74
 -22057.049    50.936    -2.07    6.41
 -21770.657    50.305    -2.20    6.45
 -21484.263    49.390    -3.19    6.60
 -21197.867    48.072    -4.60    6.47
 -20911.470    46.879    -4.17    5.99
 -20625.072    45.547    -4.65    5.77
 -20338.671    43.868    -5.86    5.70
 -20052.269    42.391    -5.16    4.93
 -19765.866    41.929    -1.61    4.04
 -19479.460    42.271     1.20    4.18
 -19193.053    43.820     5.41    5.51
 -18906.645    45.528     5.96    6.43
 -18620.234    47.391     6.51    6.21
 -18333.822    49.379     6.94    5.34
 -18047.409    50.894     5.29    4.07
 -17760.993    51.027     0.47    3.93
 -17474.576    50.149    -3.07    4.67
 -17188.158    48.837    -4.58    5.04
 -16901.738    47.817    -3.56    5.10
 -16615.316    46.726    -3.81    4.49
 -16328.892    45.865    -3.00    4.31
 -16042.467    44.998    -3.03    3.68
 -15756.040    44.283    -2.50    3.09
 -15469.611    43.977    -1.07    2.59
 -15183.181    43.607    -1.29    2.35
 -14896.749    43.276    -1.16    2.23
 -14610.316    42.888    -1.35    2.59
 -14323.880    42.234    -2.28    2.84
 -14037.444    41.118    -3.90    3.08
 -13751.005    40.222    -3.13    3.20
 -13464.565    39.123    -3.84    3.58
 -13178.123    37.986    -3.97    3.69
 -12891.680    37.557    -1.50    3.63
 -12605.234    37.857     1.05    3.93
 -12318.788    38.643     2.74    4.60
 -12032.339    40.126     5.18    4.75
 -11745.889    41.512     4.84    4.48
 -11459.437    42.258     2.60    4.09
 -11172.984    42.530     0.95    4.25
 -10886.529    41.826    -2.46    4.54
 -10600.072    40.874    -3.32    4.65
 -10313.613    39.536    -4.67    4.62
 -10027.153    38.262    -4.45    4.14
  -9740.691    37.550    -2.49    3.44
  -9454.228    37.092    -1.60    3.27
  -9167.763    36.866    -0.79    3.71
  -8881.296    36.401    -1.62    4.26
  -8594.828    35.760    -2.24    4.36
  -8308.358    35.351    -1.43    4.48
  -8021.886    35.239    -0.39    4.54
  -7735.413    35.253     0.05    4.65
  -7448.938    35.062    -0.67    4.53
  -7162.461    34.609    -1.58    4.34
  -6875.982    33.875    -2.56    4.52
  -6589.502    32.189    -5.88    5.59
  -6303.021    29.922    -7.91    6.63
  -6016.537    26.793   -10.92    7.57
  -5730.052    23.367   -11.96    8.18
  -5443.566    19.630   -13.05    8.01
  -5157.077    16.577   -10.66    7.08
  -4870.587    14.457    -7.40    5.78
  -4584.096    13.957    -1.75    5.74
  -4297.602    15.253     4.52    7.27
  -4011.107    16.950     5.92    8.25
  -3724.611    19.056     7.35    8.11
  -3438.112    21.837     9.71    7.03
  -3151.612    23.991     7.52    5.80
  -2865.111    25.082     3.81    4.14
  -2578.608    24.651    -1.50    4.09
  -2292.103    24.018    -2.21    4.17
  -2005.596    23.086    -3.25    4.78
  -1719.088    21.554    -5.35    5.85
  -1432.578    18.347   -11.19    8.04
  -1146.066    14.370   -13.88    9.33
   -859.553    10.376   -13.94    9.82
   -573.038     6.539   -13.39    8.69
   -286.521     3.302   -11.30    6.36
     -0.003     1.022    -7.96    3.68
    286.517    -0.050    -3.74    0.17
    573.038    -0.064    -0.05    0.00
    859.561    -0.064     0.00    0.00
   1146.086    -0.064     0.00    0.00
   1432.613    -0.064     0.00    0.00
   1719.141    -0.064     0.00    0.00
   2005.671    -0.064     0.00    0.00
   2292.203    -0.064     0.00    0.00
   2578.736    -0.064     0.00    0.00
   2865.271    -0.064     0.00    0.00
   3151.807    -0.064     0.00    0.00
   3438.345    -0.064     0.00    0.00
   3724.885    -0.064     0.00    0.00
   4011.427    -0.064     0.00    0.00
   4297.970    -0.064     0.00    0.00
   4584.515    -0.064     0.00    0.00
   4871.061    -0.064     0.00    0.00
   5157.609    -0.064     0.00    0.00
   5444.159    -0.064     0.00    0.00
   5730.711    -0.064     0.00    0.00
   6017.264    -0.064     0.00    0.00
   6303.818    -0.064     0.00    0.00
   6590.375    -0.023     0.14    0.45
   6876.933    -0.112    -0.31    0.84
   7163.493    -0.187    -0.26    1.35
   7450.054     0.239     1.49    2.46
   7736.617     0.970     2.55    3.58
   8023.182     1.993     3.57    4.74
   8309.749     3.526     5.35    5.61
   8596.317     5.680     7.52    6.24
   8882.887     8.617    10.25    6.16
   9169.458    10.878     7.89    5.84
   9456.031    12.357     5.16    5.15
   9742.606    13.046     2.40    4.42
  10029.182    13.446     1.40    3.63
  10315.760    13.415    -0.11    3.36
  10602.340    12.929    -1.70    3.08
  10888.921    12.031    -3.13    2.80
  11175.505    11.239    -2.76    2.69
  11462.089    10.744    -1.73    2.95
  11748.676    11.297     1.93    3.34
  12035.264    12.323     3.58    3.90
  12321.853    13.943     5.65    4.56
  12608.445    16.432     8.69    5.85
  12895.038    19.113     9.35    6.69
  13181.633    21.411     8.02    6.10
  13468.229    23.379     6.87    5.09
  13754.827    24.893     5.28    4.34
  14041.339    26.181     4.49    3.82
  14327.659    26.621     1.54    3.84
  14613.980    26.708     0.30    4.08
  14900.302    26.751     0.15    4.68
  15186.625    27.432     2.38    5.03
  15472.949    28.276     2.95    5.17
  15759.274    29.126     2.97    5.30
  16045.600    30.196     3.74    5.45
  16331.927    31.580     4.83    5.60
  16618.254    33.480     6.64    6.31
  16904.583    35.449     6.88    7.21
  17190.913    37.607     7.54    8.02
  17477.243    39.596     6.94    8.36
  17763.574    41.425     6.39    8.74
  18049.907    43.408     6.92    9.59
  18336.240    44.950     5.38   10.06
  18622.574    46.774     6.37   10.29
  18908.910    48.727     6.82   10.26
  19195.246    50.188     5.10    9.86
  19481.583    50.936     2.61    8.90
  19767.921    50.858    -0.27    7.95
  20054.260    50.107    -2.62    7.40
  20340.600    48.858    -4.36    7.10
  20626.940    47.316    -5.39    6.49
  20913.282    45.915    -4.89    5.23
  21199.625    44.629    -4.49    4.09
  21485.968    43.461    -4.08    3.74
  21772.313    42.116    -4.69    4.23
  22058.658    40.545    -5.49    4.95
  22345.005    38.916    -5.69    5.47
  22631.352    37.354    -5.45    5.62
  22917.700    36.011    -4.69    5.34
  23204.050    35.426    -2.04    5.10
  23490.400    35.337    -0.31    4.76
  23776.751    35.126    -0.74    4.31
  24063.103    34.745    -1.33    4.48
  24349.456    34.073    -2.35    4.56
  24635.810    33.356    -2.50    4.35
  24922.165    32.237    -3.91    4.41
  25208.520    32.052    -0.65    4.71
  25494.877    32.505     1.58    5.07
  25781.235    33.276     2.69    5.02
  26067.593    34.257     3.43    4.54
  26353.953    35.404     4.00    4.01
  26640.313    36.795     4.86    4.26
  26926.675    37.823     3.59    4.47
  27213.037    38.013     0.66    4.73
  27499.400    37.950    -0.22    4.85
  27785.764    38.383     1.51    4.40
  28072.129    38.716     1.16    3.61
  28358.495    38.216    -1.74    2.95
  28644.862    37.622    -2.08    2.80
  28931.230    37.686     0.22    2.92
  29217.599    37.560    -0.44    3.00
  29503.969    37.554    -0.02    2.89
  29790.340    37.696     0.50    2.92
  30076.711    37.991     1.03    2.96
  30363.084    38.508     1.81    3.10
  30649.458    39.134     2.19    2.95
  30935.832    39.133    -0.00    3.48
  31222.207    38.806    -1.14    3.92
  31508.584    38.480    -1.14    4.02
  31794.961    38.799     1.11    3.94
  32081.339    39.727     3.24    3.50
  32367.718    40.274     1.91    3.05
  32654.099    40.381     0.37    2.93
  32940.480    40.011    -1.29    2.69
  33226.862    40.359     1.22    3.10
  33513.244    41.111     2.62    3.63
  33799.628    41.768     2.30    4.03
  34086.013    42.766     3.48    4.17
  34372.399    43.539     2.70    3.96
  34658.785    44.172     2.21    3.64
  34945.173    44.489     1.11    3.57
  35231.561    44.361    -0.45    3.73
  35517.951    43.686    -2.36    3.54
  35804.341    42.986    -2.44    3.21
  36090.733    42.461    -1.83    2.92
  36377.125    42.188    -0.95    2.86
  36663.518    42.214     0.09    2.77
  36949.912    42.189    -0.09    2.57
  37236.307    42.348     0.56    2.66
  37522.703    42.271    -0.27    3.38
  37809.100    41.686    -2.04    3.81
  38095.498    40.895    -2.76    4.06
  38381.897    40.464    -1.51    4.66
  38668.297    39.775    -2.40    5.63
  38954.697    38.525    -4.36    6.48
  39241.099    37.333    -4.16    6.99
  39527.501    35.826    -5.26    7.31
  39813.905    33.839    -6.94    7.30
  40100.309    32.067    -6.19    6.26
  40386.715    30.644    -4.97    4.87
  40673.121    29.512    -3.95    3.66
  40959.528    28.755    -2.64    2.77
  41245.936    28.384    -1.30    2.64
  41532.346    28.408     0.08    2.45
  41818.756    28.664     0.90    2.37
  42105.167    28.957     1.02    2.97
  42391.579    29.643     2.39    3.56
  42677.991    30.786     3.99    4.22
  42964.405    32.390     5.60    4.69
  43250.820    34.439     7.16    4.95
  43537.236    36.822     8.32    5.38
  43823.652    39.274     8.56    5.40
  44110.070    41.598     8.11    4.79
  44396.488    43.716     7.40    4.16
  44682.908    45.665     6.80    3.21
  44969.328    46.533     3.03    2.45
  45255.749    46.887     1.24    2.30
  45542.171    46.922     0.12    2.83
  45828.595    46.559    -1.27    3.63
  46115.019    45.860    -2.44    4.26
  46401.444    44.929    -3.25    4.47
  46687.870    43.840    -3.80    4.45
  46974.297    43.514    -1.14    4.31
  47260.724    43.518     0.01    4.55
  47547.153    44.167     2.27    4.64
  47833.583    44.868     2.45    4.54
  48120.013    45.689     2.87    4.53
  48406.445    46.664     3.40    4.73
  48692.878    46.847     0.64    4.78
  48979.311    46.616    -0.81    5.19
  49265.745    45.858    -2.65    5.74
  49552.181    44.936    -3.22    5.90
  49838.617    44.404    -1.86    5.76
  50125.054    44.344    -0.21    5.73
  50411.492    44.668     1.13    5.36
  50697.931    45.786     3.90    5.59
  50984.371    47.177     4.86    6.06
  51270.812    48.907     6.04    5.84
  51557.254    50.509     5.59    5.60
  51843.697    51.936     4.98    5.53
  52130.141    53.126     4.15    5.66
  52416.585    53.691     1.97    6.55
  52703.031    54.005     1.10    7.57
  52989.478    54.418     1.44    8.18
  53275.925    55.109     2.41    8.44
  53562.374    56.114     3.51    8.45
  53848.823    57.483     4.78    8.37
  54135.273    59.303     6.35    7.51
  54421.725    60.908     5.60    6.60
  54708.177    62.059     4.02    6.75
  54994.630    63.187     3.94    7.27
  55281.084    64.024     2.92    7.69
  55567.539    64.299     0.96    7.84
  55853.995    64.066    -0.81    7.80
  56140.452    64.439     1.30    7.37
  56426.910    65.425     3.44    7.06
  56713.368    67.111     5.88    7.17
  56999.828    68.758     5.75    8.37
  57286.289    71.295     8.85    9.77
  57572.750    74.260    10.35   10.35
  57859.213    78.174    13.66    9.32
  58145.676    82.276    14.32    8.68
  58432.140    86.012    13.04    7.92
  58718.606    89.760    13.08    7.28
  59005.072    93.196    12.00    8.81
  59291.539    96.732    12.34   10.39
  59578.007   100.191    12.08   10.58
  59864.476   103.246    10.66   10.08
  60150.946   106.076     9.88    9.66
  60437.417   108.750     9.33    8.91
  60723.889   110.470     6.01    8.26
  61010.362   111.696     4.28    8.18
  61296.836   110.688    -3.52   10.59
  61583.310   109.739    -3.31   12.50
  61869.786   108.909    -2.90   13.94
  62156.262   108.100    -2.82   14.73
  62442.740   105.360    -9.56   16.62
  62729.218   102.562    -9.77   16.87
  63015.698   100.166    -8.36   15.12
  63302.178    99.408    -2.64   13.33
  63588.659   100.436     3.59   12.79
  63875.141   103.115     9.35   14.04
  64161.624   106.343    11.27   14.09
  64448.109   109.789    12.03   13.55
  64734.593   112.527     9.56   11.92
  65021.079   115.656    10.92    8.58
  65307.566   117.119     5.11    6.01
  65594.054   116.379    -2.58    5.15
  65880.543   115.732    -2.26    4.44
  66167.032   116.336     2.11    4.98
  66453.523   118.028     5.91    6.59
  66740.015   120.842     9.82    7.84
  67026.507   123.275     8.49    8.16
  67313.000   124.844     5.48    8.15
  67599.495   126.895     7.16    7.85
