# NaN NaN NaN ;Mean Elev.(m), Avg Gradient(m/km), RMS Gradient(m/km) - SRTM1     
#  -10.428  -5.513   7.543 ;Mean Elev.(m), Avg Gradient(m/km), RMS Gradient(m/km) - ASTER GDEM
#   27.962  -5.352   7.236 ;Mean Elev.(m), Avg Gradient(m/km), RMS Gradient(m/km) - GMTED2010 
   2  52.369050  65.893876     9.876     9.855  7 54670.33680269 30.732
   3  52.368123  65.894737     8.824     8.757  8 54680.25244661 30.952
   4  52.368360  65.895709     9.286     9.162  8 54690.16808948 36.593
   5  52.368403  65.895825     9.488     9.564  8 54700.08373007 46.621
   6  52.373016  65.894898     9.853     9.804  7 54709.99937571 30.353
   7  52.369505  65.893215    11.647    11.645  7 54719.91502666 39.380
   8  52.368465  65.891858    11.389    11.370  6 54729.83067524 46.015
   9  52.366591  65.891651    10.371    10.530  7 54739.74632220 29.907
  10  52.365719  65.892198    78.014    77.950  6 54749.66196929 25.733
  11  52.368651  65.892984    76.702    76.076  6 54759.57761653 20.119
  12  52.368873  65.892829    77.734    76.568  6 54769.49326116 16.705
  13  52.366238  65.891750    12.355    12.334  6 54779.40890214 51.102
  14  52.363725  65.890552    10.283    10.274  6 54789.32454060 41.652
  15  52.363832  65.890511    11.137    11.127  6 54799.24017827 40.043
  16  52.367659  65.891677    11.083    11.118  7 54809.15581638 32.906
  17  52.369638  65.892989    11.171    11.139  7 54819.07145405 21.695
  18  52.368766  65.893754    10.800    10.801  6 54828.98710625 22.009
  19  52.372463  65.894383    11.435    11.711  7 54838.90274543 17.952
  20  52.368381  65.894806    11.393    11.349  9 54848.81839421 16.905
  21  52.368255  65.895731    11.048    10.942  8 54858.73404287 16.596
  22  52.364558  65.896261    11.818    11.509  9 54868.64969134 16.279
  23  52.363507  65.895667    12.058    11.972  9 54878.56533915 16.557
  24  52.368563  65.894283    14.072    13.211  7 54888.48098438 16.416
  25  52.367942  65.892425    12.575    12.429  6 54898.39662580 16.138
  26  52.368381  65.891934    13.547    13.879  6 54908.31226484 17.370
  27  52.367294  65.892492    12.256    11.799  6 54918.22790249 16.470
  28  52.369349  65.893180    16.702    16.817  7 54928.14354027 14.906
  29  52.369375  65.892668    12.633    12.590  6 54938.05917713 14.590
  30  52.366269  65.891293    15.998    15.647  7 54947.97481194 11.878
  31  52.363832  65.890066     9.376     9.418  5 54957.89044717 29.306
  32  52.362037  65.890199    14.035    14.042  6 54967.80609552 33.219
  33  52.364707  65.891434    15.587    15.589  6 54977.72174328 51.192
  34  52.366668  65.892655    16.635    16.661  7 54987.63739102 33.959
  35  52.367981  65.893237    16.692    16.621  7 54997.55303883 33.160
  36  52.367770  65.893475    15.275    15.135  6 55007.46868475 31.124
  37  52.367732  65.893885    11.402    11.454  7 55017.38432862 40.468
  38  52.368718  65.894851    10.697    10.773  8 55027.29997117 33.482
  39  52.373062  65.896257    10.403    10.343  9 55037.21561356 52.487
  40  52.373102  65.896457     9.529     9.520  9 55047.13125450 36.184
  41  52.369053  65.894775     8.925     8.931  9 55057.04689310 36.633
  42  52.367762  65.892259     8.927     8.919  6 55066.96252968 32.146
  43  52.361331  65.890457     9.687     9.496  5 55076.87817940 28.537
  44  52.363516  65.890856     9.299     8.967  5 55086.79382739 31.399
  45  52.368324  65.892483     9.550     9.562  6 55096.70947405 48.674
  46  52.368872  65.893400    10.080    10.064  6 55106.62511993 31.222
  47  52.367691  65.892771    13.004    13.088  6 55116.54076516 25.258
  48  52.365511  65.891075    10.779    10.780  6 55126.45640794 26.335
  49  52.362255  65.889786     9.817     9.836  5 55136.37204822 48.071
  50  52.361733  65.890012     9.290     9.591  5 55146.28768676 46.650
  51  52.368511  65.891986    10.251    10.225  6 55156.20332527 39.884
  52  52.369028  65.893285    10.253    10.236  7 55166.11896329 32.549
  53  52.368757  65.893736    10.023    10.034  6 55176.03460094 29.286
  54  52.367142  65.893108    12.427    12.478  7 55185.95024256 16.928
  55  52.367558  65.893319    12.443    12.432  6 55195.86589365 16.860
  56  52.369262  65.894612    12.697    12.482  7 55205.78154364 16.654
  57  52.363919  65.895892    12.551    11.703  9 55215.69719237 17.447
  58  52.374442  65.896941    13.924    13.680  9 55225.61284200 16.305
  59  52.367404  65.894872    13.051    12.362  9 55235.52848776 16.138
  60  52.365563  65.891960    14.754    14.908  6 55245.44413063 15.950
  61  52.362157  65.889860    13.408    13.356  6 55255.35977058 15.181
  62  52.363189  65.890492    13.563    13.607  6 55265.27540951 15.987
  63  52.367455  65.892808    14.776    14.932  7 55275.19104794 16.009
  64  52.368876  65.893917    19.224    19.446  6 55285.10668530 17.479
  65  52.368868  65.892687     9.465     9.500  6 55295.02232065 23.268
  66  52.363042  65.890008     8.930     8.940  5 55304.93795868 37.894
  67  52.359248  65.888643    13.296    13.385  6 55314.85360550 33.885
  68  52.362719  65.889935    16.164    16.137  5 55324.76925135 52.234
  69  52.367536  65.892481    16.145    16.118  7 55334.68489610 35.520
  70  52.371232  65.894374    14.319    14.417  7 55344.60054045 28.793
  71  52.370311  65.894368    13.666    12.800  8 55354.51618356 23.395
  72  52.367777  65.893638    13.489    13.482  7 55364.43182443 25.772
  73  52.370051  65.893547    11.397    11.369  7 55374.34746410 37.326
  74  52.373053  65.894513    10.971    11.000  7 55384.26310267 32.346
  75  52.368898  65.895212    10.187    10.213 10 55394.17873975 34.918
  76  52.369111  65.895376     9.728     9.797  9 55404.09437762 33.712
  77  52.367319  65.893888     9.357     9.321  7 55414.01002908 36.686
  78  52.367358  65.891488     9.056     9.020  6 55423.92567770 32.160
  79  52.359795  65.889251     9.711     9.814  6 55433.84132303 51.110
  80  52.362966  65.889997    10.098    10.024  5 55443.75696784 28.262
  81  52.369302  65.892229    10.135    10.144  6 55453.67261168 29.799
  82  52.370183  65.893857    10.876    10.829  7 55463.58825422 43.152
  83  52.369201  65.893093    11.116    11.122  6 55473.50389423 45.208
  84  52.363084  65.890549    10.630    10.585  6 55483.41953086 31.321
  85  52.360585  65.888574    12.595    12.968  6 55493.33516570 28.288
  86  52.363726  65.889348    11.029    10.996  6 55503.25079976 32.575
  87  52.366580  65.892026    10.644    10.635  6 55513.16644731 43.934
  88  52.371907  65.894597    12.479    12.413  7 55523.08209743 48.542
  89  52.368397  65.894991    11.597    11.510  9 55532.99774512 36.526
  90  52.369981  65.894291    11.093    11.128  7 55542.91339152 29.779
  91  52.368213  65.893610    11.165    11.074  7 55552.82903563 27.572
  92  52.369603  65.894312    10.584    10.630  7 55562.74467884 25.444
  93  52.367598  65.895200    10.724    10.426 10 55572.66032109 23.405
  94  52.367775  65.895152    10.494    10.468 10 55582.57596226 23.761
  95  52.367625  65.893379    12.232    12.123  7 55592.49160000 20.570
  96  52.364120  65.890675    13.335    13.586  5 55602.40723409 19.093
  97  52.362634  65.889102    13.784    13.810  6 55612.32286628 18.746
  98  52.361072  65.889514    13.394    13.456  6 55622.23850069 17.048
  99  52.367047  65.891882    13.937    13.626  6 55632.15415417 15.942
 100  52.369122  65.893101    13.191    13.190  7 55642.06980505 15.352
 101  52.366930  65.892445    13.152    13.030  7 55651.98545266 15.833
 102  52.363338  65.890419    13.690    13.756  5 55661.90109609 28.091
 103  52.362717  65.889506    13.495    13.419  5 55671.81673670 32.971
 104  52.364389  65.890368    13.404    13.434  5 55681.73237606 38.599
 105  52.367886  65.892557    15.674    15.652  7 55691.64801398 38.352
 106  52.369886  65.894240    14.293    14.059  7 55701.56365012 27.430
 107  52.369429  65.894661    14.065    14.055  8 55711.47929168 52.704
 108  52.367545  65.894217    15.868    15.874  7 55721.39494125 41.062
 109  52.370458  65.894212    11.970    11.988  7 55731.31058918 36.238
 110  52.370140  65.894348    10.421    10.361  8 55741.22623554 33.324
 111  52.369068  65.894533     9.655     9.642  7 55751.14188057 32.368
 112  52.369814  65.894138     9.162     9.226  7 55761.05752340 33.647
 113  52.369286  65.892927     8.801     8.807  7 55770.97316324 39.022
 114  52.363596  65.890806     8.806     8.756  5 55780.88879913 34.665
 115  52.362714  65.889764     8.855     8.881  5 55790.80443291 29.964
 116  52.361413  65.889892     8.880     8.843  5 55800.72006551 46.778
 117  52.365857  65.891494     9.010     8.801  6 55810.63571497 31.846
 118  52.367146  65.892475     8.876     8.737  7 55820.55136395 31.472
 119  52.366580  65.892069     9.002     8.945  7 55830.46700804 32.217
 120  52.362908  65.890513     9.779     9.758  6 55840.38264725 27.296
 121  52.362391  65.889687    10.140    10.089  6 55850.29828370 27.961
 122  52.365165  65.890706    11.263    11.231  5 55860.21391849 33.269
 123  52.367215  65.892869     9.436     9.423  6 55870.12956974 46.745
 124  52.371049  65.894627     9.607     9.616  7 55880.04522098 31.639
 125  52.368347  65.894774    10.274    10.296  9 55889.96086490 29.222
 126  52.369763  65.894412    10.205    10.198  7 55899.87650332 30.592
 127  52.367448  65.893921    10.164    10.118  7 55909.79213662 24.633
 128  52.368911  65.894482    10.316    10.206  7 55919.70778848 36.350
 129  52.368984  65.894450     9.786     9.784  7 55929.62344109 32.592
 130  52.368597  65.893402     9.838     9.862  6 55939.53908990 29.116
 131  52.366405  65.891614     9.418     9.377  7 55949.45473377 25.170
 132  52.360926  65.890353    10.275    10.171  5 55959.37037303 19.667
 133  52.362520  65.890661    10.931    10.972  6 55969.28601057 18.785
 134  52.367750  65.891846    11.357    11.718  7 55979.20164751 18.199
 135  52.368663  65.892179    11.489    11.375  6 55989.11728328 19.049
 136  52.365171  65.891624    11.954    12.243  6 55999.03292504 17.979
 137  52.366870  65.891126    13.094    13.188  6 56008.94857609 18.044
 138  52.362961  65.890601    15.164    14.930  5 56018.86422247 22.425
 139  52.364463  65.891322    13.937    14.970  6 56028.77986646 16.980
 140  52.366518  65.892724     9.126     9.003  6 56038.69550877 26.605
 141  52.370983  65.894033    12.331    12.302  7 56048.61114935 40.154
 142  52.368823  65.894470    14.773    14.743  7 56058.52678658 53.414
 143  52.366946  65.894027    15.752    15.508  7 56068.44241958 31.548
 144  52.371354  65.894405    15.032    15.026  7 56078.35807130 29.116
 145  52.369707  65.894672    13.368    13.354  8 56088.27371973 53.823
 146  52.367052  65.894902    12.020    11.992  9 56098.18936556 52.109
 147  52.372296  65.894616    10.960    10.875  7 56108.10500982 31.547
 148  52.366930  65.892632    11.106    11.204  7 56118.02063867 30.726
 149  52.363374  65.890624    10.697    10.800  6 56127.93627558 30.892
 150  52.361141  65.889621    11.280    11.551  5 56137.85190903 29.433
 151  52.364587  65.890845    10.167    10.142  5 56147.76755575 28.767
 152  52.368939  65.892584     9.827     9.890  7 56157.68320541 47.426
 153  52.369240  65.893178     9.496     9.451  7 56167.59885368 41.580
 154  52.369216  65.892310     9.073     9.110  6 56177.51449921 32.940
 155  52.363905  65.890770    10.049    10.125  5 56187.43013956 49.983
 156  52.362971  65.890290    14.559    16.014  6 56197.34577674 31.365
 157  52.367782  65.891711    11.145    11.258  6 56207.26141152 44.370
 158  52.367998  65.893522    11.246    11.673  7 56217.17704433 31.837
 159  52.369505  65.894872    11.995    12.122  9 56227.09268719 32.838
 160  52.368918  65.894772     9.486     9.470  8 56237.00834183 44.408
 161  52.369795  65.894146     9.213     9.179  7 56246.92399272 46.948
 162  52.368934  65.893822    10.847    10.855  6 56256.83963841 42.209
 163  52.369314  65.894591    10.525    10.553  7 56266.75528071 36.662
 164  52.368658  65.895186    10.093    10.098  9 56276.67092124 34.321
 165  52.368655  65.894722     9.818     9.781  8 56286.58656845 34.082
 166  52.369312  65.892733     9.490     9.484  7 56296.50221828 31.483
 167  52.362257  65.890172     9.775     9.761  6 56306.41786337 23.450
 168  52.360417  65.889600     9.275     9.244  6 56316.33350588 26.760
 169  52.366498  65.891628     9.105     8.967  6 56326.24914746 25.979
 170  52.367774  65.893491     8.741     8.709  6 56336.16478764 28.483
 171  52.370074  65.893812     8.864     8.838  7 56346.08042652 25.771
 172  52.368334  65.892146    10.062    10.175  6 56355.99606255 21.967
 173  52.363906  65.890404    10.210    10.441  5 56365.91170886 21.837
 174  52.363272  65.890489    12.715    12.662  6 56375.82735750 19.350
 176  52.367788  65.895058    14.413    15.152  9 56395.65864750 16.936
 177  52.364712  65.895819    11.474    11.463  9 56405.57428883 31.741
 178  52.373332  65.895768    11.591    11.628  9 56415.48992792 44.541
 179  52.370580  65.893981    15.459    15.469  7 56425.40556112 40.360
 180  52.366571  65.893250    13.561    13.616  7 56435.32120902 53.159
 181  52.369931  65.894145    13.873    13.939  7 56445.23686127 26.297
 182  52.369378  65.895305    12.776    12.804  9 56455.15251075 31.206
 183  52.368902  65.895034    12.875    12.889  9 56465.06815720 46.908
 184  52.368764  65.893095    10.888    10.853  7 56474.98379996 50.673
 185  52.362850  65.890275     9.720     9.686  6 56484.89943872 52.331
 186  52.362307  65.889422     8.938     8.977  6 56494.81507502 37.888
 187  52.368900  65.891189     8.705     8.725  6 56504.73071015 36.858
 188  52.369499  65.893216     8.638     8.657  6 56514.64634321 32.262
 189  52.370376  65.894115     8.437     8.385  7 56524.56199560 33.301
 190  52.369227  65.892905     8.589     8.602  7 56534.47764675 34.280
 192  52.363495  65.890804     8.921     8.874  5 56554.30893821 43.594
 193  52.366842  65.892932     9.489     9.516  6 56564.22458135 29.365
 194  52.368443  65.895478     9.077     9.007 10 56574.14022303 48.247
 195  52.374086  65.896904     9.301     9.303  9 56584.05586241 39.859
 196  52.368818  65.895524     9.117     9.057 10 56593.97149625 41.993
 197  52.369858  65.894188    11.116    11.091  7 56603.88714969 46.460
 198  52.369570  65.893351    13.335    13.333  7 56613.80279823 52.272
 199  52.369112  65.893858    14.355    14.329  6 56623.71844280 36.676
 200  52.370440  65.894619    11.754    11.762  8 56633.63408471 26.795
 201  52.371922  65.894514    11.643    11.455  7 56643.54972190 21.393
 202  52.368969  65.892859    21.496    23.377  7 56653.46537333 10.141
 203  52.364759  65.890807    11.431    11.500  5 56663.38102197 16.477
 204  52.361345  65.889917    11.753    11.798  5 56673.29666795 15.342
 205  52.367840  65.891749    12.202    12.227  7 56683.21231355 15.082
 206  52.368369  65.893520    11.617    11.767  7 56693.12795648 15.448
 207  52.371564  65.894432    11.866    11.966  7 56703.04359542 15.611
 208  52.367096  65.892951    12.320    12.150  6 56712.95922841 14.324
 209  52.367070  65.891838    15.822    15.734  6 56722.87487608 10.610
 210  52.367549  65.891920    11.859    11.745  6 56732.79052707 14.492
 211  52.370944  65.894006    13.898    13.184  7 56742.70617490 13.843
 212  52.368890  65.895976    18.843    18.888 10 56752.62181790 11.544
 213  52.368480  65.896699    10.107     9.802  8 56762.53745573 45.803
 214  52.367807  65.895569    10.660    10.687  8 56772.45308681 35.206
 215  52.370846  65.894593    11.760    11.763  8 56782.36874495 33.086
 216  52.367740  65.893738    15.521    15.505  7 56792.28439884 37.396
 217  52.368334  65.894092    18.062    18.098  7 56802.20005023 33.405
 218  52.371485  65.894763    16.547    16.576  8 56812.11569429 44.216
 219  52.368418  65.894268    14.270    14.231  7 56822.03133376 54.851
 220  52.367643  65.892808    14.832    14.798  6 56831.94696922 29.696
 221  52.368132  65.891169    14.397    14.405  6 56841.86260144 35.046
 222  52.363973  65.890495    11.412    11.436  6 56851.77823935 37.280
 223  52.368396  65.891945     9.866     9.881  6 56861.69389412 33.997
 224  52.370512  65.893639     9.474     9.541  7 56871.60954808 47.397
 225  52.366843  65.894031     9.607     9.544  7 56881.52519851 44.085
 226  52.369284  65.893796     9.172     9.275  7 56891.44084579 31.161
 227  52.366567  65.892913     9.490     9.372  7 56901.35648960 30.351
 228  52.370392  65.893681     9.535     9.465  7 56911.27213207 48.364
 229  52.370164  65.894874    10.548    10.552  8 56921.18777259 30.140
 230  52.368056  65.896015    10.905    10.862  8 56931.10341075 39.113
 231  52.363927  65.895797    11.353    11.070  9 56941.01904361 36.505
 232  52.366880  65.895145     9.417     9.292 10 56950.93468402 46.038
 233  52.370615  65.894426    10.001    10.017  7 56960.85033590 47.447
 234  52.369175  65.893896     9.809     9.809  6 56970.76598234 26.739
 235  52.369177  65.893847    10.000     9.975  6 56980.68162494 36.611
 236  52.366726  65.893549     9.960     9.905  7 56990.59726291 29.474
 237  52.366529  65.892657    10.068    10.106  7 57000.51289473 26.093
 238  52.367285  65.892090    10.239    10.213  7 57010.42855042 25.367
 239  52.367398  65.891484    10.062    10.043  6 57020.34420246 25.558
 240  52.368098  65.891855    11.746    11.990  6 57030.25985161 21.588
 241  52.367489  65.892660    12.147    12.219  7 57040.17549887 20.654
 242  52.367228  65.893502    12.662    13.004  7 57050.09114399 18.273
 243  52.368239  65.893577    13.286    13.317  6 57060.00678515 18.257
 244  52.368355  65.893149    15.355    15.217  6 57069.92242056 16.043
 245  52.368375  65.892983    19.435    19.321  7 57079.83805165 13.359
 246  52.369954  65.893931    19.226    18.959  7 57089.75369054 14.860
 247  52.369516  65.895526    17.110    16.953  9 57099.66934855  8.893
 248  52.374075  65.896719    19.281    19.085  9 57109.58500400 12.378
 249  52.372413  65.896093    15.875    16.032  9 57119.50065339  9.579
 250  52.367194  65.894586     8.846     8.693  8 57129.41629649 19.297
 251  52.371058  65.894125     8.764     8.863  7 57139.33193499 18.557
 252  52.372074  65.894287    11.063    10.536  7 57149.24756960 31.001
 253  52.368665  65.894095    16.167    16.163  7 57159.16320099 52.980
 254  52.368003  65.893523    18.725    18.691  7 57169.07885118 54.663
 255  52.369023  65.892513    18.423    18.405  7 57178.99450707 42.304
 256  52.365719  65.891366    15.707    15.711  6 57188.91015849 32.618
 257  52.365131  65.891546    12.633    12.647  6 57198.82580634 52.704
 258  52.369391  65.892869    11.466    11.465  7 57208.74144101 32.775
 259  52.368915  65.893793    10.187    10.171  7 57218.65708536 35.807
 260  52.367792  65.893723    10.229    10.155  7 57228.57272863 33.588
 261  52.366871  65.893165    11.460    11.465  7 57238.48836972 33.439
 262  52.369487  65.892954    11.284    11.301  7 57248.40400794 30.791
 263  52.369569  65.893524    11.087    11.064  7 57258.31964346 37.886
 264  52.370356  65.894918    10.195    10.215  8 57268.23527782 29.614
 265  52.365032  65.895917    10.262    10.264  9 57278.15092621 37.805
 266  52.373696  65.896543    10.558    10.632  9 57288.06658318 47.935
 267  52.367659  65.895099    10.060    10.065 10 57297.98223588 49.056
 268  52.366760  65.893639    10.795    10.815  7 57307.89788544 50.008
 269  52.368455  65.893452     9.221     9.299  6 57317.81353160 36.039
 270  52.369453  65.894118     9.098     9.049  7 57327.72917454 42.918
 271  52.367880  65.894748     9.597     9.574  8 57337.64481510 39.585
 272  52.367413  65.894168     9.738     9.739  7 57347.56046310 32.912
 273  52.367970  65.892534     9.880     9.878  6 57357.47610974 28.224
 274  52.363072  65.890690    10.176    10.322  5 57367.39175248 21.802
 275  52.362733  65.890741    10.280    10.489  5 57377.30739259 18.500
 276  52.367556  65.892619     9.593     9.811  6 57387.22303141 20.170
 277  52.368696  65.894033     9.615     9.658  7 57397.13866915 19.479
 278  52.370243  65.894161    10.478    10.446  7 57407.05430560 18.852
 279  52.369179  65.893175    11.265    11.394  6 57416.96995696 16.633
 280  52.368967  65.892680    12.040    11.825  6 57426.88560788 17.913
 281  52.368208  65.893677    11.420    11.247  7 57436.80125595 19.147
 282  52.363830  65.895553    10.766    10.256  9 57446.71690218 19.596
 283  52.369248  65.897378    22.303    21.773  8 57456.63254837 18.735
 284  52.370325  65.896972    17.985    17.607  8 57466.54819175 14.928
 285  52.367708  65.894547    20.616    20.777  8 57476.46383083 11.160
 286  52.368406  65.892458     9.638     9.558  6 57486.37946691 20.672
 287  52.368076  65.892029     9.347     9.367  6 57496.29510055 24.641
 288  52.368554  65.893379    13.243    13.212  6 57506.21073619 50.533
 289  52.369791  65.894733    16.286    16.298  8 57516.12639266 54.267
 290  52.372085  65.894374    13.535    13.560  7 57526.04204652 49.072
 291  52.367118  65.892023    14.359    14.366  6 57535.95769721 30.857
 292  52.361872  65.890169    13.155    13.238  5 57545.87334511 53.304
 293  52.362286  65.890585    11.027    10.935  5 57555.78899173 31.356
 294  52.369486  65.893066    12.314    12.365  7 57565.70463766 28.455
 295  52.368930  65.894697    10.518    10.523  8 57575.62028214 30.300
 296  52.368998  65.894853     9.593     9.620  9 57585.53592584 33.047
 297  52.367919  65.893789     9.068     8.968  7 57595.45156726 34.978
