# NaN NaN NaN ;Mean Elev.(m), Avg Gradient(m/km), RMS Gradient(m/km) - SRTM1     
#  -12.969  -0.118  15.872 ;Mean Elev.(m), Avg Gradient(m/km), RMS Gradient(m/km) - ASTER GDEM
#   33.557   0.014   9.565 ;Mean Elev.(m), Avg Gradient(m/km), RMS Gradient(m/km) - GMTED2010 
   3     2.836 54681.26860615 13.23  56.682226  66.088778  6.086 -100.00 -100.00 -100.00
   3   -26.382 54681.26860674 20.61  56.688681  66.088589 11.120 -100.00 -100.00 -100.00
   4    78.230 54691.18424835  8.83  56.677469  66.089739 12.689 -100.00 -100.00 -100.00
   4    81.906 54691.18424894 10.18  56.683924  66.089550 12.048 -100.00 -100.00 -100.00
   5     4.929 54701.09988873 16.44  56.678082  66.089748  9.861 -100.00 -100.00 -100.00
   5   -18.038 54701.09988932 22.94  56.684536  66.089560 13.552 -100.00 -100.00 -100.00
   6   102.200 54711.01553559  1.76  56.679801  66.088356  4.024 -100.00 -100.00 -100.00
   6   102.993 54711.01553618  0.77  56.686255  66.088167  3.099 -100.00 -100.00 -100.00
   7    11.754 54720.93118698 11.50  56.681608  66.086705  2.631 -100.00 -100.00 -100.00
   7    11.744 54720.93118757 12.14  56.688061  66.086516  3.069 -100.00 -100.00 -100.00
   8    96.775 54730.84683519 17.64  56.677468  66.085537 15.662 -100.00 -100.00 -100.00
   8    96.400 54730.84683578 10.58  56.683921  66.085348 16.104 -100.00 -100.00 -100.00
   8   101.982 54730.84683637  0.55  56.690374  66.085159  2.796 -100.00 -100.00 -100.00
   9    95.025 54740.76248253 19.61  56.681765  66.085355 22.992 -100.00 -100.00 -100.00
   9    98.273 54740.76248312  5.12  56.688218  66.085166  3.837 -100.00 -100.00 -100.00
  10    99.946 54750.67812949  6.62  56.682260  66.085747  4.508 -100.00 -100.00 -100.00
  10    98.877 54750.67813008  5.95  56.688713  66.085558  3.115 -100.00 -100.00 -100.00
  11    81.173 54760.59377573 18.50  56.676779  66.086174   -100 -100.00 -100.00 -100.00
  11    87.962 54760.59377632 10.69  56.683233  66.085985 13.858 -100.00 -100.00 -100.00
  11    88.303 54760.59377691 10.86  56.689687  66.085795 13.799 -100.00 -100.00 -100.00
  12    96.801 54770.50942031 21.28  56.679070  66.085653 18.188 -100.00 -100.00 -100.00
  12    97.033 54770.50942090 24.87  56.685524  66.085464 22.634 -100.00 -100.00 -100.00
  13   113.556 54780.42506115 16.76  56.675943  66.085050 13.306 -100.00 -100.00 -100.00
  13   107.773 54780.42506174 19.27  56.682397  66.084861 17.678 -100.00 -100.00 -100.00
  13   102.117 54780.42506233 23.70  56.688851  66.084671 25.145 -100.00 -100.00 -100.00
  14   112.878 54790.34069949 12.40  56.673540  66.084562 12.401 -100.00 -100.00 -100.00
  14   113.055 54790.34070008 13.68  56.679994  66.084373 11.279 -100.00 -100.00 -100.00
  14   101.569 54790.34070067 18.49  56.686448  66.084184 18.153 -100.00 -100.00 -100.00
  15    90.854 54800.25633723 10.68  56.676575  66.084956 15.720  243.81  238.18  228.91
  15    90.640 54800.25633782 12.45  56.683029  66.084767 18.779  243.81  238.18  228.91
  15    90.228 54800.25633841 13.91  56.689483  66.084577 24.305  243.81  238.18  228.91
  20   103.597 54849.83455397  0.89  56.677178  66.088225  4.309 -100.00 -100.00 -100.00
  20   102.791 54849.83455456  0.56  56.683633  66.088036  3.222 -100.00 -100.00 -100.00
  24   103.005 54889.49714373  0.71  56.682189  66.086944  4.014 -100.00 -100.00 -100.00
  24   102.044 54889.49714432  0.19  56.688643  66.086755  3.333 -100.00 -100.00 -100.00
  26   104.694 54909.32842326  0.63  56.673708  66.085048  3.096  254.88  247.80  230.94
  26   103.700 54909.32842385  0.68  56.680163  66.084859  3.252  254.88  247.80  230.94
  26   102.014 54909.32842444  1.63  56.686616  66.084669  4.766  254.88  247.80  230.94
  27   103.186 54919.24406169  1.53  56.681505  66.085895  4.161  254.34  246.27  228.56
  27   102.219 54919.24406228  1.74  56.687959  66.085705  4.767 -100.00 -100.00 -100.00
  28   104.127 54929.15969890  6.26  56.678885  66.086828  4.833 -100.00 -100.00 -100.00
  28   103.233 54929.15969950  5.33  56.685340  66.086639  3.730 -100.00 -100.00 -100.00
  29   103.801 54939.07533545  0.21  56.678219  66.086317  3.614 -100.00 -100.00 -100.00
  29   103.005 54939.07533604  0.27  56.684673  66.086128  3.456 -100.00 -100.00 -100.00
  30   104.708 54948.99097016  0.68  56.675646  66.085124  2.853 -100.00 -100.00 -100.00
  30   103.440 54948.99097075  0.67  56.682100  66.084935  3.372 -100.00 -100.00 -100.00
  30   102.417 54948.99097134  0.49  56.688553  66.084746  3.155 -100.00 -100.00 -100.00
  32    97.477 54968.82225562  7.31  56.671344  66.084785 12.966 -100.00 -100.00 -100.00
  32    93.318 54968.82225621  9.94  56.677796  66.084596 20.793 -100.00 -100.00 -100.00
  32    93.325 54968.82225680  1.83  56.684249  66.084407  7.451 -100.00 -100.00 -100.00
  33    99.271 54978.73790374 10.63  56.679419  66.085832  5.450 -100.00 -100.00 -100.00
  33    98.457 54978.73790433  9.33  56.685872  66.085643  4.296 -100.00 -100.00 -100.00
  34    92.018 54988.65355128 23.63  56.681800  66.086794 17.315 -100.00 -100.00 -100.00
  34    92.064 54988.65355187 27.49  56.688254  66.086605 24.583 -100.00 -100.00 -100.00
  35    90.467 54998.56919861  5.51  56.680446  66.086989  4.400 -100.00 -100.00 -100.00
  35   102.789 54998.56919920  4.69  56.686900  66.086800  3.567 -100.00 -100.00 -100.00
  36    99.971 55008.48484447  0.40  56.682470  66.086907  3.797 -100.00 -100.00 -100.00
  36   104.308 55008.48484506  0.03  56.688924  66.086718  2.449 -100.00 -100.00 -100.00
  39    91.803 55038.23177229  5.36  56.679622  66.089466  7.608 -100.00 -100.00 -100.00
  39    93.685 55038.23177288  4.15  56.686077  66.089277  6.369 -100.00 -100.00 -100.00
  41    29.228 55058.06305203 42.18  56.682017  66.088612   -100 -100.00 -100.00 -100.00
  41    29.478 55058.06305262 47.31  56.688472  66.088422   -100 -100.00 -100.00 -100.00
  45    91.650 55097.72563370 19.69  56.676669  66.085808 26.986 -100.00 -100.00 -100.00
  45   109.831 55097.72563429 22.54  56.683123  66.085619   -100 -100.00 -100.00 -100.00
  45   115.739 55097.72563488 25.53  56.689576  66.085429   -100 -100.00 -100.00 -100.00
  46    97.042 55107.64127942 21.04  56.677211  66.086977 17.711 -100.00 -100.00 -100.00
  46    93.381 55107.64128001 23.08  56.683665  66.086787 28.279 -100.00 -100.00 -100.00
  47    96.222 55117.55692441 21.00  56.677499  66.086476 21.265 -100.00 -100.00 -100.00
  47    96.088 55117.55692500 24.84  56.683953  66.086287 30.645 -100.00 -100.00 -100.00
  48   100.095 55127.47256693  2.39  56.675865  66.084711  3.145 -100.00 -100.00 -100.00
  48    98.455 55127.47256752  2.86  56.682319  66.084522  4.809 -100.00 -100.00 -100.00
  48   105.298 55127.47256811  1.21  56.688773  66.084333  2.333 -100.00 -100.00 -100.00
  50    30.433 55147.30384538 38.09  56.669490  66.083931 27.884  243.35  238.34  229.62
  50    30.868 55147.30384597 40.00  56.675944  66.083742 20.028  243.35  238.34  229.62
  50    30.978 55147.30384656 43.01  56.682398  66.083553 22.039  243.35  238.34  229.62
  50    30.523 55147.30384715 38.99  56.688852  66.083364 30.541  243.35  238.34  229.62
  51    31.976 55157.21948432 41.24  56.680753  66.085670 18.286  254.31  250.89  244.44
  51    31.466 55157.21948491 47.35  56.687207  66.085480   -100  254.31  250.89  244.44
  52    30.987 55167.13512200 28.21  56.678731  66.087493 15.918  255.17  253.29  245.78
  52    31.198 55167.13512259 27.68  56.685185  66.087303 12.992  255.17  253.29  245.78
  57   100.065 55216.71335249  0.48  56.677423  66.089467  3.703 -100.00 -100.00 -100.00
  57    98.397 55216.71335308  0.17  56.683878  66.089278  4.042 -100.00 -100.00 -100.00
  60   104.598 55246.46028935  0.62  56.672928  66.085565  4.411  246.00  233.79  207.61
  60   103.642 55246.46028994  0.51  56.679382  66.085376  4.975  246.00  233.79  207.61
  63   103.768 55276.20720669  0.70  56.676734  66.086050  3.561 -100.00 -100.00 -100.00
  63   103.023 55276.20720728  0.66  56.683188  66.085860  3.967 -100.00 -100.00 -100.00
  63   101.175 55276.20720787  0.73  56.689642  66.085671  4.002 -100.00 -100.00 -100.00
  64   103.388 55286.12284431  1.98  56.681750  66.087272  3.314 -100.00 -100.00 -100.00
  64   102.260 55286.12284490  3.15  56.688204  66.087083  5.664 -100.00 -100.00 -100.00
  66    29.786 55305.95411840 23.47  56.671199  66.084740 27.312  267.68  266.04  265.09
  66    29.807 55305.95411899 25.54  56.677652  66.084551 31.330  267.68  266.04  265.09
  66    29.509 55305.95411958 26.97  56.684105  66.084362   -100  267.68  266.04  265.09
  67    98.826 55315.86976555  8.00  56.673037  66.083212  9.829 -100.00 -100.00 -100.00
  67    94.302 55315.86976614  2.39  56.679489  66.083023  6.039 -100.00 -100.00 -100.00
  67    94.609 55315.86976673  7.39  56.685942  66.082834 11.334 -100.00 -100.00 -100.00
  68    95.745 55325.78541080 21.95  56.670500  66.084035 23.436 -100.00 -100.00 -100.00
  68    95.792 55325.78541139 23.73  56.676952  66.083847 26.680 -100.00 -100.00 -100.00
  68    95.735 55325.78541198 26.16  56.683405  66.083658 29.213 -100.00 -100.00 -100.00
  69   100.593 55335.70105598  8.88  56.680194  66.085984  5.240 -100.00 -100.00 -100.00
  69   101.044 55335.70105657  8.17  56.686647  66.085795  4.628 -100.00 -100.00 -100.00
  70    91.769 55345.61669975 22.03  56.678968  66.087874   -100 -100.00 -100.00 -100.00
  70    92.006 55345.61670034 19.52  56.685422  66.087685   -100 -100.00 -100.00 -100.00
  71    99.773 55355.53234242 12.95  56.677272  66.088201  4.185 -100.00 -100.00 -100.00
  71    99.355 55355.53234301 12.09  56.683726  66.088012  3.484 -100.00 -100.00 -100.00
  72    99.442 55365.44798367  6.16  56.681865  66.087540  4.089 -100.00 -100.00 -100.00
  72    98.487 55365.44798426  5.49  56.688319  66.087351  3.741 -100.00 -100.00 -100.00
  73    99.942 55375.36362290  2.43  56.681230  66.087187  3.326 -100.00 -100.00 -100.00
  73    99.356 55375.36362349  2.12  56.687684  66.086998  3.017 -100.00 -100.00 -100.00
  74    94.689 55385.27926102 12.25  56.680017  66.087890 12.959 -100.00 -100.00 -100.00
  74    94.245 55385.27926161  7.25  56.686471  66.087701  6.563 -100.00 -100.00 -100.00
  79   103.502 55434.85748290  0.84  56.672392  66.083710  2.992 -100.00 -100.00 -100.00
  79   102.747 55434.85748349  0.39  56.678845  66.083521  3.127 -100.00 -100.00 -100.00
  79   101.753 55434.85748408  0.09  56.685298  66.083332  3.265 -100.00 -100.00 -100.00
  80   114.550 55444.77312679 16.82  56.668351  66.083977 16.782 -100.00 -100.00 -100.00
  80   109.023 55444.77312738 19.75  56.674804  66.083788 19.692 -100.00 -100.00 -100.00
  80    97.630 55444.77312797 22.81  56.681256  66.083599   -100 -100.00 -100.00 -100.00
  80   113.137 55444.77312856  7.89  56.687709  66.083410  8.613 -100.00 -100.00 -100.00
  81   101.352 55454.68877074  6.17  56.676758  66.085401  3.113 -100.00 -100.00 -100.00
  81   100.087 55454.68877133  5.74  56.683212  66.085212  3.503 -100.00 -100.00 -100.00
  81   100.006 55454.68877192  4.88  56.689665  66.085022  3.081 -100.00 -100.00 -100.00
  82   100.340 55464.60441366  4.40  56.682172  66.086926  3.277 -100.00 -100.00 -100.00
  82    99.104 55464.60441425  3.83  56.688626  66.086737  3.443 -100.00 -100.00 -100.00
  83    98.207 55474.52005344 16.93  56.682127  66.086674 18.042 -100.00 -100.00 -100.00
  83   101.107 55474.52005403  4.09  56.688582  66.086485  3.420 -100.00 -100.00 -100.00
  84   101.907 55484.43568921  9.22  56.670449  66.085154  4.020 -100.00 -100.00 -100.00
  84   100.905 55484.43568980  8.76  56.676903  66.084965  3.521 -100.00 -100.00 -100.00
  84    99.538 55484.43569039  8.28  56.683357  66.084776  3.937 -100.00 -100.00 -100.00
  84    98.674 55484.43569098  7.52  56.689811  66.084587  3.653 -100.00 -100.00 -100.00
  85   101.930 55494.35132415  6.76  56.672595  66.083374  4.096 -100.00 -100.00 -100.00
  85    98.098 55494.35132474  5.91  56.679049  66.083186  4.355 -100.00 -100.00 -100.00
  85   102.958 55494.35132533  5.07  56.685503  66.082996  3.544 -100.00 -100.00 -100.00
  86   101.979 55504.26695744  5.52  56.668657  66.084096  3.303 -100.00 -100.00 -100.00
  86   101.157 55504.26695803  5.74  56.675111  66.083908  3.833 -100.00 -100.00 -100.00
  86    99.599 55504.26695862  4.69  56.681565  66.083719  3.031 -100.00 -100.00 -100.00
  86    97.739 55504.26695921 15.73  56.688019  66.083530 10.791 -100.00 -100.00 -100.00
  87   108.923 55514.18260751 17.72  56.679538  66.085999 17.746 -100.00 -100.00 -100.00
  87    83.290 55514.18260810 20.81  56.685993  66.085810 28.959 -100.00 -100.00 -100.00
  88    32.288 55524.09825720 41.47  56.680777  66.088099 32.520 -100.00 -100.00 -100.00
  88    32.420 55524.09825779 40.85  56.687232  66.087910   -100 -100.00 -100.00 -100.00
  89    31.569 55534.01390482 31.82  56.678410  66.088756 27.592  257.42  255.64  252.90
  89    32.165 55534.01390541 33.63  56.684864  66.088567 23.481 -100.00 -100.00 -100.00
 102    30.173 55662.91725580 24.14  56.676181  66.084791 26.511  266.43  265.41  265.51
 102    30.040 55662.91725639 24.23  56.682634  66.084602 29.435  266.43  265.41  265.51
 102    30.046 55662.91725698 22.44  56.689087  66.084413 21.041  266.43  265.41  265.51
 103    96.355 55672.83289548 10.75  56.668493  66.084294 17.068 -100.00 -100.00 -100.00
 103    96.169 55672.83289607  8.26  56.674946  66.084106 14.466 -100.00 -100.00 -100.00
 103    95.963 55672.83289666  1.98  56.681399  66.083917  6.932 -100.00 -100.00 -100.00
 103    96.250 55672.83289725  1.32  56.687851  66.083728  5.555 -100.00 -100.00 -100.00
 104    99.355 55682.74853486  6.42  56.674070  66.084727  9.820 -100.00 -100.00 -100.00
 104    98.810 55682.74853545  2.64  56.680523  66.084538  6.882 -100.00 -100.00 -100.00
 104    98.763 55682.74853604  7.83  56.686976  66.084349 11.201 -100.00 -100.00 -100.00
 105   100.325 55692.66417244  9.97  56.676400  66.086477  3.795 -100.00 -100.00 -100.00
 105    98.907 55692.66417303  9.36  56.682854  66.086288  3.996 -100.00 -100.00 -100.00
 105    99.222 55692.66417362  8.68  56.689308  66.086098  3.477 -100.00 -100.00 -100.00
 107    99.550 55712.49545185  3.52  56.680136  66.088692  3.701 -100.00 -100.00 -100.00
 107    99.474 55712.49545244  2.90  56.686590  66.088503  3.076 -100.00 -100.00 -100.00
 108    98.469 55722.41110152  1.30  56.682440  66.088275  4.047 -100.00 -100.00 -100.00
 108   107.904 55722.41110211  0.87  56.688895  66.088086  2.480 -100.00 -100.00 -100.00
 109   100.587 55732.32674870  1.83  56.679516  66.088056  3.720 -100.00 -100.00 -100.00
 109    99.731 55732.32674929  1.52  56.685970  66.087867  2.963 -100.00 -100.00 -100.00
 111    29.795 55752.15803986 27.50  56.680194  66.088011 24.274 -100.00 -100.00 -100.00
 111    29.753 55752.15804045 27.12  56.686648  66.087822 25.112 -100.00 -100.00 -100.00
 113    30.094 55771.98932189 26.35  56.676334  66.086340 18.575 -100.00 -100.00 -100.00
 113    33.895 55771.98932249 26.09  56.682787  66.086151 18.271 -100.00 -100.00 -100.00
 113    34.335 55771.98932308 27.73  56.689241  66.085962 18.821 -100.00 -100.00 -100.00
 114    29.299 55781.90495805 51.63  56.674958  66.084938  7.457 -100.00 -100.00 -100.00
 114    29.362 55781.90495864 47.47  56.681411  66.084749  1.047 -100.00 -100.00 -100.00
 114    29.299 55781.90495923 51.85  56.687864  66.084560  0.102 -100.00 -100.00 -100.00
 115    30.023 55791.82059160 26.35  56.673902  66.084610 24.841 -100.00 -100.00 -100.00
 115    29.264 55791.82059219 29.35  56.680355  66.084421   -100 -100.00 -100.00 -100.00
 115    29.318 55791.82059278 29.33  56.686808  66.084232   -100 -100.00 -100.00 -100.00
 116    29.687 55801.73622440 46.71  56.672275  66.085306   -100 -100.00 -100.00 -100.00
 116    29.989 55801.73622499 45.52  56.678728  66.085117 30.757 -100.00 -100.00 -100.00
 116    29.437 55801.73622558 49.72  56.685182  66.084928  4.718 -100.00 -100.00 -100.00
 117    30.080 55811.65187504 45.85  56.678235  66.086028 22.760 -100.00 -100.00 -100.00
 117    29.733 55811.65187564 48.66  56.684689  66.085839   -100 -100.00 -100.00 -100.00
 118    29.741 55821.56752378 27.94  56.680214  66.086279 14.836 -100.00 -100.00 -100.00
 118    33.896 55821.56752437 29.88  56.686668  66.086090 20.790 -100.00 -100.00 -100.00
 120   102.197 55841.39880636  1.75  56.675311  66.084945  2.970 -100.00 -100.00 -100.00
 120   101.614 55841.39880695  1.08  56.681765  66.084756  2.717 -100.00 -100.00 -100.00
 120   103.837 55841.39880754  0.40  56.688219  66.084567  2.291 -100.00 -100.00 -100.00
 121    97.053 55851.31444221 21.45  56.671778  66.084810   -100 -100.00 -100.00 -100.00
 121   100.828 55851.31444280  5.58  56.678232  66.084622  3.809 -100.00 -100.00 -100.00
 121    99.240 55851.31444339  5.77  56.684686  66.084433  5.048 -100.00 -100.00 -100.00
 123    31.236 55871.14573035 40.39  56.682715  66.087129 24.379 -100.00 -100.00 -100.00
 123    30.861 55871.14573094 45.22  56.689170  66.086939   -100 -100.00 -100.00 -100.00
 124    31.311 55881.06138055 26.62  56.681812  66.088156 11.761 -100.00 -100.00 -100.00
 124    31.146 55881.06138114 28.79  56.688267  66.087966 16.733 -100.00 -100.00 -100.00
 129   102.893 55930.63960121  0.35  56.681605  66.088130  3.845 -100.00 -100.00 -100.00
 129   101.656 55930.63960181  0.97  56.688060  66.087941  4.753 -100.00 -100.00 -100.00
 135   104.105 55990.13344130  0.38  56.676281  66.086635  3.231 -100.00 -100.00 -100.00
 135   102.534 55990.13344189  0.74  56.682735  66.086447  3.437 -100.00 -100.00 -100.00
 135   101.795 55990.13344248  0.87  56.689190  66.086257  4.040 -100.00 -100.00 -100.00
 136   103.630 56000.04908553  0.51  56.679049  66.085968  3.302 -100.00 -100.00 -100.00
 136   102.748 56000.04908612  0.51  56.685503  66.085779  3.557 -100.00 -100.00 -100.00
 137   104.826 56009.96473548  1.02  56.670912  66.085098  3.955 -100.00 -100.00 -100.00
 137   104.012 56009.96473607  0.14  56.677365  66.084909  3.035 -100.00 -100.00 -100.00
 137   102.342 56009.96473666  0.92  56.683819  66.084720  3.796 -100.00 -100.00 -100.00
 138   104.898 56019.88038212  1.67  56.671079  66.084768  3.175 -100.00 -100.00 -100.00
 138   103.918 56019.88038271  1.52  56.677532  66.084580  3.419 -100.00 -100.00 -100.00
 138   102.631 56019.88038330  1.50  56.683985  66.084391  3.785 -100.00 -100.00 -100.00
 139   104.685 56029.79602612  2.89  56.675133  66.085410  3.413 -100.00 -100.00 -100.00
 139   103.573 56029.79602671  3.17  56.681586  66.085221  3.702 -100.00 -100.00 -100.00
 139   102.404 56029.79602730  3.00  56.688039  66.085032  3.519 -100.00 -100.00 -100.00
 140    29.507 56039.71166835 30.12  56.680748  66.086760   -100  267.57  267.51  267.55
 140    33.569 56039.71166894 30.35  56.687202  66.086570   -100  267.57  267.51  267.55
 142   113.410 56059.54294503 22.99  56.680641  66.088436 16.849 -100.00 -100.00 -100.00
 142    86.785 56059.54294562 27.41  56.687095  66.088247   -100 -100.00 -100.00 -100.00
 143   100.027 56069.45857980 11.75  56.677434  66.088242  6.332 -100.00 -100.00 -100.00
 143    99.835 56069.45858039  9.61  56.683889  66.088054  3.839 -100.00 -100.00 -100.00
 144   101.614 56079.37423083  6.63  56.676987  66.088026  3.267 -100.00 -100.00 -100.00
 144   100.050 56079.37423142  6.20  56.683442  66.087837  3.472 -100.00 -100.00 -100.00
 145   100.505 56089.28987938  5.62  56.679205  66.088223  3.794 -100.00 -100.00 -100.00
 145    99.699 56089.28987997  4.84  56.685660  66.088034  2.844 -100.00 -100.00 -100.00
 146    96.247 56099.20552537 18.11  56.680783  66.088742 16.410 -100.00 -100.00 -100.00
 146    96.264 56099.20552596 20.99  56.687238  66.088553   -100 -100.00 -100.00 -100.00
 148   111.019 56119.03679749 19.36  56.676677  66.086630 22.290 -100.00 -100.00 -100.00
 148   111.197 56119.03679808 20.23  56.683131  66.086441 19.079 -100.00 -100.00 -100.00
 148    80.387 56119.03679867 24.38  56.689584  66.086252   -100 -100.00 -100.00 -100.00
 149    78.277 56128.95243378 15.17  56.669814  66.084894 23.444 -100.00 -100.00 -100.00
 149   102.579 56128.95243437 17.18  56.676267  66.084705 19.377 -100.00 -100.00 -100.00
 149   108.192 56128.95243496 18.55  56.682720  66.084516 18.768 -100.00 -100.00 -100.00
 149   108.390 56128.95243555 21.61  56.689173  66.084327 24.942 -100.00 -100.00 -100.00
 152   105.316 56158.69936550  4.34  56.678793  66.086699 12.349 -100.00 -100.00 -100.00
 152   112.950 56158.69936609  3.60  56.685246  66.086510 11.042 -100.00 -100.00 -100.00
 154    80.422 56178.53065829  7.01  56.679237  66.086110  7.669 -100.00 -100.00 -100.00
 154    79.097 56178.53065888  8.41  56.685691  66.085921  9.478 -100.00 -100.00 -100.00
 155   103.666 56188.44629827  1.11  56.674061  66.084742  3.161 -100.00 -100.00 -100.00
 155   102.574 56188.44629886  0.30  56.680515  66.084553  3.523 -100.00 -100.00 -100.00
 156   102.971 56198.36193497  7.22  56.669918  66.084493  3.384 -100.00 -100.00 -100.00
 156   101.507 56198.36193556  6.97  56.676372  66.084304  3.714 -100.00 -100.00 -100.00
 156   100.092 56198.36193615  6.26  56.682826  66.084115  3.701 -100.00 -100.00 -100.00
 156    98.894 56198.36193674  6.25  56.689280  66.083926  4.227 -100.00 -100.00 -100.00
 157    99.894 56208.27757028  5.20  56.681808  66.085726  3.137 -100.00 -100.00 -100.00
 157   101.136 56208.27757087  4.00  56.688262  66.085537  2.639 -100.00 -100.00 -100.00
 158   101.153 56218.19320260  2.94  56.679276  66.088121  2.732 -100.00 -100.00 -100.00
 158    99.763 56218.19320319  2.77  56.685731  66.087932  3.125 -100.00 -100.00 -100.00
 159    94.457 56228.10884759 17.56  56.678124  66.089468 19.238 -100.00 -100.00 -100.00
 159    94.473 56228.10884818 18.45  56.684579  66.089279 20.768 -100.00 -100.00 -100.00
 160    29.655 56238.02450194 36.81  56.679445  66.088937   -100 -100.00 -100.00 -100.00
 160    29.407 56238.02450253 37.64  56.685900  66.088748   -100 -100.00 -100.00 -100.00
 163    30.651 56267.77143992 26.45  56.680650  66.088043 19.913 -100.00 -100.00 -100.00
 163    30.769 56267.77144051 30.92  56.687105  66.087854 27.931 -100.00 -100.00 -100.00
 164    30.381 56277.68708010 24.56  56.678115  66.088823 13.434 -100.00 -100.00 -100.00
 164    30.292 56277.68708069 28.50  56.684570  66.088634 25.512 -100.00 -100.00 -100.00
 166    30.357 56297.51837763 21.45  56.676564  66.086457 11.175  249.16  244.01  228.48
 166    30.416 56297.51837822 21.92  56.683019  66.086268 10.561  249.16  244.01  228.48
 166    30.482 56297.51837881 22.92  56.689473  66.086079 14.617  249.16  244.01  228.48
 170    89.955 56337.18094686  7.14  56.680214  66.087013  7.210 -100.00 -100.00 -100.00
 170    88.687 56337.18094745  7.07  56.686668  66.086824  6.921 -100.00 -100.00 -100.00
 171   102.927 56347.09658508  1.94  56.678224  66.087834  5.441 -100.00 -100.00 -100.00
 171   102.309 56347.09658567  1.83  56.684679  66.087645  3.891 -100.00 -100.00 -100.00
 172   102.197 56357.01222123  1.83  56.681426  66.086505  5.113 -100.00 -100.00 -100.00
 172    98.840 56357.01222182  1.69  56.687880  66.086316  3.747 -100.00 -100.00 -100.00
 173   104.432 56366.92786885  0.95  56.673766  66.084848  3.784 -100.00 -100.00 -100.00
 173   102.780 56366.92786944  1.23  56.680219  66.084659  3.594 -100.00 -100.00 -100.00
 173   102.125 56366.92787003  0.71  56.686672  66.084470  3.666 -100.00 -100.00 -100.00
 176   103.879 56396.67480677  3.22  56.677528  66.088599  3.267 -100.00 -100.00 -100.00
 176   102.650 56396.67480736  3.41  56.683982  66.088410  4.224 -100.00 -100.00 -100.00
 180   114.310 56436.33736926 23.87  56.677863  66.087193 17.232 -100.00 -100.00 -100.00
 180    90.879 56436.33736985 27.97  56.684318  66.087004   -100 -100.00 -100.00 -100.00
 181   101.033 56446.25302101  5.77  56.678132  66.087470  3.613 -100.00 -100.00 -100.00
 181    99.717 56446.25302160  5.03  56.684586  66.087280  3.706 -100.00 -100.00 -100.00
 183    94.417 56466.08431679 19.51  56.679061  66.088280 17.256 -100.00 -100.00 -100.00
 183    94.291 56466.08431738 23.48  56.685515  66.088090 24.217 -100.00 -100.00 -100.00
 184    30.929 56475.99995904 52.05  56.677012  66.086636  2.665 -100.00 -100.00 -100.00
 184    30.996 56475.99995963 51.96  56.683466  66.086447   -100 -100.00 -100.00 -100.00
 184    31.022 56475.99996022 51.13  56.689919  66.086257   -100 -100.00 -100.00 -100.00
 185    29.975 56485.91559741 48.86  56.671331  66.084570   -100 -100.00 -100.00 -100.00
 185    30.207 56485.91559800 44.14  56.677784  66.084381 32.071 -100.00 -100.00 -100.00
 185    29.992 56485.91559859 50.17  56.684237  66.084192   -100 -100.00 -100.00 -100.00
 186    29.270 56495.83123336 48.94  56.670479  66.083870   -100  274.66  275.56  273.63
 186    29.740 56495.83123395 46.25  56.676932  66.083682 28.959  274.66  275.56  273.63
 186    29.400 56495.83123454 49.03  56.683384  66.083493   -100  274.66  275.56  273.63
 187    29.669 56505.74686816 30.81  56.674834  66.085165 29.257  269.60  269.08  268.44
 187    29.072 56505.74686875 32.73  56.681288  66.084976   -100  269.60  269.08  268.44
 187    28.956 56505.74686934 39.09  56.687741  66.084787   -100  269.60  269.08  268.44
 192    29.543 56555.32509735 36.83  56.673754  66.085040   -100 -100.00 -100.00 -100.00
 192    29.675 56555.32509794 38.55  56.680209  66.084851   -100 -100.00 -100.00 -100.00
 192    29.754 56555.32509853 38.47  56.686663  66.084662   -100 -100.00 -100.00 -100.00
 194   113.514 56575.15638223 17.75  56.681664  66.088882 13.685 -100.00 -100.00 -100.00
 194    89.699 56575.15638282 19.82  56.688119  66.088693 23.429 -100.00 -100.00 -100.00
 196   104.820 56594.98765686 15.60  56.680114  66.089822 15.938  256.76  259.49  261.25
 196   110.440 56594.98765745 17.80  56.686569  66.089633 16.901  256.76  259.49  261.25
 197    97.852 56604.90330971 19.56  56.679943  66.088235 15.591 -100.00 -100.00 -100.00
 197    97.651 56604.90331030 20.62  56.686397  66.088046 22.680 -100.00 -100.00 -100.00
 198    96.312 56614.81895787 14.51  56.681224  66.087074 16.672  251.04  248.24  242.85
 198    96.062 56614.81895846 17.77  56.687678  66.086884 28.398  251.04  248.24  242.85
 199    92.250 56624.73460198 13.13  56.679905  66.087283 19.356  243.82  238.22  226.38
 199    92.217 56624.73460257 16.72  56.686359  66.087094 23.568  243.82  238.22  226.38
 200    30.760 56634.65024361 38.12  56.681993  66.087744   -100 -100.00 -100.00 -100.00
 200    30.941 56634.65024420 36.08  56.688448  66.087555   -100 -100.00 -100.00 -100.00
 202   103.648 56654.48153338  0.76  56.678246  66.086621  3.538 -100.00 -100.00 -100.00
 202   102.713 56654.48153397  0.61  56.684701  66.086432  3.242 -100.00 -100.00 -100.00
 209    95.714 56723.89103688  3.19  56.681592  66.085945  3.029 -100.00 -100.00 -100.00
 209    95.912 56723.89103747  3.31  56.688046  66.085756  3.075 -100.00 -100.00 -100.00
 210   103.439 56733.80668717  2.62  56.679989  66.085727  3.128 -100.00 -100.00 -100.00
 210   102.677 56733.80668776  2.58  56.686443  66.085538  3.937 -100.00 -100.00 -100.00
 211   103.031 56743.72233437  3.20  56.682164  66.087188  3.038 -100.00 -100.00 -100.00
 211   102.056 56743.72233496  3.45  56.688617  66.086998  3.406 -100.00 -100.00 -100.00
 212   103.201 56753.63797702  3.24  56.681922  66.089140  3.636 -100.00 -100.00 -100.00
 212   101.905 56753.63797761  3.64  56.688376  66.088951  4.566 -100.00 -100.00 -100.00
 213    29.408 56763.55361404 34.55  56.679068  66.090170   -100 -100.00 -100.00 -100.00
 213    29.407 56763.55361463 38.17  56.685523  66.089981   -100 -100.00 -100.00 -100.00
 215   112.296 56783.38490520 10.19  56.677822  66.088256 15.434 -100.00 -100.00 -100.00
 215    88.745 56783.38490579  4.85  56.684276  66.088067  8.989 -100.00 -100.00 -100.00
 216    99.144 56793.30055901  6.96  56.678119  66.087372  4.857 -100.00 -100.00 -100.00
 216    99.547 56793.30055960  5.59  56.684574  66.087183  4.152 -100.00 -100.00 -100.00
 217   101.665 56803.21620999  7.96  56.679175  66.087256  3.322 -100.00 -100.00 -100.00
 217   106.355 56803.21621058  7.23  56.685629  66.087066  2.733 -100.00 -100.00 -100.00
 218    99.208 56813.13185295  9.26  56.678344  66.087433  3.633 -100.00 -100.00 -100.00
 218    97.837 56813.13185354  8.62  56.684798  66.087243  4.372 -100.00 -100.00 -100.00
 219   100.462 56823.04749244  3.68  56.677882  66.087033  3.612 -100.00 -100.00 -100.00
 219    98.912 56823.04749303  2.93  56.684336  66.086844  3.363 -100.00 -100.00 -100.00
 220    88.823 56832.96312812 25.14  56.681148  66.086002   -100 -100.00 -100.00 -100.00
 220    88.822 56832.96312871 21.81  56.687601  66.085813   -100 -100.00 -100.00 -100.00
 221    96.364 56842.87875941 20.78  56.674059  66.085415 20.621 -100.00 -100.00 -100.00
 221    96.249 56842.87876000 20.52  56.680512  66.085226 25.486 -100.00 -100.00 -100.00
 221    96.203 56842.87876059 24.77  56.686965  66.085037   -100 -100.00 -100.00 -100.00
 228   101.869 56912.28829081  2.40  56.677470  66.087115  3.869 -100.00 -100.00 -100.00
 228   101.537 56912.28829140  1.78  56.683925  66.086925  2.731 -100.00 -100.00 -100.00
 229   102.372 56922.20393101  3.25  56.677257  66.088254  3.994 -100.00 -100.00 -100.00
 229   100.668 56922.20393160  2.55  56.683711  66.088065  3.326 -100.00 -100.00 -100.00
 230   100.420 56932.11956935  4.25  56.681551  66.089332  3.737 -100.00 -100.00 -100.00
 230   100.034 56932.11956994  3.30  56.688006  66.089142  3.453 -100.00 -100.00 -100.00
 231   114.471 56942.03520194 15.86  56.679893  66.089640 13.604 -100.00 -100.00 -100.00
 231   108.782 56942.03520253 18.51  56.686348  66.089451 18.915 -100.00 -100.00 -100.00
 232    30.169 56951.95084455 40.34  56.677931  66.089034 31.354  252.32  248.97  245.49
 232    30.652 56951.95084514 41.13  56.684386  66.088845 25.596  252.32  248.97  245.49
 233    30.729 56961.86649551 40.05  56.676835  66.088064   -100 -100.00 -100.00 -100.00
 233    30.811 56961.86649610 40.36  56.683289  66.087875   -100 -100.00 -100.00 -100.00
 235    30.953 56981.69778366 25.94  56.677273  66.087691 18.656 -100.00 -100.00 -100.00
 235    30.868 56981.69778425 27.88  56.683727  66.087501 26.212 -100.00 -100.00 -100.00
 236   102.959 56991.61342163  0.71  56.682153  66.087388  3.150  232.53  224.96  213.84
 236   101.923 56991.61342222  0.78  56.688607  66.087199  3.091  232.53  224.96  213.84
 238   104.081 57011.44471090  0.62  56.677407  66.085680  3.143 -100.00 -100.00 -100.00
 238   102.707 57011.44471149  0.99  56.683861  66.085491  3.960 -100.00 -100.00 -100.00
 238   101.631 57011.44471208  0.84  56.690316  66.085302  3.446 -100.00 -100.00 -100.00
 239   104.216 57021.36036239  0.88  56.675418  66.085160  3.255 -100.00 -100.00 -100.00
 239   102.861 57021.36036298  1.41  56.681873  66.084971  3.891 -100.00 -100.00 -100.00
 239   102.406 57021.36036357  0.74  56.688327  66.084781  3.452 -100.00 -100.00 -100.00
 244   103.682 57070.93857901  0.68  56.679256  66.086671  3.190  246.48  239.92  227.48
 244   102.880 57070.93857960  0.88  56.685709  66.086482  4.036  246.48  239.92  227.48
 245   103.410 57080.85421005  5.75  56.681923  66.086962  4.292 -100.00 -100.00 -100.00
 245   102.322 57080.85421064  5.49  56.688376  66.086773  3.536 -100.00 -100.00 -100.00
 247   102.529 57100.68550908  2.84  56.679420  66.089647  3.734 -100.00 -100.00 -100.00
 247   102.040 57100.68550967  2.48  56.685875  66.089458  3.350 -100.00 -100.00 -100.00
 250   103.041 57130.43245580  0.95  56.682216  66.087685  3.075  262.74  261.49  260.38
 250   102.146 57130.43245639  1.21  56.688670  66.087496  3.714  262.74  261.49  260.38
 251   102.959 57140.34809362  1.27  56.682330  66.087283  3.356 -100.00 -100.00 -100.00
 251   101.956 57140.34809421  1.13  56.688785  66.087094  3.174 -100.00 -100.00 -100.00
 254    98.728 57170.09501207 11.21  56.680850  66.087706  3.917 -100.00 -100.00 -100.00
 254   115.258 57170.09501266 10.54  56.687304  66.087517  3.251 -100.00 -100.00 -100.00
 255   113.588 57180.01066719 29.79  56.677162  66.086130   -100 -100.00 -100.00 -100.00
 255   109.783 57180.01066778 31.47  56.683616  66.085941   -100 -100.00 -100.00 -100.00
 255   102.531 57180.01066837 20.92  56.690069  66.085751   -100 -100.00 -100.00 -100.00
 256   102.415 57189.92631832  6.41  56.673643  66.084888  3.290 -100.00 -100.00 -100.00
 256   100.142 57189.92631891  6.38  56.680096  66.084699  3.327 -100.00 -100.00 -100.00
 256    99.851 57189.92631950  6.03  56.686548  66.084510  4.010 -100.00 -100.00 -100.00
 257    94.996 57199.84196626 20.70  56.674764  66.085112 24.600 -100.00 -100.00 -100.00
 257    98.919 57199.84196685 24.40  56.681217  66.084923 17.335 -100.00 -100.00 -100.00
 257    98.662 57199.84196744 25.07  56.687670  66.084734 19.180 -100.00 -100.00 -100.00
 258   102.135 57209.75760099  1.11  56.681353  66.086302  3.071 -100.00 -100.00 -100.00
 258   100.968 57209.75760158  0.60  56.687806  66.086112  2.987 -100.00 -100.00 -100.00
 259   105.293 57219.67324483 19.15  56.679126  66.087588 21.619  265.76  266.26  265.99
 259    99.709 57219.67324542 22.25  56.685580  66.087398 25.225  265.76  266.26  265.99
 260   100.482 57229.58888811  5.61  56.682120  66.087492  3.888 -100.00 -100.00 -100.00
 260   100.236 57229.58888870  4.95  56.688574  66.087302  3.442 -100.00 -100.00 -100.00
 261   102.144 57239.50452876  4.51  56.680895  66.086914  3.106 -100.00 -100.00 -100.00
 261    99.690 57239.50452935  3.82  56.687349  66.086725  2.904 -100.00 -100.00 -100.00
 262   102.443 57249.42016626  5.50  56.677519  66.086561  4.389 -100.00 -100.00 -100.00
 262   100.919 57249.42016685  5.36  56.683973  66.086372  3.571 -100.00 -100.00 -100.00
 263   102.149 57259.33580202  1.61  56.680937  66.087268  3.699 -100.00 -100.00 -100.00
 263   102.018 57259.33580261  0.76  56.687391  66.087079  2.618 -100.00 -100.00 -100.00
 264   102.204 57269.25143602  0.72  56.679108  66.089024  2.726 -100.00 -100.00 -100.00
 264   101.423 57269.25143661  0.05  56.685563  66.088836  2.634 -100.00 -100.00 -100.00
 265   101.815 57279.16708741  3.26  56.681534  66.090361  3.401 -100.00 -100.00 -100.00
 265    99.850 57279.16708800  3.04  56.687989  66.090172  3.538 -100.00 -100.00 -100.00
 267   101.594 57298.99839579  6.18  56.677143  66.088921  2.901 -100.00 -100.00 -100.00
 267   101.225 57298.99839638  5.86  56.683597  66.088732  3.807 -100.00 -100.00 -100.00
 268    30.903 57308.91404548 48.78  56.680941  66.086969   -100 -100.00 -100.00 -100.00
 268    30.660 57308.91404607 51.71  56.687395  66.086779 18.941 -100.00 -100.00 -100.00
 269    29.984 57318.82969105 47.70  56.678956  66.086449   -100 -100.00 -100.00 -100.00
 269    30.062 57318.82969164 49.70  56.685410  66.086260   -100 -100.00 -100.00 -100.00
 272    30.350 57348.57662275 31.12  56.676799  66.087912   -100  251.01  248.05  239.87
 272    30.325 57348.57662334 32.57  56.683254  66.087723   -100  251.01  248.05  239.87
 276    33.273 57388.23919017 14.11  56.677337  66.086332  5.774 -100.00 -100.00 -100.00
 276    33.674 57388.23919076 13.99  56.683792  66.086143  5.240 -100.00 -100.00 -100.00
 280   103.897 57427.90176751  0.11  56.677092  66.086378  3.338  253.64  247.64  231.90
 280   102.903 57427.90176810  0.41  56.683546  66.086189  4.242  253.64  247.64  231.90
 280   101.473 57427.90176869  0.32  56.690000  66.086000  3.914  253.64  247.64  231.90
 281   104.296 57437.81741551  3.15  56.677320  66.087121  3.636 -100.00 -100.00 -100.00
 281   103.284 57437.81741610  2.96  56.683774  66.086932  3.872 -100.00 -100.00 -100.00
 282   103.237 57447.73306242  1.52  56.681128  66.089124  3.869 -100.00 -100.00 -100.00
 282   101.908 57447.73306301  1.54  56.687583  66.088934  3.753 -100.00 -100.00 -100.00
 283   103.087 57457.64870774  7.11  56.679407  66.090785  3.650 -100.00 -100.00 -100.00
 283   101.560 57457.64870833  7.00  56.685862  66.090596  3.875 -100.00 -100.00 -100.00
 284   103.129 57467.56435056  4.10  56.679199  66.090508  4.277 -100.00 -100.00 -100.00
 284   102.109 57467.56435115  3.75  56.685655  66.090319  4.338 -100.00 -100.00 -100.00
 285   103.306 57477.47998953  1.45  56.679892  66.088476  3.057 -100.00 -100.00 -100.00
 285   102.342 57477.47999012  1.11  56.686347  66.088287  3.261 -100.00 -100.00 -100.00
 286    29.272 57487.39562538 24.62  56.681429  66.086450 32.575 -100.00 -100.00 -100.00
 286    29.365 57487.39562597 21.87  56.687883  66.086261 18.682 -100.00 -100.00 -100.00
 287   100.512 57497.31125865  1.42  56.678689  66.086165  4.728  261.60  261.81  262.49
 287   100.102 57497.31125924  0.95  56.685144  66.085976  3.933  261.60  261.81  262.49
 288    99.802 57507.22689702 22.03  56.679980  66.087492 27.000 -100.00 -100.00 -100.00
 288    99.539 57507.22689761 25.30  56.686434  66.087303 32.343 -100.00 -100.00 -100.00
 289    89.846 57517.14255350 15.31  56.682668  66.088321 17.178 -100.00 -100.00 -100.00
 289    97.335 57517.14255409  8.50  56.689123  66.088131  5.812 -100.00 -100.00 -100.00
 290    97.111 57527.05820678 27.53  56.681155  66.087960 28.450 -100.00 -100.00 -100.00
 290    96.678 57527.05820737 29.63  56.687609  66.087771   -100 -100.00 -100.00 -100.00
 291    98.574 57536.97385765  7.98  56.681844  66.085931  4.053 -100.00 -100.00 -100.00
 291    99.180 57536.97385824  7.21  56.688297  66.085742  3.928 -100.00 -100.00 -100.00
 292    98.649 57546.88950492 19.48  56.672609  66.084498 14.413 -100.00 -100.00 -100.00
 292    94.706 57546.88950551 29.89  56.679062  66.084309   -100 -100.00 -100.00 -100.00
 292    94.829 57546.88950610 29.18  56.685515  66.084120   -100 -100.00 -100.00 -100.00
 293    92.523 57556.80515112 20.01  56.669519  66.084584 23.095 -100.00 -100.00 -100.00
 293   116.497 57556.80515171 23.27  56.675972  66.084395 19.014 -100.00 -100.00 -100.00
 293    92.499 57556.80515230 25.24  56.682425  66.084206 32.435 -100.00 -100.00 -100.00
 293    81.197 57556.80515289 27.38  56.688877  66.084016   -100 -100.00 -100.00 -100.00
 294   101.619 57566.72079714  6.22  56.678333  66.086233  4.044 -100.00 -100.00 -100.00
 294   100.651 57566.72079773  5.28  56.684786  66.086044  3.118 -100.00 -100.00 -100.00
 296    29.508 57586.55208514 41.07  56.679560  66.088579   -100 -100.00 -100.00 -100.00
 296    29.417 57586.55208573 35.97  56.686014  66.088390   -100 -100.00 -100.00 -100.00
 297    29.334 57596.46772631 32.68  56.679712  66.087763   -100 -100.00 -100.00 -100.00
 297    29.193 57596.46772690 32.18  56.686166  66.087574   -100 -100.00 -100.00 -100.00
