# NaN NaN NaN ;Mean Elev.(m), Avg Gradient(m/km), RMS Gradient(m/km) - SRTM1     
#  -11.106  -1.784  11.165 ;Mean Elev.(m), Avg Gradient(m/km), RMS Gradient(m/km) - ASTER GDEM
#   22.064  -1.655   5.852 ;Mean Elev.(m), Avg Gradient(m/km), RMS Gradient(m/km) - GMTED2010 
   1  52.503620  66.122419     9.319     9.358  3 54664.40356441 36.834
   2  52.502397  66.123471     8.120     8.209  5 54674.31920908 32.450
   3  52.503771  66.124972     5.678     5.743  4 54684.23485259 29.929
   4  52.500388  66.125671     7.075     7.091  4 54694.15049424 35.523
   5  52.500080  66.124790     7.655     7.699  4 54704.06613365 39.593
   6  52.500122  66.122567     9.615     9.760  4 54713.98178413 21.803
   7  52.501716  66.120599     9.936     9.894  4 54723.89743482 31.911
   8  52.502707  66.120131     8.722     8.623  5 54733.81308321 32.772
   9  52.503345  66.121500     8.623     8.622  4 54743.72873022 50.013
  10  52.501789  66.122709    10.860    10.812  4 54753.64437669 49.477
  11  52.500491  66.122379     9.127     9.132  4 54763.56002254 48.880
  12  52.503184  66.120504    10.507    10.438  4 54773.47566612 22.654
  13  52.500722  66.118884     9.606     9.621  4 54783.39130651 40.423
  14  52.501566  66.119089     8.867     8.942  4 54793.30694502 47.475
  15  52.502856  66.121018     9.038     9.079  5 54803.22258259 35.121
  16  52.499788  66.122589     9.562     9.496  4 54813.13821948 20.974
  17  52.502352  66.122990     9.431     9.409  5 54823.05386306 16.774
  18  52.502608  66.122242     9.061     8.999  4 54832.96950332 16.237
  19  52.503690  66.122223    10.380    10.420  4 54842.88515350 14.570
  20  52.502924  66.123453     9.498     9.506  4 54852.80080240 14.781
  21  52.500017  66.125241     9.896     9.895  4 54862.71645082 15.050
  22  52.504922  66.126111    10.045    10.177  4 54872.63209986 15.704
  23  52.502642  66.124823    15.764    10.782  5 54882.54774618 15.052
  24  52.503105  66.122108    10.282     9.970  4 54892.46338939 14.659
  25  52.501003  66.119854    32.495    39.264  4 54902.37902959 13.965
  26  52.500675  66.119917    17.345    10.454  4 54912.29466851 14.565
  27  52.503677  66.121628    39.149    39.194  4 54922.21030679 10.929
  28  52.499847  66.122844    39.533    39.480  4 54932.12594371 13.658
  29  52.501372  66.122226    39.592    39.568  5 54942.04157943 10.869
  30  52.501278  66.120212    31.961    38.887  4 54951.95721324 14.676
  31  52.501669  66.118542     7.824     7.812  5 54961.87285542 21.117
  32  52.503011  66.119099    13.802    13.668  4 54971.78850420 40.694
  33  52.502781  66.121013    39.806    39.911  4 54981.70415175 30.385
  34  52.504397  66.122928    27.173    26.874  4 54991.61979916 31.392
  35  52.500185  66.123251    14.487    14.407  4 55001.53544551 28.135
  36  52.504310  66.122992    12.801    12.725  4 55011.45109080 25.084
  37  52.502436  66.122464    11.947    12.005  5 55021.36673408 22.778
  38  52.499972  66.123200    10.581    10.898  4 55031.28237630 21.436
  39  52.502732  66.124569     8.276     8.293  4 55041.19801830 28.668
  40  52.503788  66.125296     6.900     6.953  4 55051.11365867 31.597
  41  52.502213  66.124070     6.674     6.753  5 55061.02929662 30.804
  42  52.501989  66.121540     6.606     6.586  4 55070.94493853 48.899
  43  52.503003  66.119403     7.124     7.124  4 55080.86058758 41.896
  44  52.501640  66.119243     6.814     6.929  4 55090.77623468 28.699
  45  52.500380  66.120852     8.997     9.053  4 55100.69188103 20.655
  46  52.500572  66.122566     8.608     8.581  4 55110.60752705 36.376
  47  52.500578  66.122364    10.035    10.035  4 55120.52317121 28.780
  48  52.500658  66.120396     8.669     8.524  4 55130.43881266 35.539
  49  52.500349  66.118490     7.290     7.287  4 55140.35445209 40.777
  50  52.501522  66.118763     8.127     8.126  5 55150.27009075 37.079
  51  52.500080  66.120834    32.157    38.993  4 55160.18572908 15.226
  52  52.500822  66.122904     8.982     9.116  4 55170.10136722 24.799
  53  52.502934  66.123614     9.789     9.826  4 55180.01700418 20.086
  54  52.503422  66.122978     9.570     9.588  4 55189.93265158 17.961
  55  52.502074  66.122794     9.553     9.571  4 55199.84830188 18.004
  56  52.502234  66.123461     8.613     9.106  5 55209.76395159 17.613
  57  52.503863  66.124546     8.057     8.278  4 55219.67960096 17.347
  58  52.503834  66.124446     7.532     7.454  4 55229.59524925 17.876
  59  52.501946  66.123175     9.665     9.655  4 55239.51089418 17.561
  60  52.501596  66.121096     9.610     9.700  4 55249.42653563 17.080
  61  52.502843  66.119726    28.109    35.609  5 55259.34217491 12.574
  62  52.502336  66.119787     9.515     9.286  4 55269.25781329 15.552
  63  52.502033  66.120965     9.755     9.846  4 55279.17345153 14.325
  64  52.502334  66.121816    39.731    39.679  5 55289.08908853  8.880
  65  52.503367  66.121628     7.645     7.638  4 55299.00472319 14.568
  66  52.502180  66.120216    39.760    39.787  4 55308.92036685 18.075
  67  52.500476  66.119084    22.757    21.136  5 55318.83601270 40.922
  68  52.503610  66.119426    14.321    14.259  4 55328.75165797 51.620
  69  52.502459  66.121089    14.404    14.284  5 55338.66730238 27.347
  70  52.502665  66.122801    12.067    12.083  5 55348.58294654 23.447
  71  52.504171  66.123609    25.883    25.979  4 55358.49858894 24.934
  72  52.502036  66.123478    10.593    10.617  4 55368.41422890 29.321
  73  52.502764  66.123276     9.721     9.632  4 55378.32986764 50.730
  74  52.500593  66.123488     9.483     9.451  4 55388.24550535 22.259
  75  52.500165  66.123793     8.047     8.063  4 55398.16114228 40.953
  76  52.501806  66.123399     7.481     7.425  5 55408.07678704 49.528
  77  52.500029  66.122003     6.930     6.908  4 55417.99243779 28.806
  78  52.503586  66.120394     7.322     7.079  4 55427.90808555 29.525
  79  52.502093  66.119685     8.856     9.001  5 55437.82373019 23.220
  80  52.502190  66.120208     7.893     7.872  4 55447.73937364 33.349
  81  52.501912  66.121071     8.775     8.629  5 55457.65501675 48.937
  82  52.502620  66.121518     9.071     9.102  5 55467.57065926 32.684
  83  52.502389  66.120888     9.191     9.197  4 55477.48629842 31.139
  84  52.500652  66.119859     9.947    10.021  4 55487.40193429 39.441
  85  52.500017  66.119264    10.351    10.498  4 55497.31756802 22.783
  86  52.503557  66.120186     8.905     8.909  4 55507.23320532 50.362
  87  52.499941  66.121495     9.649     9.703  4 55517.14885543 47.655
  88  52.502108  66.122784    10.240    10.254  4 55527.06450514 27.389
  89  52.502226  66.123272     9.721     9.748  5 55536.98015265 25.282
  90  52.501129  66.123336     9.569     9.448  4 55546.89579783 21.800
  91  52.500940  66.123628     9.507     9.530  4 55556.81144130 20.542
  92  52.503481  66.124193     9.711     9.428  4 55566.72708414 21.108
  93  52.502122  66.123974    10.153    10.145  4 55576.64272594 18.453
  94  52.500374  66.122569     9.930     9.791  4 55586.55836578 18.346
  95  52.502858  66.120747     9.955     9.936  5 55596.47400283 17.907
  96  52.500205  66.119619    10.003    10.088  4 55606.38963640 16.673
  97  52.502045  66.119766    21.948    20.205  5 55616.30526831 15.302
  98  52.501116  66.120878    10.096    10.058  5 55626.22091076 15.331
  99  52.501594  66.121405     9.782     9.957  5 55636.13656272 15.178
 100  52.501798  66.121062     9.730     9.762  5 55646.05221258 14.648
 101  52.500232  66.120015     7.994     7.914  4 55655.96785949 20.740
 102  52.503005  66.119503    39.726    39.795  4 55665.88350232 28.687
 103  52.501334  66.119898    40.024    40.024  4 55675.79914183 29.832
 104  52.503637  66.121246    12.304    12.307  4 55685.71477995 41.489
 105  52.502047  66.122444    26.798    26.735  4 55695.63041657 30.938
 106  52.500015  66.122933    12.216    12.257  4 55705.54605187 41.076
 107  52.504359  66.122917    12.645    12.642  4 55715.46170065 26.982
 108  52.500445  66.122923    13.113    13.033  4 55725.37734917 23.521
 109  52.501950  66.123613     9.509     9.453  5 55735.29299631 42.913
 110  52.504764  66.124399     8.120     8.130  4 55745.20864229 31.027
 111  52.504956  66.124093     7.079     7.052  4 55755.12428632 35.437
 112  52.503400  66.122265     6.644     6.627  4 55765.03992782 32.027
 113  52.501662  66.120000     6.427     6.462  5 55774.95556646 28.140
 114  52.503229  66.118861     6.419     6.263  5 55784.87120228 50.484
 115  52.501354  66.119802     6.420     6.432  5 55794.78683561 29.756
 116  52.502408  66.121506     6.867     6.812  4 55804.70247377 47.759
 117  52.502038  66.122208     6.870     6.918  4 55814.61812317 41.535
 118  52.502966  66.121130     6.756     6.711  4 55824.53377037 39.013
 119  52.501392  66.119504     6.922     7.103  5 55834.44941272 33.162
 120  52.501384  66.118842     8.649     8.384  4 55844.36505140 24.701
 121  52.501174  66.120011    31.893    39.255  4 55854.28068713 20.575
 122  52.501048  66.122061    10.187    10.184  4 55864.19632546 34.581
 123  52.503225  66.123535     7.312     7.225  4 55874.11197917 43.788
 124  52.502372  66.123503    43.056    39.476  4 55884.02762721 12.360
 125  52.499768  66.122894     8.598     8.548  4 55893.94326892 29.127
 126  52.501222  66.122576    39.287    39.388  4 55903.85890556 12.303
 127  52.503955  66.123321    38.424    38.796  4 55913.77454464 13.293
 128  52.502992  66.124220     7.865     7.791  4 55923.69019861 28.189
 129  52.501446  66.124077     7.604     7.666  4 55933.60584948 28.566
 130  52.500472  66.122097    39.152    39.537  4 55943.52149590  9.722
 131  52.503359  66.119624    24.908    24.844  4 55953.43713837 13.011
 132  52.503046  66.118539    27.642    29.599  5 55963.35277748 13.499
 133  52.503108  66.119737     9.500     9.508  4 55973.26841482 16.468
 134  52.502280  66.121906     7.963     8.097  5 55983.18405089 16.311
 135  52.503240  66.122713    39.448    39.467  4 55993.09968516 12.059
 136  52.501775  66.121530    32.442    39.507  4 56003.01533418 12.818
 137  52.502022  66.119439    39.779    39.840  4 56012.93098352 10.964
 138  52.501404  66.118762    39.588    39.562  5 56022.84662941 12.212
 139  52.503882  66.120378     7.003     6.834  4 56032.76227298 18.193
 140  52.502804  66.122909    39.774    39.800  4 56042.67791413 25.906
 141  52.500028  66.124415    32.820    39.521  4 56052.59355259 35.486
 142  52.504357  66.124283    39.574    39.510  4 56062.50918864 30.019
 143  52.502035  66.122933    29.459    36.115  5 56072.42482880 26.793
 144  52.504115  66.122437    12.536    12.497  4 56082.34047926 22.272
 145  52.502125  66.122995    10.658    10.667  4 56092.25612685 43.553
 146  52.503487  66.124074    10.436    10.217  4 56102.17177246 21.667
 147  52.499629  66.123741     9.145     9.090  4 56112.08740321 47.972
 148  52.500004  66.121988    41.958    40.306  4 56122.00304236 21.497
 149  52.502024  66.119605     8.003     8.010  4 56131.91867784 27.671
 150  52.501385  66.118539     9.829    10.002  4 56141.83431378 23.547
 151  52.503207  66.119769     7.692     7.629  4 56151.74996483 46.036
 152  52.500777  66.121827     7.479     7.359  4 56161.66561379 49.040
 153  52.501285  66.122865     8.305     7.999  4 56171.58126118 25.298
 154  52.501994  66.121887    39.964    39.955  4 56181.49690409 23.006
 155  52.501053  66.120064     8.848     8.758  4 56191.41254302 46.446
 156  52.501340  66.119239    39.914    39.823  4 56201.32817933 26.611
 157  52.500221  66.120594    40.001    39.983  4 56211.24381338 27.444
 158  52.499562  66.122949    40.071    40.106  4 56221.15944558 29.115
 159  52.503624  66.124820     8.527     8.448  4 56231.07509822 44.245
 160  52.502441  66.124663     7.043     7.109  5 56240.99075095 45.435
 161  52.501081  66.123576     8.537     8.494  4 56250.90639958 30.442
 162  52.504360  66.122648     8.437     8.448  4 56260.82204390 31.206
 163  52.499690  66.122711    38.986    38.988  4 56270.73768516  9.389
 164  52.499681  66.123198    38.321    38.062  4 56280.65332514  9.647
 165  52.504509  66.123409     7.606     7.632  4 56290.56897787 26.258
 166  52.501489  66.121973    38.729    39.098  4 56300.48462556 10.080
 167  52.501171  66.120022    38.920    39.288  4 56310.40026940 12.063
 168  52.502420  66.119113    39.530    39.509  5 56320.31591110 12.222
 169  52.501774  66.120108    39.921    39.955  4 56330.23155191  9.372
 170  52.502225  66.121838    39.430    39.349  4 56340.14719215 13.161
 171  52.501092  66.122724     7.471     6.855  4 56350.06283004 18.492
 172  52.501333  66.121854     8.977     8.998  4 56359.97846719 17.315
 173  52.501682  66.120440     9.005     9.475  5 56369.89411727 16.790
 175  52.501173  66.121674     9.161     9.240  5 56389.72540971 16.542
 176  52.501224  66.123731     6.455     6.482  4 56399.64105304 23.591
 177  52.503818  66.124960    39.535    39.423  4 56409.55669401 32.866
 178  52.502655  66.124608    16.918    11.194  5 56419.47233001 38.918
 179  52.504533  66.123595    39.479    39.446  4 56429.38796513 28.358
 180  52.502685  66.123040    16.612    10.815  5 56439.30361841 27.022
 181  52.501073  66.123001    11.954    11.955  4 56449.21926923 28.621
 182  52.502486  66.123142    11.688    11.756  5 56459.13491813 20.013
 183  52.500050  66.122393    10.984    10.970  4 56469.05056335 47.045
 184  52.503285  66.121441     8.668     8.667  4 56478.96620514 25.686
 185  52.503246  66.120341     7.291     7.320  4 56488.88184269 48.833
 186  52.501801  66.120155     6.611     6.559  5 56498.79747763 50.046
 187  52.500166  66.120646     6.387     6.377  4 56508.71311133 33.148
 188  52.504103  66.121656     6.179     6.268  4 56518.62875147 41.902
 189  52.501246  66.122020     6.174     6.178  4 56528.54440522 31.728
 190  52.503409  66.121828     6.489     6.442  4 56538.46005522 27.489
 191  52.501459  66.121190     7.304     7.348  5 56548.37570075 24.475
 192  52.503006  66.121474     6.301     6.403  4 56558.29134409 28.671
 193  52.500599  66.122514     7.496     7.446  4 56568.20698619 44.342
 194  52.502034  66.124076     6.694     6.807  5 56578.12262733 31.114
 195  52.502077  66.124721     7.651     7.575  5 56588.03826467 40.421
 196  52.503920  66.124380     8.196     8.164  4 56597.95390706 36.886
 197  52.500752  66.123499    11.094    11.066  4 56607.86955812 45.255
 198  52.501438  66.123219    13.772    13.780  4 56617.78520463 46.319
 199  52.503511  66.123238    11.751    11.769  4 56627.70084792 20.564
 200  52.501881  66.122928    16.348    10.793  5 56637.61648806 15.534
 201  52.501419  66.121899    10.539    10.551  5 56647.53213038 14.816
 202  52.500998  66.120742    34.077    39.755  5 56657.44778225 11.812
 203  52.502766  66.120129    24.693    24.507  4 56667.36343002 11.655
 204  52.502240  66.120771    39.213    39.397  4 56677.27907503  7.846
 205  52.502160  66.121839    33.175    37.771  5 56687.19471886 10.520
 206  52.503119  66.122357    39.962    40.040  4 56697.11036070  8.452
 207  52.500417  66.121867    39.698    39.808  4 56707.02599761 10.393
 208  52.500166  66.121125    16.739     9.267  4 56716.94163265 12.490
 209  52.502583  66.121330     8.986     9.171  5 56726.85728589 26.419
 210  52.502473  66.122556    17.632    10.446  4 56736.77293495 10.654
 211  52.501728  66.124227    39.602    39.660  4 56746.68858051  8.840
 212  52.502578  66.124927    39.442    39.516  4 56756.60422185  9.780
 213  52.499575  66.124394    39.817    39.815  4 56766.51985704 29.871
 214  52.500863  66.123447    17.649    10.351  4 56776.43549901 29.397
 215  52.503530  66.123296    11.354    11.330  4 56786.35115569 27.701
 216  52.503687  66.123693    23.203    17.631  4 56796.26680854 39.669
 217  52.502336  66.123957    27.693    27.527  4 56806.18245662 32.982
 218  52.501144  66.123112    13.434    13.406  4 56816.09809822 48.902
 219  52.501782  66.121509    12.538    12.574  5 56826.01373650 46.185
 220  52.502962  66.120117    19.878    13.440  4 56835.92937130 35.160
 221  52.500030  66.120100    12.150    11.998  4 56845.84500254 50.349
 222  52.500062  66.121279     8.873     8.868  4 56855.76065034 35.117
 223  52.501174  66.122573     7.405     7.566  4 56865.67630395 27.602
 224  52.504150  66.122703     7.695     7.664  4 56875.59195671 29.246
 225  52.501200  66.122021     7.468     7.395  4 56885.50760581 34.515
 226  52.501106  66.121276     7.762     7.809  4 56895.42325226 34.848
 227  52.503767  66.121790     7.522     7.607  4 56905.33889588 27.445
 228  52.501946  66.123360    10.391    10.249  4 56915.25453694 21.403
 229  52.499844  66.124987     8.952     9.018  4 56925.17017615 50.590
 230  52.502552  66.125540    11.073    11.327  4 56935.08581281 19.914
 231  52.502740  66.124517     8.209     8.085  5 56945.00144394 40.130
 232  52.502449  66.122966    42.589    48.835  4 56954.91709398 15.936
 233  52.501972  66.122286     8.290     8.314  5 56964.83274355 36.313
 234  52.503142  66.123055    25.648    25.559  4 56974.74838873 17.951
 235  52.503488  66.124012     8.640     8.617  4 56984.66402940 27.826
 236  52.502656  66.123489    28.579    30.761  5 56994.57966480 15.391
 237  52.504146  66.121445    18.013    10.985  4 57004.49530467 16.703
 238  52.500740  66.119494    28.405    30.394  5 57014.41096009 16.477
 239  52.500407  66.119451    25.389    25.411  4 57024.32661101 16.500
 240  52.499913  66.121489    32.649    39.651  4 57034.24225954 14.782
 241  52.501147  66.123383    25.242    25.284  4 57044.15790578 14.821
 242  52.500121  66.123538    25.223    25.164  4 57054.07354908 15.396
 243  52.500565  66.122028    10.470    10.373  4 57063.98918782 16.530
 244  52.502177  66.120970    10.131    10.257  4 57073.90482173 17.583
 245  52.500125  66.121521    38.589    38.650  4 57083.82045177 15.093
 246  52.502324  66.123848    40.062    40.039  4 57093.73610270 12.810
 247  52.499873  66.125813    17.001     9.841  4 57103.65175933 15.334
 248  52.502061  66.126072    39.388    39.245  4 57113.56741239 11.896
 249  52.501188  66.124396    32.580    39.237  4 57123.48305906  5.835
 250  52.501174  66.122561    11.508    11.510  4 57133.39870042 11.139
 251  52.501191  66.121937     6.875     6.886  4 57143.31433718 26.429
 252  52.504120  66.122869    31.914    38.821  4 57153.22997142 39.303
 253  52.503487  66.123695    15.774    15.708  4 57163.14560547 44.482
 254  52.500252  66.123435    17.462    17.464  4 57173.06126221 50.960
 255  52.502811  66.121739    15.598    15.654  4 57182.97691633 29.985
 256  52.502627  66.119879    12.422    12.405  5 57192.89256632 46.779
 257  52.501713  66.119686    10.544    10.604  4 57202.80821375 48.292
 258  52.503648  66.121387     9.264     9.221  4 57212.72384799 48.792
 259  52.503677  66.123354     8.158     8.161  4 57222.63949181 24.930
 260  52.504578  66.123889     8.898     8.830  4 57232.55513414 44.566
 261  52.501966  66.122927     9.875     9.910  5 57242.47077339 45.994
 262  52.502615  66.121665    39.225    39.685  4 57252.38641039 20.422
 263  52.503084  66.121935     9.780     9.809  4 57262.30204569 21.403
 264  52.500704  66.123700     8.171     8.276  4 57272.21768042 45.391
 265  52.502579  66.125737     8.991     9.014  5 57282.13333804 41.946
 266  52.500694  66.126005     8.722     8.758  4 57292.04899281 38.679
 267  52.502445  66.124451     8.368     8.389  4 57301.96464464 26.809
 268  52.502479  66.122311     8.228     8.377  4 57311.88029252 44.921
 269  52.502784  66.121407     7.600     7.526  4 57321.79593717 44.091
 270  52.502184  66.122166    47.276    45.937  4 57331.71157946 17.975
 271  52.502949  66.123504    61.993    62.051  4 57341.62721983  7.842
 272  52.502941  66.123474     7.848     7.850  4 57351.54287121 29.661
 273  52.502559  66.121859    39.656    39.611  5 57361.45851578  9.877
 274  52.503562  66.119891    39.742    39.789  4 57371.37415728  7.862
 275  52.502489  66.119665     7.237     7.283  5 57381.28979657 17.604
 276  52.501318  66.121236     7.521     7.134  5 57391.20543512 17.751
 277  52.502604  66.123128     7.312     6.843  5 57401.12107293 17.897
 278  52.504758  66.123753     7.080     6.967  4 57411.03671404 17.325
 279  52.501876  66.122964     9.983    10.054  5 57420.95236587 16.250
 280  52.503454  66.122401    10.198    10.572  4 57430.86801549 16.944
 281  52.502153  66.122913    15.931     9.842  5 57440.78366288 16.724
 282  52.501498  66.124406     8.897     9.253  4 57450.69930945 16.600
 283  52.501236  66.125497    38.998    38.795  4 57460.61495454 14.089
 284  52.502282  66.125323    39.546    39.500  4 57470.53059643 13.858
 285  52.501651  66.123862    11.061    11.235  4 57480.44623410  8.806
 286  52.503103  66.122296     7.222     7.280  4 57490.36186893 15.466
 287  52.501428  66.121556    39.909    39.888  5 57500.27750147 21.218
 288  52.500669  66.121973    15.604    15.602  4 57510.19314707 48.056
 289  52.503759  66.122623    32.901    39.222  4 57520.10880307 28.577
 290  52.500304  66.122609    11.524    11.483  4 57530.02445580 50.702
 291  52.502625  66.121685    13.204    13.183  4 57539.94010582 29.555
 292  52.502832  66.120577     9.824     9.908  4 57549.85575289 49.738
 293  52.500896  66.120331     9.596     9.629  5 57559.77139841 48.484
 294  52.501732  66.121456     9.965     9.971  4 57569.68704360 47.510
 295  52.502595  66.122852     8.343     8.202  5 57579.60268846 24.655
 296  52.503324  66.123583     7.092     7.075  4 57589.51833168 27.920
 297  52.503413  66.123382     6.753     6.650  4 57599.43397212 30.829
