-111175.710    22.057     0.00   18.82
-110888.584    19.805    -7.84   17.79
-110601.464    17.143    -9.27   15.44
-110314.350    13.908   -11.27   13.02
-110027.242    10.396   -12.23   13.04
-109740.140     7.414   -10.39   12.90
-109453.045     3.887   -12.28   12.24
-109165.956     0.348   -12.33   11.27
-108878.873    -2.732   -10.73   10.01
-108591.796    -5.639   -10.13    7.93
-108304.725    -7.178    -5.36    6.10
-108017.661    -8.230    -3.67    3.46
-107730.603    -8.755    -1.83    1.18
-107443.551    -8.993    -0.83    0.08
-107156.505    -9.000    -0.02    0.00
-106869.465    -9.000     0.00    0.00
-106582.432    -9.000     0.00    0.00
-106295.405    -9.000     0.00    0.00
-106008.384    -9.000     0.00    0.00
-105721.369    -9.000     0.00    0.00
-105434.360    -9.000     0.00    0.00
-105147.358    -8.972     0.10    0.17
-104860.361    -8.944     0.10    0.23
-104573.371    -8.923     0.07    0.27
-104286.387    -8.913     0.03    0.28
-103999.410    -8.894     0.07    0.31
-103712.438    -8.890     0.02    0.31
-103425.473    -8.908    -0.06    0.29
-103138.514    -8.942    -0.12    0.23
-102851.561    -8.979    -0.13    0.14
-102564.614    -9.000    -0.07    0.00
-102277.673    -9.000     0.00    0.00
-101990.739    -9.000     0.00    0.00
-101703.811    -9.000     0.00    0.00
-101416.889    -9.000     0.00    0.00
-101129.973    -9.000     0.00    0.00
-100843.063    -9.007    -0.03    0.09
-100556.160    -9.266    -0.90    0.97
-100269.262    -9.699    -1.51    1.63
 -99982.371    -9.888    -0.66    2.02
 -99695.486   -10.309    -1.47    2.73
 -99408.607   -11.122    -2.83    3.48
 -99121.735   -12.119    -3.47    4.37
 -98834.868   -12.837    -2.50    4.31
 -98548.008   -12.703     0.47    4.38
 -98261.154   -12.290     1.44    4.64
 -97974.306   -11.542     2.61    5.08
 -97687.464    -9.911     5.69    5.25
 -97400.629    -8.065     6.44    4.76
 -97113.800    -5.929     7.45    3.67
 -96826.976    -4.352     5.50    3.80
 -96540.159    -2.839     5.28    4.72
 -96253.349    -1.843     3.47    4.98
 -95966.544    -1.014     2.89    4.75
 -95679.745    -0.535     1.67    4.33
 -95392.953    -0.385     0.53    4.13
 -95106.167    -0.796    -1.43    3.77
 -94819.387    -1.586    -2.75    3.18
 -94532.613    -2.162    -2.01    2.58
 -94245.846    -2.795    -2.21    2.46
 -93959.084    -3.701    -3.16    2.81
 -93672.329    -4.290    -2.05    2.64
 -93385.580    -4.187     0.36    2.92
 -93098.837    -3.034     4.02    4.00
 -92812.100    -1.503     5.34    5.21
 -92525.369     0.986     8.68    6.14
 -92238.645     3.683     9.41    6.19
 -91951.927     6.622    10.25    5.32
 -91665.215     9.069     8.54    4.63
 -91378.509    11.167     7.31    4.09
 -91091.809    13.209     7.12    3.99
 -90805.115    15.322     7.37    4.00
 -90518.428    17.308     6.93    3.85
 -90231.746    19.007     5.93    3.66
 -89945.071    20.396     4.84    3.13
 -89658.402    21.860     5.11    2.60
 -89371.740    22.823     3.36    2.07
 -89085.083    23.645     2.87    2.10
 -88798.432    24.674     3.59    2.69
 -88511.788    25.889     4.24    3.23
 -88225.150    27.103     4.24    3.13
 -87938.518    28.007     3.15    2.68
 -87651.892    28.621     2.14    2.49
 -87365.272    29.148     1.84    2.38
 -87078.659    29.923     2.70    2.76
 -86792.051    30.908     3.44    3.43
 -86505.450    32.087     4.11    3.55
 -86218.855    33.371     4.48    3.49
 -85932.266    35.021     5.76    3.62
 -85645.684    37.232     7.72    4.18
 -85359.107    39.850     9.13    5.80
 -85072.536    43.167    11.57    7.86
 -84785.972    46.986    13.33    8.78
 -84499.414    51.062    14.22    8.31
 -84212.862    55.225    14.53    7.36
 -83926.316    59.194    13.85    6.54
 -83639.777    62.854    12.77    6.78
 -83353.243    66.208    11.71    8.36
 -83066.716    70.309    14.31   10.34
 -82780.194    74.669    15.22   11.06
 -82493.679    79.361    16.38   11.24
 -82207.170    83.764    15.37   10.29
 -81920.668    85.518     6.12    9.27
 -81634.171    84.884    -2.21   10.62
 -81347.680    82.217    -9.31   12.98
 -81061.196    77.427   -16.72   14.30
 -80774.718    71.079   -22.16   14.15
 -80488.246    64.432   -23.20   13.33
 -80201.780    57.826   -23.06   13.17
 -79915.320    53.687   -14.45   12.80
 -79628.867    50.077   -12.60   11.06
 -79342.419    48.855    -4.27    9.60
 -79055.978    49.669     2.84   10.58
 -78769.543    53.653    13.91   13.14
 -78483.114    59.824    21.55   14.00
 -78196.691    66.478    23.23   12.64
 -77910.274    72.371    20.58   10.36
 -77623.863    76.887    15.77    8.25
 -77337.459    78.606     6.00    6.65
 -77051.060    79.271     2.32    6.03
 -76764.668    79.820     1.92    5.74
 -76478.282    79.812    -0.03    6.38
 -76191.902    80.732     3.21    7.30
 -75905.528    82.138     4.91    8.66
 -75619.161    85.609    12.12   10.60
 -75332.799    89.315    12.94   10.77
 -75046.444    93.188    13.52    9.40
 -74760.095    96.583    11.86    7.78
 -74473.752    98.878     8.01    6.55
 -74187.415   100.833     6.83    6.15
 -73901.084   102.340     5.26    6.78
 -73614.759   102.993     2.28    7.76
 -73328.441   102.196    -2.78    9.50
 -73042.128   100.535    -5.80   11.59
 -72755.822    97.965    -8.98   13.34
 -72469.522    94.000   -13.85   14.20
 -72183.228    89.230   -16.66   13.00
 -71896.940    85.245   -13.92    9.69
 -71610.658    84.048    -4.18    7.68
 -71324.382    85.170     3.92    8.33
 -71038.113    87.640     8.63    9.64
 -70751.849    91.592    13.80   11.46
 -70465.592    97.951    22.22   13.33
 -70179.341   106.148    28.64   15.49
 -69893.096   115.050    31.10   15.98
 -69606.857   121.304    21.85   14.29
 -69320.624   126.136    16.88   11.09
 -69034.397   127.972     6.41    8.74
 -68748.177   127.072    -3.14    9.86
 -68461.963   123.986   -10.79   11.62
 -68175.754   119.126   -16.98   11.30
 -67889.552   114.070   -17.66    9.69
 -67603.356   110.377   -12.91    7.56
 -67317.166   107.884    -8.71    6.65
 -67030.982   108.131     0.86    8.12
 -66744.805   110.393     7.90   10.67
 -66458.633   112.921     8.83   12.24
 -66172.468   115.671     9.61   12.52
 -65886.309   118.741    10.73   11.77
 -65600.155   121.944    11.19   10.20
 -65314.008   123.717     6.20    8.29
 -65027.867   122.348    -4.79    8.77
 -64741.733   119.232   -10.89    9.70
 -64455.604   116.155   -10.76    9.76
 -64169.481   113.148   -10.51    9.38
 -63883.365   109.609   -12.37    9.17
 -63597.254   104.950   -16.28    8.89
 -63311.150   100.662   -14.99    8.55
 -63025.052    97.914    -9.60    7.88
 -62738.960    96.324    -5.56    7.36
 -62452.874    94.893    -5.00    6.55
 -62166.794    93.063    -6.40    5.21
 -61880.721    92.839    -0.78    5.15
 -61594.653    92.949     0.38    5.62
 -61308.592    93.833     3.09    6.33
 -61022.536    94.821     3.45    6.77
 -60736.487    95.236     1.45    7.01
 -60450.444    95.971     2.57    6.68
 -60164.407    96.518     1.91    6.05
 -59878.376    97.396     3.07    5.76
 -59592.351    98.952     5.44    6.65
 -59306.333   100.978     7.08    7.94
 -59020.320   103.319     8.18    8.46
 -58734.313   105.986     9.33    8.34
 -58448.313   108.917    10.25    7.07
 -58162.319   111.290     8.30    4.88
 -57876.331   111.891     2.10    4.33
 -57590.349   111.929     0.13    4.46
 -57304.373   112.268     1.18    4.45
 -57018.403   112.764     1.74    4.27
 -56732.439   113.193     1.50    4.25
 -56446.481   113.310     0.41    4.35
 -56160.530   113.625     1.10    4.29
 -55874.584   113.723     0.34    4.38
 -55588.645   112.388    -4.67    5.40
 -55302.712   110.021    -8.28    6.71
 -55016.785   107.572    -8.56    7.11
 -54730.864   105.146    -8.49    6.76
 -54444.949   102.496    -9.27    5.06
 -54159.040   100.993    -5.26    3.18
 -53873.137   100.593    -1.40    3.05
 -53587.241   101.211     2.16    3.82
 -53301.350   101.703     1.72    3.97
 -53015.466   102.406     2.46    4.22
 -52729.587   102.825     1.47    4.40
 -52443.715   102.832     0.02    4.07
 -52157.849   102.770    -0.22    3.86
 -51871.989   103.761     3.47    3.80
 -51586.135   104.944     4.14    3.80
 -51300.287   105.973     3.60    4.12
 -51014.445   107.283     4.58    4.69
 -50728.610   109.906     9.18    6.12
 -50442.780   112.915    10.53    6.47
 -50156.956   115.326     8.43    6.38
 -49871.139   116.264     3.28    6.29
 -49584.968   116.007    -0.90    6.81
 -49297.758   115.387    -2.16    7.30
 -49010.554   113.497    -6.58    8.11
 -48723.357   108.239   -18.31   10.29
 -48436.167   102.449   -20.16   11.41
 -48148.984    97.097   -18.64   11.04
 -47861.808    92.874   -14.70    9.93
 -47574.639    88.681   -14.60    9.14
 -47287.477    84.761   -13.65    8.05
 -47000.321    80.594   -14.51    9.30
 -46713.173    79.134    -5.09    9.83
 -46426.032    78.594    -1.88    9.61
 -46138.897    78.035    -1.95    8.93
 -45851.769    76.965    -3.73    7.90
 -45564.649    75.543    -4.95    8.12
 -45277.535    74.586    -3.33    9.00
 -44990.428    72.070    -8.76   11.41
 -44703.328    67.347   -16.45   14.36
 -44416.235    62.565   -16.66   14.67
 -44129.149    55.819   -23.50   14.73
 -43842.070    48.662   -24.93   16.46
 -43554.997    41.203   -25.98   16.87
 -43267.932    34.943   -21.81   15.05
 -42980.873    31.115   -13.33   12.88
 -42693.822    28.099   -10.51   10.40
 -42406.777    25.759    -8.15    7.91
 -42119.739    24.763    -3.47    8.01
 -41832.709    24.303    -1.60    8.19
 -41545.685    24.133    -0.59    8.20
 -41258.668    23.547    -2.04    8.39
 -40971.658    23.551     0.01    9.00
 -40684.654    23.797     0.86   10.68
 -40397.658    24.301     1.75   12.13
 -40110.669    25.942     5.72   14.17
 -39823.686    29.268    11.59   15.56
 -39536.710    32.028     9.62   17.50
 -39249.742    35.801    13.15   18.51
 -38962.780    40.219    15.39   18.13
 -38675.825    44.064    13.40   15.71
 -38388.877    46.741     9.33   12.69
 -38101.936    46.433    -1.08   11.64
 -37815.002    44.486    -6.79   13.64
 -37528.074    41.021   -12.07   14.49
 -37241.154    37.735   -11.45   13.92
 -36954.241    32.921   -16.78   11.47
 -36667.334    31.252    -5.82   10.82
 -36380.434    33.385     7.43   12.60
 -36093.541    39.126    20.01   14.59
 -35806.655    45.007    20.50   16.45
 -35519.776    50.612    19.54   17.50
 -35232.904    55.930    18.54   15.79
 -34946.039    61.148    18.19   11.11
 -34659.181    62.406     4.39    9.06
 -34372.329    58.510   -13.58   14.71
 -34085.485    54.551   -13.80   17.48
 -33798.647    53.435    -3.89   18.55
 -33511.816    55.696     7.88   20.54
 -33224.992    58.465     9.65   22.25
 -32938.175    63.846    18.76   22.57
 -32651.365    69.475    19.63   19.93
 -32364.562    75.237    20.09   12.63
 -32077.766    77.050     6.32   10.54
 -31790.976    74.056   -10.44   12.49
 -31504.194    70.353   -12.92   12.06
 -31217.418    67.408   -10.27   11.18
 -30930.649    66.007    -4.89   10.00
 -30643.887    67.312     4.55    9.89
 -30357.132    70.014     9.42    8.07
 -30070.384    72.562     8.89    6.84
 -29783.643    74.350     6.23    5.16
 -29496.908    74.123    -0.79    4.43
 -29210.181    73.304    -2.86    5.20
 -28923.460    71.986    -4.60    5.63
 -28636.746    70.486    -5.23    5.21
 -28350.039    68.750    -6.06    3.77
 -28063.339    67.551    -4.18    3.35
 -27776.646    66.683    -3.03    3.56
 -27489.960    65.624    -3.69    3.72
 -27203.281    64.633    -3.46    4.19
 -26916.608    63.652    -3.42    4.22
 -26629.942    62.490    -4.06    4.78
 -26343.284    61.943    -1.91    4.65
 -26056.632    61.628    -1.10    4.57
 -25769.987    61.000    -2.19    4.83
 -25483.349    59.864    -3.96    5.35
 -25196.717    58.696    -4.08    5.39
 -24910.093    57.529    -4.07    5.83
 -24623.475    55.793    -6.06    6.27
 -24336.865    53.859    -6.75    6.73
 -24050.261    52.928    -3.25    6.61
 -23763.664    52.180    -2.61    6.91
 -23477.074    51.315    -3.02    6.77
 -23190.491    50.761    -1.93    6.64
 -22903.914    50.094    -2.33    6.70
 -22617.345    49.135    -3.35    6.77
 -22330.782    47.539    -5.57    6.96
 -22044.226    45.399    -7.47    6.76
 -21757.678    43.679    -6.00    5.54
 -21471.136    41.613    -7.21    4.70
 -21184.600    40.854    -2.65    4.69
 -20898.072    40.841    -0.05    5.83
 -20611.551    41.036     0.68    5.76
 -20325.036    41.292     0.89    5.63
 -20038.528    40.860    -1.51    5.81
 -19752.028    41.116     0.89    6.49
 -19465.534    41.971     2.99    6.14
 -19179.046    41.739    -0.81    5.31
 -18892.566    42.014     0.96    4.99
 -18606.093    42.468     1.58    5.01
 -18319.626    43.931     5.11    4.61
 -18033.166    43.605    -1.13    5.23
 -17746.714    42.094    -5.28    5.86
 -17460.268    40.174    -6.70    6.62
 -17173.828    38.711    -5.11    7.04
 -16887.396    37.133    -5.51    6.76
 -16600.971    35.283    -6.46    6.22
 -16314.552    33.514    -6.17    5.48
 -16028.140    32.929    -2.04    5.78
 -15741.735    32.437    -1.72    5.59
 -15455.337    31.813    -2.18    5.19
 -15168.946    30.250    -5.46    5.57
 -14882.562    28.290    -6.85    6.48
 -14596.184    26.355    -6.76    7.56
 -14309.814    23.791    -8.95    8.59
 -14023.450    21.811    -6.91    9.70
 -13737.093    19.229    -9.02   10.39
 -13450.743    16.638    -9.05   10.34
 -13164.399    13.877    -9.64    9.95
 -12878.063    11.716    -7.55    9.62
 -12591.733     9.636    -7.26    8.52
 -12305.411     8.496    -3.98    7.00
 -12019.095     7.597    -3.14    5.51
 -11732.786     7.878     0.98    5.16
 -11446.483     8.149     0.95    4.65
 -11160.188     8.775     2.19    4.73
 -10873.899     9.732     3.34    5.01
 -10587.618    10.112     1.33    5.45
 -10301.343    10.729     2.15    5.42
 -10015.075    11.399     2.34    5.25
  -9728.814    12.210     2.83    5.30
  -9442.559    12.951     2.59    4.94
  -9156.312    13.014     0.22    4.68
  -8870.071    12.239    -2.71    5.23
  -8583.837    11.816    -1.48    6.51
  -8297.610    10.803    -3.54    7.00
  -8011.390    10.036    -2.68    7.42
  -7725.177     9.201    -2.91    7.42
  -7438.970     8.950    -0.88    7.58
  -7152.770     8.679    -0.95    7.40
  -6866.577     8.986     1.07    7.27
  -6580.391     9.775     2.76    7.48
  -6294.212    10.594     2.86    7.64
  -6008.040    11.638     3.65    7.37
  -5721.874    11.696     0.20    6.78
  -5435.715    12.289     2.07    6.28
  -5149.564    12.197    -0.32    5.34
  -4863.419    12.102    -0.33    4.61
  -4577.280    11.898    -0.71    4.83
  -4291.149    11.693    -0.72    5.59
  -4005.024    12.042     1.22    6.70
  -3718.906    12.949     3.17    8.13
  -3432.795    13.915     3.37    8.85
  -3146.691    15.055     3.99    8.90
  -2860.594    16.086     3.60    7.79
  -2574.503    16.914     2.89    6.34
  -2288.420    17.287     1.30    5.58
  -2002.343    16.627    -2.31    4.83
  -1716.273    17.338     2.49    5.22
  -1430.210    17.471     0.46    7.44
  -1144.153    16.408    -3.71    9.66
   -858.104    14.930    -5.17   11.72
   -572.061    12.576    -8.23   12.91
   -286.025     9.630   -10.30   13.40
      0.004     6.224   -11.91   12.54
    286.027     2.746   -12.16    8.81
    572.042     0.820    -6.74    2.76
    858.051     1.121     1.05    2.88
   1144.053     1.538     1.46    3.28
   1430.048     1.716     0.62    3.23
   1716.036     1.759     0.15    2.87
   2002.017     1.500    -0.91    1.79
   2287.992     1.399    -0.35    0.86
   2573.960     1.500     0.35    1.00
   2859.921     1.783     0.99    1.17
   3145.875     2.084     1.05    1.34
   3431.823     2.387     1.06    1.63
   3717.763     2.723     1.17    1.96
   4003.697     3.161     1.53    2.36
   4289.624     3.736     2.01    2.74
   4575.544     4.128     1.37    2.89
   4861.458     4.432     1.06    3.03
   5147.364     4.844     1.44    3.19
   5433.264     5.110     0.93    3.23
   5719.157     5.464     1.24    3.63
   6005.043     5.986     1.82    3.75
   6290.923     6.683     2.44    4.42
   6576.795     7.362     2.37    5.31
   6862.661     7.596     0.82    5.32
   7148.520     7.246    -1.22    5.14
   7434.372     6.761    -1.70    4.51
   7720.217     6.601    -0.56    4.13
   8006.056     6.703     0.36    3.89
   8291.888     7.565     3.02    4.46
   8577.713     8.503     3.28    4.55
   8863.531     9.333     2.90    4.25
   9149.342     9.403     0.24    4.05
   9435.147     9.257    -0.51    4.26
   9720.945     8.679    -2.02    4.34
  10006.736     7.597    -3.78    3.98
  10292.520     7.174    -1.48    3.68
  10578.297     8.106     3.26    4.45
  10864.068     9.724     5.66    5.05
  11149.832    10.623     3.15    4.60
  11435.589    10.986     1.27    4.07
  11721.339    11.725     2.59    5.09
  12007.083    13.098     4.80    6.69
  12293.358    13.014    -0.29    6.98
  12580.648    12.443    -1.99    7.37
  12867.930    12.127    -1.10    7.92
  13155.205    13.496     4.77   10.16
  13442.471    14.623     3.92   11.15
  13729.731    14.160    -1.61   11.65
  14016.982    14.610     1.57   12.26
  14304.226    16.696     7.26   12.50
  14591.462    18.092     4.86   12.48
  14878.691    18.621     1.84   11.97
  15165.912    17.899    -2.52   11.73
  15453.125    17.766    -0.46   12.46
  15740.331    15.669    -7.30   11.73
  16027.529    14.447    -4.26   11.27
  16314.719    13.355    -3.80   10.63
  16601.902    11.745    -5.61    9.68
  16889.077    10.768    -3.40    8.61
  17176.245    11.014     0.86    7.76
  17463.405    11.780     2.67    7.33
  17750.557    12.305     1.83    6.41
  18037.702    12.826     1.81    5.49
  18324.839    14.257     4.98    5.08
  18611.968    15.818     5.44    4.79
  18899.090    17.776     6.82    5.73
  19186.204    19.691     6.67    7.25
  19473.310    21.556     6.50    8.46
  19760.409    24.106     8.88    8.59
  20047.500    25.642     5.35    8.11
  20334.584    25.007    -2.21    8.95
  20621.660    23.579    -4.98   10.07
  20908.728    20.791    -9.71   10.36
  21195.789    19.886    -3.15   11.00
  21482.842    19.748    -0.48   13.10
  21769.888    22.617     9.99   15.96
  22056.926    27.797    18.05   17.63
  22343.956    32.514    16.43   17.54
  22630.978    36.794    14.91   15.91
  22917.993    40.949    14.48   14.07
  23205.001    44.348    11.84   12.86
  23492.001    47.114     9.64   12.32
  23778.993    49.430     8.07   12.11
  24065.977    51.478     7.14   12.08
  24352.954    52.837     4.73   11.57
  24639.923    53.069     0.81   11.17
  24926.885    52.993    -0.27   10.82
  25213.839    53.230     0.83   11.30
  25500.786    53.191    -0.13   12.07
  25787.725    54.036     2.94   12.60
  26074.656    54.625     2.05   12.43
  26361.579    54.303    -1.12   13.48
  26648.496    54.915     2.14   13.28
  26935.404    55.683     2.68   12.18
  27222.305    55.171    -1.78   10.87
  27509.198    55.299     0.44    9.57
  27796.084    55.730     1.50    8.22
  28082.962    56.037     1.07    7.41
  28369.832    55.908    -0.45    7.50
  28656.695    55.279    -2.19    8.21
  28943.550    54.761    -1.80    8.25
  29230.398    53.944    -2.85    8.73
  29517.238    53.567    -1.31    8.54
  29804.070    54.471     3.15    7.92
  30090.895    55.771     4.53    7.34
  30377.712    57.718     6.79    6.42
  30664.522    59.182     5.11    5.38
  30951.324    60.341     4.04    5.02
  31238.118    60.507     0.58    5.27
  31524.905    60.930     1.47    5.39
  31811.684    61.399     1.64    5.63
  32098.456    62.050     2.27    5.99
  32385.220    63.632     5.52    6.78
  32671.976    64.774     3.98    7.10
  32958.725    65.993     4.25    6.77
  33245.466    67.686     5.90    6.87
  33532.200    69.928     7.82    8.61
  33818.926    73.319    11.83   11.07
  34105.644    77.444    14.39   12.55
  34392.355    81.613    14.54   12.57
  34679.059    85.920    15.02   11.70
  34965.754    89.376    12.05   10.46
  35252.443    92.542    11.04    9.93
  35539.123    95.577    10.58    9.39
  35825.796    97.336     6.14    9.15
  36112.462    98.851     5.29    7.96
  36399.119   100.120     4.43    6.36
  36685.770   100.906     2.74    5.16
  36972.412   100.295    -2.13    5.28
  37259.047    98.806    -5.20    5.31
  37545.675    96.604    -7.68    5.34
  37832.295    94.790    -6.33    4.97
  38118.907    93.243    -5.40    5.15
  38405.512    92.842    -1.40    4.93
  38692.109    92.710    -0.46    4.65
  38978.699    93.134     1.48    4.13
  39265.281    93.603     1.64    3.75
  39551.855    93.942     1.18    3.30
  39838.422    93.142    -2.79    4.17
  40124.981    91.355    -6.24    5.15
  40411.533    89.474    -6.56    6.15
  40698.077    87.174    -8.03    7.52
  40984.614    83.610   -12.44    9.33
  41271.143    79.331   -14.93   10.77
  41557.664    74.583   -16.57   11.08
  41844.178    70.236   -15.17   10.46
  42130.685    67.761    -8.64    8.65
  42417.183    66.000    -6.15    7.87
  42703.675    66.410     1.43    8.58
  42990.158    68.014     5.60    9.74
  43276.634    71.471    12.07    9.91
  43563.103    74.755    11.46    8.98
  43849.564    77.825    10.72    8.17
  44136.017    79.540     5.98    7.23
  44422.463    80.072     1.86    6.75
  44708.901    79.592    -1.68    6.61
  44995.332    78.757    -2.91    6.47
  45281.755    78.504    -0.89    6.51
  45568.171    78.095    -1.43    7.18
  45854.579    78.627     1.86    8.21
  46140.979    78.914     1.00    8.13
  46427.372    78.819    -0.33    7.75
  46713.758    78.514    -1.06    7.05
  47000.136    77.824    -2.41    5.82
  47286.506    77.110    -2.49    4.89
  47572.869    75.568    -5.38    4.70
  47859.224    73.972    -5.58    5.46
  48145.571    72.445    -5.33    6.71
  48431.912    71.384    -3.71    7.54
  48718.244    70.324    -3.70    8.08
  49004.569    68.879    -5.05    7.95
  49290.886    67.688    -4.16    7.18
  49577.196    66.718    -3.39    7.12
  49863.499    66.914     0.68    6.40
  50149.794    66.533    -1.33    7.03
  50436.081    65.416    -3.90    7.28
  50722.360    64.629    -2.75    7.30
  51008.633    64.540    -0.31    7.22
  51294.897    65.616     3.76    6.73
  51581.154    66.972     4.74    5.51
  51867.404    68.042     3.74    4.32
  52153.646    69.263     4.26    3.50
  52439.880    70.324     3.71    3.16
  52726.107    71.594     4.44    3.28
  53012.327    72.906     4.58    3.39
  53298.539    74.428     5.32    3.94
  53584.743    76.041     5.64    3.73
  53870.940    77.352     4.58    3.35
  54157.129    78.168     2.85    3.07
  54443.311    78.621     1.58    2.88
  54729.485    78.345    -0.96    2.90
  55015.652    77.073    -4.45    3.63
  55301.811    75.328    -6.10    4.23
  55587.962    73.808    -5.31    4.54
  55874.106    72.518    -4.51    4.30
  56160.243    72.116    -1.41    3.95
  56446.372    71.979    -0.48    3.77
  56732.493    72.199     0.77    3.47
  57018.607    72.620     1.47    3.09
  57304.714    73.237     2.16    2.98
  57590.813    73.965     2.54    3.27
  57876.904    74.187     0.78    3.15
  58162.988    74.181    -0.02    3.20
  58449.064    73.697    -1.69    3.44
  58735.133    73.317    -1.33    3.76
  59021.194    73.007    -1.08    4.00
  59307.248    72.426    -2.03    3.92
  59593.294    71.879    -1.91    3.59
  59879.333    71.783    -0.34    3.20
  60165.364    71.812     0.10    2.84
  60451.388    71.771    -0.14    2.76
  60737.404    71.549    -0.77    2.92
  61023.413    71.000    -1.92    3.44
  61309.414    70.248    -2.63    3.81
  61595.408    69.234    -3.55    3.69
  61881.394    68.826    -1.43    3.46
  62167.373    68.384    -1.55    3.58
  62453.344    68.097    -1.01    3.87
  62739.307    68.036    -0.21    4.33
  63025.263    67.434    -2.11    4.62
  63311.212    66.546    -3.10    4.91
  63597.153    65.518    -3.60    5.19
  63883.087    63.971    -5.41    5.80
  64169.013    61.550    -8.47    6.12
  64454.931    59.253    -8.03    6.26
  64740.842    57.297    -6.84    6.17
  65026.746    55.681    -5.65    5.51
  65312.642    54.021    -5.81    4.72
  65598.530    52.443    -5.52    4.88
  65884.411    51.234    -4.23    5.01
  66170.285    50.182    -3.68    4.92
  66456.151    48.916    -4.43    4.84
  66742.009    47.022    -6.63    4.84
  67027.860    44.336    -9.40    5.08
  67313.704    42.169    -7.58    5.58
  67599.540    41.655    -1.80    5.27
  67885.369    42.232     2.02    5.82
  68171.190    43.461     4.30    6.87
  68457.003    44.965     5.26    7.63
  68742.809    47.239     7.96    7.60
  69028.608    50.043     9.81    6.20
  69314.399    52.650     9.12    4.49
  69600.182    53.985     4.67    3.53
  69885.958    54.377     1.37    3.28
  70171.727    54.647     0.95    3.52
  70457.488    54.007    -2.24    3.85
  70743.242    53.630    -1.32    3.97
  71028.988    53.043    -2.06    4.23
  71314.726    52.799    -0.86    4.44
  71600.458    53.292     1.73    4.58
  71886.181    53.390     0.34    4.45
  72171.897    53.844     1.59    4.09
  72457.606    54.107     0.92    3.68
  72743.307    54.145     0.13    3.73
  73029.001    54.155     0.04    3.85
  73314.687    53.937    -0.76    4.53
  73600.366    53.116    -2.87    4.85
  73886.037    51.942    -4.11    5.81
  74172.452    51.128    -2.84    6.29
  74459.821    50.387    -2.58    6.60
  74747.181    48.080    -8.03    6.66
  75034.534    46.238    -6.41    6.44
  75321.878    45.362    -3.05    6.47
  75609.213    44.774    -2.05    6.64
  75896.540    44.239    -1.86    6.98
  76183.859    42.856    -4.81    6.34
  76471.170    41.920    -3.26    5.36
  76758.472    42.121     0.70    5.24
  77045.765    42.203     0.29    5.01
  77333.051    42.664     1.60    4.76
  77620.328    43.292     2.19    4.50
