# NaN NaN NaN ;Mean Elev.(m), Avg Gradient(m/km), RMS Gradient(m/km) - SRTM1     
#  -11.914  -0.709   2.616 ;Mean Elev.(m), Avg Gradient(m/km), RMS Gradient(m/km) - ASTER GDEM
#   31.761  -3.539   8.140 ;Mean Elev.(m), Avg Gradient(m/km), RMS Gradient(m/km) - GMTED2010 
   2    12.406 54673.30340670 28.17  52.192569  65.680261 17.660 -100.00 -100.00 -100.00
   2    16.210 54673.30340729 25.90  52.198815  65.680775 14.720 -100.00 -100.00 -100.00
   3     5.584 54683.21905022 17.13  52.192251  65.681602  7.320  265.52  264.50  264.85
   3     6.614 54683.21905081 19.33  52.198498  65.682116 10.259  265.52  264.50  264.85
   4    59.619 54693.13469282  9.40  52.196537  65.682498  8.325 -100.00 -100.00 -100.00
   4    62.620 54693.13469341  6.66  52.202783  65.683012  4.692 -100.00 -100.00 -100.00
   5     8.092 54703.05033221 22.38  52.193655  65.681289 10.637 -100.00 -100.00 -100.00
   5     9.162 54703.05033280 23.50  52.199901  65.681804 11.149 -100.00 -100.00 -100.00
   7    12.941 54722.88163186 28.70  52.191178  65.677549 21.278 -100.00 -100.00 -100.00
   7    13.977 54722.88163245 24.02  52.197423  65.678064 10.355 -100.00 -100.00 -100.00
   7    14.403 54722.88163304 21.61  52.203668  65.678578  6.898 -100.00 -100.00 -100.00
   8    11.996 54732.79728009 39.66  52.189511  65.677089   -100 -100.00 -100.00 -100.00
   8    12.557 54732.79728068 42.95  52.195756  65.677604 24.495 -100.00 -100.00 -100.00
   8    12.592 54732.79728127 43.91  52.202001  65.678118 24.574 -100.00 -100.00 -100.00
  13    71.401 54782.37550446 16.70  52.187457  65.675900 15.215 -100.00 -100.00 -100.00
  13    87.841 54782.37550505 19.30  52.193703  65.676414 19.007 -100.00 -100.00 -100.00
  13    98.749 54782.37550564 23.47  52.199949  65.676929 20.956 -100.00 -100.00 -100.00
  14    12.138 54792.29114310 41.07  52.189651  65.676013 28.184  253.07  249.42  243.43
  14    12.094 54792.29114369 42.90  52.195897  65.676527 31.784  253.07  249.42  243.43
  14    12.046 54792.29114429 47.19  52.202143  65.677041   -100  253.07  249.42  243.43
  15    12.241 54802.20678062 24.04  52.190936  65.677506 12.758 -100.00 -100.00 -100.00
  15    15.998 54802.20678121 26.28  52.197182  65.678020 17.694 -100.00 -100.00 -100.00
  15    12.064 54802.20678180 31.18  52.203429  65.678534   -100 -100.00 -100.00 -100.00
  16    12.527 54812.12241769 30.17  52.189129  65.678560 31.010 -100.00 -100.00 -100.00
  16    12.374 54812.12241828 29.99  52.195375  65.679075 30.532 -100.00 -100.00 -100.00
  16    12.375 54812.12241887 28.24  52.201622  65.679589 23.676 -100.00 -100.00 -100.00
  17    12.376 54822.03805989 21.74  52.191951  65.679203 10.909 -100.00 -100.00 -100.00
  17    12.629 54822.03806048 20.85  52.198197  65.679718  9.004 -100.00 -100.00 -100.00
  18    14.075 54831.95371209 17.07  52.194012  65.679050  5.447  246.58  241.06  229.80
  18    15.994 54831.95371268 17.05  52.200258  65.679564  5.589  246.58  241.06  229.80
  19    15.530 54841.86935046 15.63  52.191307  65.679121  3.521 -100.00 -100.00 -100.00
  19    15.960 54841.86935105 15.38  52.197553  65.679635  3.534 -100.00 -100.00 -100.00
  19    16.280 54841.86935164 15.49  52.203799  65.680149  3.590 -100.00 -100.00 -100.00
  20    15.378 54851.78499964 14.87  52.193219  65.680714  4.024 -100.00 -100.00 -100.00
  20    16.239 54851.78500023 14.93  52.199465  65.681229  3.714 -100.00 -100.00 -100.00
  21    15.719 54861.70064812 15.21  52.191015  65.682398  3.884 -100.00 -100.00 -100.00
  21    16.008 54861.70064871 14.95  52.197262  65.682912  3.698 -100.00 -100.00 -100.00
  21    15.819 54861.70064930 15.25  52.203509  65.683426  4.279 -100.00 -100.00 -100.00
  22    15.066 54871.61629692 15.23  52.192408  65.683353  4.018  242.60  236.19  218.83
  22    16.143 54871.61629751 14.78  52.198656  65.683867  4.454  242.60  236.19  218.83
  23    15.639 54881.53194378 15.70  52.192124  65.682009  4.318 -100.00 -100.00 -100.00
  23    17.311 54881.53194437 14.73  52.198371  65.682523  3.695 -100.00 -100.00 -100.00
  24    15.792 54891.44758726 16.65  52.191460  65.679192  4.762 -100.00 -100.00 -100.00
  24    17.792 54891.44758785 15.41  52.197707  65.679706  3.654 -100.00 -100.00 -100.00
  24    17.088 54891.44758844 15.64  52.203954  65.680220  5.051 -100.00 -100.00 -100.00
  25    13.674 54901.36322773 16.25  52.189464  65.676862  4.354 -100.00 -100.00 -100.00
  25    12.249 54901.36322832 18.05  52.195710  65.677377  7.751 -100.00 -100.00 -100.00
  25    15.914 54901.36322891 16.79  52.201957  65.677891  5.503 -100.00 -100.00 -100.00
  26    15.505 54911.27886670 17.86  52.189183  65.677067  5.210 -100.00 -100.00 -100.00
  26    15.633 54911.27886729 17.94  52.195429  65.677581  5.554 -100.00 -100.00 -100.00
  26    16.338 54911.27886788 18.12  52.201676  65.678095  6.442 -100.00 -100.00 -100.00
  27    17.437 54921.19450491 14.29  52.192249  65.678986  3.935 -100.00 -100.00 -100.00
  27    17.529 54921.19450550 14.07  52.198495  65.679500  3.519 -100.00 -100.00 -100.00
  29    15.653 54941.02577793 14.97  52.191651  65.678747  6.573  243.64  232.84  214.28
  29    16.264 54941.02577852 13.27  52.197897  65.679262  4.564  243.64  232.84  214.28
  29    16.535 54941.02577911 12.55  52.204143  65.679776  4.447  243.64  232.84  214.28
  30    15.790 54950.94141167 20.13  52.188003  65.676139 14.765 -100.00 -100.00 -100.00
  30    10.633 54950.94141226 23.39  52.194247  65.676654 24.045 -100.00 -100.00 -100.00
  30    15.928 54950.94141285 19.47  52.200492  65.677168 14.054 -100.00 -100.00 -100.00
  31    10.809 54960.85705235 27.93  52.190038  65.674809 23.015  267.29  265.61  262.17
  31    10.723 54960.85705294 25.27  52.196282  65.675324 17.405  267.29  265.61  262.17
  31    10.639 54960.85705353 24.92  52.202526  65.675838 18.313  267.29  265.61  262.17
  32    16.150 54970.77270065 29.54  52.185993  65.675380 11.211  245.86  243.13  240.52
  32    16.383 54970.77270124 30.33  52.192237  65.675894 12.041  245.86  243.13  240.52
  32    16.242 54970.77270183 37.90  52.198482  65.676409   -100  245.86  243.13  240.52
  33    51.088 54980.68834888 11.99  52.192889  65.677928 14.041 -100.00 -100.00 -100.00
  33    84.630 54980.68834947  6.80  52.199135  65.678442  6.181 -100.00 -100.00 -100.00
  34    18.696 54990.60399589 36.40  52.189909  65.679363 25.810 -100.00 -100.00 -100.00
  34    18.413 54990.60399648 32.44  52.196155  65.679878 12.750 -100.00 -100.00 -100.00
  34    18.389 54990.60399707 37.65  52.202400  65.680392 32.529 -100.00 -100.00 -100.00
  35    18.298 55000.51964297 33.65  52.190666  65.679660 16.807 -100.00 -100.00 -100.00
  35    18.060 55000.51964356 35.84  52.196912  65.680174 24.000 -100.00 -100.00 -100.00
  35    18.405 55000.51964415 39.06  52.203158  65.680688   -100 -100.00 -100.00 -100.00
  36    16.106 55010.43528858 28.05  52.194889  65.679783 14.175 -100.00 -100.00 -100.00
  36    17.128 55010.43528917 27.31  52.201135  65.680297 10.969 -100.00 -100.00 -100.00
  37    15.292 55020.35093185 25.09  52.191130  65.679235 10.497  271.15  269.31  269.67
  37    16.484 55020.35093244 23.68  52.197376  65.679749  8.796  271.15  269.31  269.67
  37    17.348 55020.35093303 22.95  52.203622  65.680263  7.022  271.15  269.31  269.67
  38    16.389 55030.26657476 23.91  52.195541  65.680605  8.698 -100.00 -100.00 -100.00
  38    17.157 55030.26657535 24.54  52.201788  65.681119 10.468 -100.00 -100.00 -100.00
  39    11.562 55040.18221636 28.40  52.193010  65.681749 21.256 -100.00 -100.00 -100.00
  39    16.630 55040.18221695 25.15  52.199257  65.682263 14.177 -100.00 -100.00 -100.00
  40    10.335 55050.09785685 31.44  52.193869  65.682365   -100 -100.00 -100.00 -100.00
  40    12.558 55050.09785744 26.98  52.200116  65.682880 19.140 -100.00 -100.00 -100.00
  41    10.654 55060.01349516 44.07  52.195240  65.680975   -100 -100.00 -100.00 -100.00
  41    10.576 55060.01349575 44.30  52.201486  65.681490 29.985 -100.00 -100.00 -100.00
  42    10.245 55069.92913494 39.99  52.187581  65.677628   -100 -100.00 -100.00 -100.00
  42    10.243 55069.92913553 44.03  52.193826  65.678143   -100 -100.00 -100.00 -100.00
  42    10.236 55069.92913612 41.84  52.200071  65.678657   -100 -100.00 -100.00 -100.00
  43    10.795 55079.84478407 36.42  52.185738  65.675458   -100 -100.00 -100.00 -100.00
  43    10.450 55079.84478466 35.09  52.191982  65.675973   -100 -100.00 -100.00 -100.00
  43    10.448 55079.84478525 31.55  52.198227  65.676487 29.130 -100.00 -100.00 -100.00
  44    10.618 55089.76043149 36.86  52.185138  65.675594   -100 -100.00 -100.00 -100.00
  44    10.423 55089.76043209 32.05  52.191383  65.676108   -100 -100.00 -100.00 -100.00
  44    15.947 55089.76043268 27.32  52.197628  65.676623 19.558 -100.00 -100.00 -100.00
  44    16.645 55089.76043327 27.69  52.203873  65.677137 19.671 -100.00 -100.00 -100.00
  45    15.514 55099.67607828 26.08  52.188659  65.677825 16.972 -100.00 -100.00 -100.00
  45    16.086 55099.67607887 24.93  52.194904  65.678340 15.452 -100.00 -100.00 -100.00
  45    16.690 55099.67607946 21.64  52.201149  65.678854  7.739 -100.00 -100.00 -100.00
  46    14.735 55109.59172461 25.56  52.192743  65.679941 13.502 -100.00 -100.00 -100.00
  46    17.538 55109.59172520 23.40  52.198989  65.680455  8.035 -100.00 -100.00 -100.00
  47    16.098 55119.50736872 22.85  52.189466  65.679253  8.157  255.59  254.46  255.74
  47    16.428 55119.50736931 23.29  52.195712  65.679767  9.331  255.59  254.46  255.74
  47    16.961 55119.50736990 22.97  52.201959  65.680281  6.419  255.59  254.46  255.74
  48    16.138 55129.42301073 29.31  52.191716  65.677169 18.843 -100.00 -100.00 -100.00
  48    16.162 55129.42301132 34.46  52.197962  65.677683   -100 -100.00 -100.00 -100.00
  49    10.654 55139.33865010 39.16  52.187330  65.674831 28.782 -100.00 -100.00 -100.00
  49    11.649 55139.33865069 40.09  52.193575  65.675346 16.464 -100.00 -100.00 -100.00
  49    11.075 55139.33865128 42.92  52.199821  65.675860 24.559 -100.00 -100.00 -100.00
  50    10.654 55149.25428865 37.69  52.186469  65.675100   -100  257.46  255.13  252.12
  50    11.033 55149.25428924 38.94  52.192715  65.675614 30.775  257.46  255.13  252.12
  50    10.753 55149.25428983 41.90  52.198961  65.676128   -100  257.46  255.13  252.12
  51    11.342 55159.16992752 37.97  52.191970  65.677751   -100 -100.00 -100.00 -100.00
  51    11.510 55159.16992811 37.27  52.198216  65.678265   -100 -100.00 -100.00 -100.00
  52    15.636 55169.08556565 26.16  52.193327  65.679809 10.795 -100.00 -100.00 -100.00
  52    11.444 55169.08556624 26.51  52.199573  65.680323 10.684 -100.00 -100.00 -100.00
  53    15.677 55179.00120228 21.31  52.190019  65.679909  6.983 -100.00 -100.00 -100.00
  53    16.006 55179.00120287 19.95  52.196265  65.680424  4.641 -100.00 -100.00 -100.00
  53    16.115 55179.00120346 20.79  52.202511  65.680938  6.800 -100.00 -100.00 -100.00
  54    15.375 55188.91684813 18.70  52.189376  65.679060  5.025  248.70  243.74  234.81
  54    15.858 55188.91684872 18.67  52.195621  65.679575  4.987  248.70  243.74  234.81
  54    16.080 55188.91684931 18.36  52.201867  65.680089  4.765  248.70  243.74  234.81
  55    15.873 55198.83249914 18.19  52.193674  65.679377  4.849  249.94  245.17  233.32
  55    16.111 55198.83249973 17.65  52.199920  65.679891  4.151  249.94  245.17  233.32
  56    15.881 55208.74814903 17.27  52.194761  65.680525  4.085  254.34  249.08  236.75
  56    16.208 55208.74814962 17.04  52.201008  65.681039  3.992  254.34  249.08  236.75
  57    15.825 55218.66379801 18.05  52.191212  65.681700  4.871 -100.00 -100.00 -100.00
  57    15.736 55218.66379860 18.00  52.197458  65.682214  5.249 -100.00 -100.00 -100.00
  57    16.193 55218.66379919 17.53  52.203705  65.682728  4.044 -100.00 -100.00 -100.00
  58    15.931 55228.57944698 18.46  52.196473  65.682333  4.708 -100.00 -100.00 -100.00
  58    16.349 55228.57944757 18.04  52.202720  65.682847  4.168 -100.00 -100.00 -100.00
  59    15.184 55238.49509178 18.57  52.190692  65.680469  4.778 -100.00 -100.00 -100.00
  59    15.995 55238.49509237 18.38  52.196939  65.680983  4.153 -100.00 -100.00 -100.00
  59    16.241 55238.49509296 17.52  52.203186  65.681497  3.803 -100.00 -100.00 -100.00
  60    15.571 55248.41073316 18.53  52.186991  65.677699  4.941 -100.00 -100.00 -100.00
  60    15.749 55248.41073375 18.66  52.193237  65.678213  5.179 -100.00 -100.00 -100.00
  60    16.270 55248.41073434 17.67  52.199483  65.678727  3.923 -100.00 -100.00 -100.00
  61    12.586 55258.32637245 17.06  52.186347  65.675992  4.633 -100.00 -100.00 -100.00
  61    15.317 55258.32637304 16.75  52.192592  65.676507  4.713 -100.00 -100.00 -100.00
  61    16.310 55258.32637363 15.93  52.198838  65.677021  3.508 -100.00 -100.00 -100.00
  62    14.798 55268.24201112 18.13  52.186777  65.676191  5.062  252.66  242.68  221.04
  62    16.067 55268.24201171 17.85  52.193023  65.676706  4.739  252.66  242.68  221.04
  62    16.071 55268.24201230 16.65  52.199269  65.677220  3.748  252.66  242.68  221.04
  63    14.815 55278.15764984 16.37  52.190856  65.678061  5.042 -100.00 -100.00 -100.00
  63    15.857 55278.15765043 15.30  52.197102  65.678575  3.817 -100.00 -100.00 -100.00
  63    16.203 55278.15765102 15.18  52.203348  65.679089  3.535 -100.00 -100.00 -100.00
  64    16.952 55288.07328679 10.72  52.189837  65.678875  5.544  263.93  263.67  263.63
  64    15.694 55288.07328738 11.63  52.196083  65.679390  6.146  263.93  263.67  263.63
  64    16.434 55288.07328797 11.78  52.202329  65.679904  7.072  263.93  263.67  263.63
  65     9.762 55297.98892173 28.61  52.193522  65.678554   -100 -100.00 -100.00 -100.00
  65     9.957 55297.98892232 27.71  52.199767  65.679068   -100 -100.00 -100.00 -100.00
  66    16.358 55307.90456349 24.12  52.188111  65.676279 12.157 -100.00 -100.00 -100.00
  66    13.166 55307.90456408 24.99  52.194356  65.676793 17.131 -100.00 -100.00 -100.00
  66    13.570 55307.90456467 24.91  52.200601  65.677308 17.208 -100.00 -100.00 -100.00
  67    13.982 55317.82020994 38.52  52.190078  65.675254   -100 -100.00 -100.00 -100.00
  67    13.877 55317.82021053 34.06  52.196322  65.675768 31.874 -100.00 -100.00 -100.00
  67    16.488 55317.82021112 30.37  52.202567  65.676283 14.987 -100.00 -100.00 -100.00
  68    63.526 55327.73585511 25.77  52.188984  65.675684   -100 -100.00 -100.00 -100.00
  68    74.376 55327.73585570 27.75  52.195229  65.676199   -100 -100.00 -100.00 -100.00
  68    85.537 55327.73585629 31.49  52.201473  65.676713 19.581 -100.00 -100.00 -100.00
  69    17.832 55337.65149994 32.84  52.191512  65.677888 15.991 -100.00 -100.00 -100.00
  69    17.553 55337.65150054 33.70  52.197758  65.678402 21.386 -100.00 -100.00 -100.00
  69    17.901 55337.65150113 35.95  52.204003  65.678916 23.264 -100.00 -100.00 -100.00
  70    15.147 55347.56714424 28.46  52.193137  65.679901 15.099 -100.00 -100.00 -100.00
  70    16.964 55347.56714483 25.46  52.199383  65.680415  9.949 -100.00 -100.00 -100.00
  71    15.153 55357.48278695 28.97  52.195879  65.680791 15.764  262.44  260.56  261.47
  71    17.099 55357.48278754 27.08  52.202125  65.681305 14.111  262.44  260.56  261.47
  72    14.181 55367.39842724 50.41  52.195194  65.680462   -100 -100.00 -100.00 -100.00
  72    14.230 55367.39842783 50.67  52.201440  65.680976   -100 -100.00 -100.00 -100.00
  73    15.891 55377.31406610 23.12  52.195000  65.680009  9.238 -100.00 -100.00 -100.00
  73    17.014 55377.31406669 23.12  52.201246  65.680523  8.034 -100.00 -100.00 -100.00
  74    12.471 55387.22970389 43.43  52.192235  65.679951 12.247 -100.00 -100.00 -100.00
  74    13.244 55387.22970448 41.32  52.198481  65.680465 24.752 -100.00 -100.00 -100.00
  75    11.541 55397.14534101 48.55  52.192181  65.680336   -100  273.58  273.50  272.52
  75    11.626 55397.14534160 48.09  52.198427  65.680850   -100  273.58  273.50  272.52
  76    10.729 55407.06098414 32.38  52.194597  65.680377   -100 -100.00 -100.00 -100.00
  76    10.875 55407.06098473 28.79  52.200843  65.680892 18.244 -100.00 -100.00 -100.00
  77    10.579 55416.97663482 33.39  52.190560  65.679003   -100 -100.00 -100.00 -100.00
  77    10.631 55416.97663541 29.51  52.196805  65.679518 22.632 -100.00 -100.00 -100.00
  77    10.783 55416.97663600 38.36  52.203050  65.680032   -100 -100.00 -100.00 -100.00
  78    10.221 55426.89228247 31.98  52.190907  65.677226   -100  261.97  260.62  260.67
  78    10.244 55426.89228306 29.43  52.197151  65.677741 23.987  261.97  260.62  260.67
  78    16.273 55426.89228365 29.58  52.203396  65.678255 27.193  261.97  260.62  260.67
  79    11.263 55436.80792716 33.88  52.187939  65.675919 22.851 -100.00 -100.00 -100.00
  79    16.229 55436.80792775 31.69  52.194184  65.676434 17.941 -100.00 -100.00 -100.00
  79    16.489 55436.80792834 31.85  52.200429  65.676948 17.156 -100.00 -100.00 -100.00
  80    11.037 55446.72357109 36.79  52.189987  65.676456 31.099  264.04  263.67  264.10
  80    10.876 55446.72357168 34.94  52.196232  65.676970 24.016  264.04  263.67  264.10
  80    16.556 55446.72357227 31.88  52.202477  65.677484 15.905  264.04  263.67  264.10
  81    11.953 55456.63921445 27.99  52.190377  65.677707 22.889 -100.00 -100.00 -100.00
  81    16.120 55456.63921504 28.59  52.196623  65.678221 24.621 -100.00 -100.00 -100.00
  81    16.876 55456.63921563 22.58  52.202868  65.678735  9.054 -100.00 -100.00 -100.00
  82    16.324 55466.55485715 22.06  52.191203  65.678696  8.374  257.23  256.07  257.48
  82    18.460 55466.55485774 22.83  52.197449  65.679210  9.498  257.23  256.07  257.48
  82    18.834 55466.55485833 23.41  52.203695  65.679724  9.942  257.23  256.07  257.48
  83    15.619 55476.47049638 26.30  52.189332  65.677985 17.902 -100.00 -100.00 -100.00
  83    18.168 55476.47049697 21.71  52.195577  65.678499  7.956 -100.00 -100.00 -100.00
  83    16.838 55476.47049756 24.73  52.201823  65.679014 12.075 -100.00 -100.00 -100.00
  84    12.794 55486.38613227 31.48  52.186289  65.676202 13.263  254.47  252.87  254.39
  84    15.982 55486.38613286 31.70  52.192535  65.676717 14.328  254.47  252.87  254.39
  84    16.131 55486.38613345 30.69  52.198780  65.677231 12.262  254.47  252.87  254.39
  85    12.124 55496.30176619 38.86  52.185393  65.674898   -100 -100.00 -100.00 -100.00
  85    12.198 55496.30176678 41.29  52.191639  65.675413   -100 -100.00 -100.00 -100.00
  85    11.501 55496.30176737 41.48  52.197884  65.675928   -100 -100.00 -100.00 -100.00
  85    11.425 55496.30176796 38.02  52.204130  65.676442   -100 -100.00 -100.00 -100.00
  86    11.994 55506.21740172 41.90  52.186826  65.675615   -100 -100.00 -100.00 -100.00
  86    12.748 55506.21740231 42.25  52.193071  65.676130 23.215 -100.00 -100.00 -100.00
  86    12.197 55506.21740290 43.83  52.199317  65.676644   -100 -100.00 -100.00 -100.00
  87    12.423 55516.13305268 42.24  52.190838  65.677838   -100  256.70  254.71  254.16
  87    12.431 55516.13305327 43.86  52.197084  65.678353   -100  256.70  254.71  254.16
  87    11.986 55516.13305386 47.22  52.203330  65.678867  6.284  256.70  254.71  254.16
  88    13.549 55526.04870215 28.97  52.189008  65.679414 13.689  247.62  243.84  242.37
  88    13.520 55526.04870274 31.50  52.195254  65.679928 21.612  247.62  243.84  242.37
  88    13.484 55526.04870333 33.66  52.201501  65.680442 28.387  247.62  243.84  242.37
  89    13.124 55535.96435030 27.47  52.194830  65.680585 12.755  253.93  251.07  248.81
  89    13.146 55535.96435089 25.92  52.201077  65.681099 10.102  253.93  251.07  248.81
  90    15.960 55545.87999577 20.80  52.195142  65.680560  4.532 -100.00 -100.00 -100.00
  90    16.323 55545.87999636 20.80  52.201388  65.681074  4.717 -100.00 -100.00 -100.00
  91    15.682 55555.79563916 19.81  52.192667  65.680471  4.444 -100.00 -100.00 -100.00
  91    15.912 55555.79563975 19.59  52.198913  65.680985  5.480 -100.00 -100.00 -100.00
  92    15.403 55565.71128210 19.17  52.194549  65.681089  5.651 -100.00 -100.00 -100.00
  92    15.867 55565.71128269 18.28  52.200796  65.681603  4.336 -100.00 -100.00 -100.00
  93    16.094 55575.62692422 17.90  52.194528  65.681004  3.511  255.80  252.02  243.18
  93    16.321 55575.62692481 17.42  52.200775  65.681518  3.237  255.80  252.02  243.18
  94    15.657 55585.54256426 17.97  52.191080  65.679504  4.341 -100.00 -100.00 -100.00
  94    16.007 55585.54256485 17.06  52.197327  65.680019  3.155 -100.00 -100.00 -100.00
  94    16.338 55585.54256544 16.72  52.203574  65.680533  3.305 -100.00 -100.00 -100.00
  95    15.188 55595.45820147 16.85  52.192777  65.677833  3.690 -100.00 -100.00 -100.00
  95    15.676 55595.45820206 16.38  52.199023  65.678348  3.352 -100.00 -100.00 -100.00
  96    14.767 55605.37383490 16.98  52.188181  65.676112  4.027 -100.00 -100.00 -100.00
  96    15.653 55605.37383549 16.43  52.194427  65.676627  3.419 -100.00 -100.00 -100.00
  96    16.318 55605.37383608 15.89  52.200673  65.677141  3.141 -100.00 -100.00 -100.00
  97    15.658 55615.28946661 17.03  52.187242  65.675699  4.460 -100.00 -100.00 -100.00
  97    16.130 55615.28946720 16.48  52.193487  65.676214  3.750 -100.00 -100.00 -100.00
  97    16.183 55615.28946779 15.75  52.199733  65.676728  3.182 -100.00 -100.00 -100.00
  98    15.948 55625.20510736 15.13  52.190327  65.676701  3.431 -100.00 -100.00 -100.00
  98    15.935 55625.20510795 15.50  52.196572  65.677216  3.994 -100.00 -100.00 -100.00
  98    16.280 55625.20510854 15.23  52.202818  65.677730  3.543 -100.00 -100.00 -100.00
  99    13.511 55635.12075971 16.01  52.191004  65.677544  3.540 -100.00 -100.00 -100.00
  99    13.369 55635.12076030 15.11  52.197250  65.678059  3.338 -100.00 -100.00 -100.00
  99    16.288 55635.12076089 15.12  52.203496  65.678573  3.649 -100.00 -100.00 -100.00
 100    12.642 55645.03640942 17.79  52.187021  65.677295  6.367  252.41  242.22  219.64
 100    13.161 55645.03641001 16.44  52.193266  65.677810  3.879  252.41  242.22  219.64
 100    15.897 55645.03641060 16.07  52.199512  65.678324  3.949  252.41  242.22  219.64
 101    28.280 55654.95205747 15.65  52.195351  65.677412  3.168 -100.00 -100.00 -100.00
 101    26.338 55654.95205807 16.29  52.201596  65.677926  3.887 -100.00 -100.00 -100.00
 102    18.412 55664.86769944 22.87  52.187177  65.676103  9.654 -100.00 -100.00 -100.00
 102    16.357 55664.86770003 24.03  52.193422  65.676618 12.094 -100.00 -100.00 -100.00
 102    12.225 55664.86770062 25.86  52.199666  65.677132 16.090 -100.00 -100.00 -100.00
 103    13.170 55674.78333951 36.74  52.189580  65.676370   -100 -100.00 -100.00 -100.00
 103    16.426 55674.78334010 31.85  52.195825  65.676884 24.872 -100.00 -100.00 -100.00
 103    16.668 55674.78334069 29.13  52.202070  65.677399 16.201 -100.00 -100.00 -100.00
 104    15.586 55684.69897780 42.92  52.190023  65.677317   -100 -100.00 -100.00 -100.00
 104    15.505 55684.69897839 32.77  52.196268  65.677831 29.538 -100.00 -100.00 -100.00
 104    15.713 55684.69897898 36.36  52.202513  65.678345 31.847 -100.00 -100.00 -100.00
 105    16.754 55694.61461520 34.51  52.193353  65.678720 29.176  245.74  243.68  246.13
 105    16.790 55694.61461579 32.26  52.199598  65.679234 16.679  245.74  243.68  246.13
 106    14.722 55704.53025046 46.48  52.188434  65.679002   -100  263.11  261.79  263.24
 106    14.873 55704.53025105 52.73  52.194679  65.679516 13.243  263.11  261.79  263.24
 106    14.822 55704.53025164 48.04  52.200925  65.680031   -100  263.11  261.79  263.24
 107    16.388 55714.44589740 35.73  52.191092  65.679482 17.949  273.79  273.41  272.90
 107    16.263 55714.44589799 42.46  52.197338  65.679997   -100  273.79  273.41  272.90
 107    16.295 55714.44589859 42.40  52.203584  65.680511   -100  273.79  273.41  272.90
 108    16.785 55724.36154654 31.54  52.191764  65.679820 19.042 -100.00 -100.00 -100.00
 108    16.830 55724.36154713 31.69  52.198010  65.680334 18.490 -100.00 -100.00 -100.00
 109    12.470 55734.27719391 31.32  52.194306  65.680610 20.347 -100.00 -100.00 -100.00
 109    12.354 55734.27719450 36.94  52.200552  65.681124   -100 -100.00 -100.00 -100.00
 110    12.568 55744.19283958 27.18  52.192444  65.681014 15.812 -100.00 -100.00 -100.00
 110    12.514 55744.19284017 25.47  52.198690  65.681528 16.120 -100.00 -100.00 -100.00
 111    10.617 55754.10848381 37.86  52.191854  65.680658 18.110 -100.00 -100.00 -100.00
 111    10.739 55754.10848440 38.95  52.198101  65.681173 21.787 -100.00 -100.00 -100.00
 112    10.497 55764.02412565 43.70  52.191004  65.678933   -100  273.31  274.20  271.23
 112    10.412 55764.02412624 47.82  52.197249  65.679447 18.630  273.31  274.20  271.23
 112    10.597 55764.02412683 49.95  52.203495  65.679961   -100  273.31  274.20  271.23
 113    10.192 55773.93976478 31.95  52.191181  65.676919 32.226 -100.00 -100.00 -100.00
 113     9.739 55773.93976537 31.14  52.197426  65.677433   -100 -100.00 -100.00 -100.00
 113    16.703 55773.93976596 27.95  52.203671  65.677947 20.089 -100.00 -100.00 -100.00
 114    10.338 55783.85540011 29.37  52.186117  65.675258 25.806  270.42  270.39  268.78
 114    10.069 55783.85540070 26.50  52.192361  65.675772 17.973  270.42  270.39  268.78
 114     9.710 55783.85540129 27.08  52.198606  65.676287 23.460  270.42  270.39  268.78
 115    10.191 55793.77103373 33.44  52.187361  65.675934   -100 -100.00 -100.00 -100.00
 115    15.912 55793.77103432 31.21  52.193606  65.676449   -100 -100.00 -100.00 -100.00
 115    16.402 55793.77103491 30.12  52.199850  65.676963 27.126 -100.00 -100.00 -100.00
 116    11.864 55803.68667020 28.64  52.189160  65.677321 26.443 -100.00 -100.00 -100.00
 116    15.882 55803.68667079 28.24  52.195405  65.677836 23.802 -100.00 -100.00 -100.00
 116    16.514 55803.68667138 26.51  52.201650  65.678350 16.426 -100.00 -100.00 -100.00
 117    10.137 55813.60232004 47.79  52.190117  65.678144  5.135 -100.00 -100.00 -100.00
 117    10.360 55813.60232063 46.79  52.196362  65.678658   -100 -100.00 -100.00 -100.00
 117    10.149 55813.60232122 50.05  52.202608  65.679172   -100 -100.00 -100.00 -100.00
 118    11.332 55823.51796748 33.93  52.186946  65.677122   -100 -100.00 -100.00 -100.00
 118    10.097 55823.51796807 34.97  52.193191  65.677637   -100 -100.00 -100.00 -100.00
 118    16.327 55823.51796867 28.72  52.199437  65.678151 23.878 -100.00 -100.00 -100.00
 119    10.100 55833.43361068 36.92  52.189164  65.675973  2.723 -100.00 -100.00 -100.00
 119    10.083 55833.43361127 33.41  52.195410  65.676488   -100 -100.00 -100.00 -100.00
 119    16.625 55833.43361186 30.25  52.201655  65.677002 23.658 -100.00 -100.00 -100.00
 120    16.234 55843.34924967 26.97  52.190652  65.675472 20.138  260.94  259.83  261.44
 120    16.396 55843.34925026 23.88  52.196897  65.675986 12.170  260.94  259.83  261.44
 120    16.336 55843.34925085 31.78  52.203143  65.676501   -100  260.94  259.83  261.44
 121    12.397 55853.26488503 33.47  52.185581  65.675858 26.293  258.96  259.08  260.88
 121    12.826 55853.26488562 37.57  52.191826  65.676373 25.588  258.96  259.08  260.88
 121    12.611 55853.26488621 38.51  52.198072  65.676887   -100  258.96  259.08  260.88
 122    12.827 55863.18052190 47.27  52.191989  65.678137   -100 -100.00 -100.00 -100.00
 122    12.951 55863.18052249 46.07  52.198235  65.678651   -100 -100.00 -100.00 -100.00
 123    10.348 55873.09617619 41.40  52.194403  65.679904   -100  258.50  257.33  256.06
 123    10.269 55873.09617678 42.65  52.200649  65.680418  0.607  258.50  257.33  256.06
 124    11.896 55883.01182515 39.38  52.195024  65.680182   -100 -100.00 -100.00 -100.00
 124    11.937 55883.01182574 39.34  52.201270  65.680696   -100 -100.00 -100.00 -100.00
 125    11.741 55892.92746712 28.03  52.189337  65.679321 20.313 -100.00 -100.00 -100.00
 125    12.061 55892.92746771 24.75  52.195583  65.679835 10.488 -100.00 -100.00 -100.00
 125    11.986 55892.92746831 25.64  52.201829  65.680350 12.110 -100.00 -100.00 -100.00
 126    12.658 55902.84310418 20.12  52.190632  65.679170  7.201 -100.00 -100.00 -100.00
 126    16.097 55902.84310477 19.34  52.196878  65.679684  5.265 -100.00 -100.00 -100.00
 126    16.376 55902.84310536 19.33  52.203124  65.680199  5.928 -100.00 -100.00 -100.00
 127    15.971 55912.75874105 15.49  52.193403  65.679985  4.648 -100.00 -100.00 -100.00
 127    16.326 55912.75874164 15.65  52.199648  65.680499  4.599 -100.00 -100.00 -100.00
 128    12.640 55922.67439529 19.07  52.192652  65.681023  8.424 -100.00 -100.00 -100.00
 128    13.647 55922.67439588 19.07  52.198898  65.681537  8.476 -100.00 -100.00 -100.00
 129    12.507 55932.59004653 18.97  52.190817  65.680684  7.482 -100.00 -100.00 -100.00
 129    12.449 55932.59004712 18.42  52.197064  65.681198  7.130 -100.00 -100.00 -100.00
 129    16.265 55932.59004771 17.37  52.203310  65.681712  5.757 -100.00 -100.00 -100.00
 130    15.961 55942.50569370 17.22  52.192022  65.678811  5.527  256.23  252.75  245.45
 130    16.013 55942.50569429 17.72  52.198269  65.679325  6.554  256.23  252.75  245.45
 131    12.797 55952.42133600 16.94  52.187866  65.676073  5.718  250.24  244.38  232.52
 131    15.875 55952.42133659 16.80  52.194112  65.676587  5.631  250.24  244.38  232.52
 131    16.186 55952.42133718 15.45  52.200358  65.677101  4.315  250.24  244.38  232.52
 132    11.947 55962.33697541 17.07  52.188483  65.675270  5.099 -100.00 -100.00 -100.00
 132    12.547 55962.33697600 17.11  52.194728  65.675785  5.182 -100.00 -100.00 -100.00
 132    16.270 55962.33697659 16.24  52.200974  65.676299  4.023 -100.00 -100.00 -100.00
 133    15.600 55972.25261258 17.53  52.186331  65.676255  4.471 -100.00 -100.00 -100.00
 133    15.867 55972.25261317 17.13  52.192577  65.676770  4.494 -100.00 -100.00 -100.00
 133    15.398 55972.25261376 16.37  52.198823  65.677284  3.644 -100.00 -100.00 -100.00
 134    14.694 55982.16824899 17.17  52.189333  65.678321  5.190 -100.00 -100.00 -100.00
 134    15.347 55982.16824958 17.04  52.195579  65.678836  4.561 -100.00 -100.00 -100.00
 134    16.088 55982.16825017 16.10  52.201825  65.679350  4.335 -100.00 -100.00 -100.00
 135    13.045 55992.08388344 18.40  52.188951  65.678512  6.121 -100.00 -100.00 -100.00
 135    14.681 55992.08388403 18.07  52.195196  65.679027  4.881 -100.00 -100.00 -100.00
 135    15.822 55992.08388462 17.33  52.201442  65.679541  4.400 -100.00 -100.00 -100.00
 136    15.364 56001.99953094 17.68  52.191045  65.677589  4.294  249.59  240.34  217.24
 136    15.892 56001.99953153 17.11  52.197290  65.678103  4.090  249.59  240.34  217.24
 136    16.229 56001.99953212 16.88  52.203536  65.678618  4.647  249.59  240.34  217.24
 137    15.784 56011.91518063 17.50  52.190232  65.675846  5.176 -100.00 -100.00 -100.00
 137    14.936 56011.91518122 17.08  52.196477  65.676361  4.895 -100.00 -100.00 -100.00
 137    16.234 56011.91518181 15.80  52.202721  65.676875  4.081 -100.00 -100.00 -100.00
 138    16.299 56021.83082713 15.01  52.193175  65.675818  5.368 -100.00 -100.00 -100.00
 138    16.481 56021.83082772 14.63  52.199420  65.676332  4.566 -100.00 -100.00 -100.00
 139    11.276 56031.74647007 15.28  52.187617  65.676930 17.962 -100.00 -100.00 -100.00
 139    11.226 56031.74647066 14.22  52.193862  65.677445 13.183 -100.00 -100.00 -100.00
 139    14.301 56031.74647125 12.36  52.200107  65.677959 12.267 -100.00 -100.00 -100.00
 140    10.404 56041.66211211 36.04  52.193863  65.679788   -100 -100.00 -100.00 -100.00
 140    10.306 56041.66211270 36.12  52.200109  65.680302   -100 -100.00 -100.00 -100.00
 141    16.554 56051.57775129 37.19  52.195266  65.681154 31.446  255.48  254.27  254.84
 141    16.307 56051.57775188 35.77  52.201513  65.681668 29.411  255.48  254.27  254.84
 142    78.736 56061.49338729  9.74  52.193168  65.680671 12.802 -100.00 -100.00 -100.00
 142    82.523 56061.49338788  7.28  52.199414  65.681185  9.925 -100.00 -100.00 -100.00
 143    17.394 56071.40902585 36.44  52.193120  65.679353 27.796  249.03  246.56  249.65
 143    17.016 56071.40902644 36.91  52.199366  65.679867   -100  249.03  246.56  249.65
 144    15.368 56081.32467653 28.55  52.194211  65.679246 17.410 -100.00 -100.00 -100.00
 144    15.704 56081.32467712 27.78  52.200457  65.679760 13.180 -100.00 -100.00 -100.00
 145    18.224 56091.24032456 24.38  52.194756  65.680142  8.561  270.15  268.74  269.28
 145    18.844 56091.24032515 24.54  52.201002  65.680656  7.008  270.15  268.74  269.28
 146    15.088 56101.15596976 25.99  52.190492  65.680944 14.270 -100.00 -100.00 -100.00
 146    15.125 56101.15597035 25.69  52.196739  65.681458 13.672 -100.00 -100.00 -100.00
 146    17.558 56101.15597094 23.34  52.202985  65.681972  7.160 -100.00 -100.00 -100.00
 147    12.186 56111.07160128 48.13  52.192728  65.680798 30.908  267.88  268.28  266.91
 147    12.667 56111.07160187 45.90  52.198974  65.681312   -100  267.88  268.28  266.91
 148    11.749 56120.98724060 45.98  52.191099  65.678551   -100 -100.00 -100.00 -100.00
 148    11.407 56120.98724119 51.15  52.197344  65.679065 16.389 -100.00 -100.00 -100.00
 148    11.588 56120.98724178 51.46  52.203589  65.679579   -100 -100.00 -100.00 -100.00
 149    11.203 56130.90287618 44.36  52.189534  65.675709  5.526 -100.00 -100.00 -100.00
 149    11.536 56130.90287677 43.39  52.195778  65.676224   -100 -100.00 -100.00 -100.00
 149    11.568 56130.90287736 44.68  52.202022  65.676738   -100 -100.00 -100.00 -100.00
 150    12.097 56140.81851010 30.79  52.186421  65.674289 20.033  262.60  262.43  261.13
 150    16.093 56140.81851069 27.43  52.192664  65.674804 12.555  262.60  262.43  261.13
 150    16.536 56140.81851129 32.21  52.198908  65.675318 24.760  262.60  262.43  261.13
 151    11.222 56150.73416120 44.45  52.186722  65.676006   -100 -100.00 -100.00 -100.00
 151    11.027 56150.73416179 37.13  52.192966  65.676520 21.762 -100.00 -100.00 -100.00
 151    10.939 56150.73416238 35.56  52.199211  65.677035 16.072 -100.00 -100.00 -100.00
 152    10.909 56160.64981077 40.29  52.190199  65.678657   -100 -100.00 -100.00 -100.00
 152    11.044 56160.64981136 38.00  52.196445  65.679172 25.695 -100.00 -100.00 -100.00
 152    10.794 56160.64981195 40.67  52.202690  65.679686   -100 -100.00 -100.00 -100.00
 153    16.903 56170.56545861 21.66  52.193170  65.679809  7.980  265.42  264.37  264.67
 153    16.531 56170.56545920 22.59  52.199416  65.680323  9.917  265.42  264.37  264.67
 154    10.553 56180.48110189 32.02  52.191065  65.678302 32.088 -100.00 -100.00 -100.00
 154    10.239 56180.48110248 28.96  52.197311  65.678816 22.984 -100.00 -100.00 -100.00
 154    16.505 56180.48110307 25.81  52.203557  65.679330 13.164 -100.00 -100.00 -100.00
 155    17.823 56190.39674105 23.25  52.187837  65.676081  8.572 -100.00 -100.00 -100.00
 155    18.980 56190.39674164 24.41  52.194082  65.676596 11.548 -100.00 -100.00 -100.00
 155    19.636 56190.39674223 23.25  52.200328  65.677110  8.782 -100.00 -100.00 -100.00
 156    16.100 56200.31237749 25.00  52.185968  65.675215  9.832  256.73  255.28  257.29
 156    16.401 56200.31237808 27.14  52.192213  65.675730 14.262  256.73  255.28  257.29
 156    19.720 56200.31237867 24.22  52.198459  65.676245  7.314  256.73  255.28  257.29
 157    12.404 56210.22801207 45.74  52.189211  65.676978   -100  260.50  260.89  260.93
 157    12.327 56210.22801266 44.84  52.195456  65.677493   -100  260.50  260.89  260.93
 157    12.386 56210.22801325 48.09  52.201702  65.678007   -100  260.50  260.89  260.93
 158    11.523 56220.14364458 38.67  52.190018  65.679283   -100 -100.00 -100.00 -100.00
 158    11.249 56220.14364517 36.74  52.196264  65.679798   -100 -100.00 -100.00 -100.00
 158    11.352 56220.14364576 33.28  52.202510  65.680312 16.990 -100.00 -100.00 -100.00
 159    75.058 56230.05929475 20.31  52.193921  65.681364 21.494 -100.00 -100.00 -100.00
 159    74.263 56230.05929534 20.20  52.200167  65.681878   -100 -100.00 -100.00 -100.00
 160    10.242 56239.97494810 39.26  52.195123  65.681268   -100 -100.00 -100.00 -100.00
 160    11.124 56239.97494869 40.64  52.201369  65.681783 17.096 -100.00 -100.00 -100.00
 161    11.200 56249.89059735 40.62  52.195006  65.680307 30.482 -100.00 -100.00 -100.00
 161    11.071 56249.89059794 41.78  52.201252  65.680821 32.633 -100.00 -100.00 -100.00
 162    11.743 56259.80624153 37.55  52.191893  65.679209   -100 -100.00 -100.00 -100.00
 162    11.740 56259.80624212 38.57  52.198139  65.679723   -100 -100.00 -100.00 -100.00
 163    11.484 56269.72188364 34.48  52.193984  65.679808 31.081 -100.00 -100.00 -100.00
 163    11.639 56269.72188423 36.54  52.200230  65.680322   -100 -100.00 -100.00 -100.00
 164    11.031 56279.63752361 33.55  52.191530  65.680180 29.850 -100.00 -100.00 -100.00
 164    11.185 56279.63752420 34.32  52.197776  65.680695 32.628 -100.00 -100.00 -100.00
 164    11.434 56279.63752479 32.74  52.204022  65.681209 21.247 -100.00 -100.00 -100.00
 165    10.821 56289.55317462 29.34  52.191773  65.680447 17.852 -100.00 -100.00 -100.00
 165    10.898 56289.55317521 33.46  52.198019  65.680961   -100 -100.00 -100.00 -100.00
 166    10.603 56299.46882260 24.87  52.188462  65.678607 10.502 -100.00 -100.00 -100.00
 166    10.702 56299.46882319 23.83  52.194708  65.679122  7.804 -100.00 -100.00 -100.00
 166    10.682 56299.46882378 24.16  52.200955  65.679636  8.265 -100.00 -100.00 -100.00
 167    10.507 56309.38446668 22.95  52.186450  65.676295  7.486 -100.00 -100.00 -100.00
 167    10.414 56309.38446727 23.01  52.192696  65.676810  7.656 -100.00 -100.00 -100.00
 167    10.577 56309.38446786 22.62  52.198942  65.677324  7.536 -100.00 -100.00 -100.00
 168    10.404 56319.30010848 23.78  52.185325  65.675174  9.674 -100.00 -100.00 -100.00
 168    10.124 56319.30010907 24.12  52.191571  65.675689 10.223 -100.00 -100.00 -100.00
 168    10.398 56319.30010966 22.93  52.197817  65.676203  8.376 -100.00 -100.00 -100.00
 168    10.160 56319.30011025 23.92  52.204063  65.676717 10.787 -100.00 -100.00 -100.00
 169    10.338 56329.21574993 23.72  52.189810  65.676771 11.535  255.63  249.27  233.04
 169    10.080 56329.21575052 24.23  52.196056  65.677286 11.323  255.63  249.27  233.04
 169    10.133 56329.21575111 24.04  52.202302  65.677800 12.305  255.63  249.27  233.04
 170     9.928 56339.13139053 26.13  52.194048  65.679014 17.002 -100.00 -100.00 -100.00
 170     9.968 56339.13139112 25.05  52.200295  65.679528 14.061 -100.00 -100.00 -100.00
 171    11.685 56349.04702857 21.05  52.193782  65.679776  6.032  253.13  245.99  227.53
 171    12.633 56349.04702916 21.22  52.200028  65.680290  7.771  253.13  245.99  227.53
 172    15.009 56358.96266389 19.01  52.192793  65.678389  5.105 -100.00 -100.00 -100.00
 172    15.107 56358.96266448 18.77  52.199038  65.678904  4.591 -100.00 -100.00 -100.00
 173    15.023 56368.87831420 17.59  52.190918  65.676739  4.545  246.26  234.28  212.02
 173    15.316 56368.87831479 17.40  52.197163  65.677253  4.563  246.26  234.28  212.02
 173    15.733 56368.87831538 17.01  52.203408  65.677768  4.288  246.26  234.28  212.02
 176    12.610 56398.62525113 18.33  52.193338  65.680909 12.589 -100.00 -100.00 -100.00
 176    13.188 56398.62525172 14.77  52.199584  65.681423  7.447 -100.00 -100.00 -100.00
 177    79.718 56408.54089242  6.50  52.196488  65.682397  6.614 -100.00 -100.00 -100.00
 177    86.212 56408.54089301  4.51  52.202735  65.682911  4.525 -100.00 -100.00 -100.00
 178    89.795 56418.45652896  1.14  52.195546  65.681695  3.946  252.76  252.50  254.18
 178    82.862 56418.45652955  5.33  52.201793  65.682209  5.653  252.76  252.50  254.18
 179    16.132 56428.37216142 56.25  52.192467  65.679834 26.789 -100.00 -100.00 -100.00
 179    16.163 56428.37216201 53.25  52.198713  65.680349 13.790 -100.00 -100.00 -100.00
 180    15.408 56438.28781524 24.75  52.192463  65.679407 11.883  265.34  264.86  266.23
 180    17.855 56438.28781583 23.46  52.198709  65.679921  9.494  265.34  264.86  266.23
 181    15.110 56448.20346636 25.40  52.190989  65.679659 14.200 -100.00 -100.00 -100.00
 181    15.850 56448.20346695 25.19  52.197235  65.680173 11.514 -100.00 -100.00 -100.00
 181    16.384 56448.20346755 26.32  52.203482  65.680687 13.771 -100.00 -100.00 -100.00
 183    14.161 56468.03476153 42.46  52.194958  65.680190 30.948 -100.00 -100.00 -100.00
 183    13.883 56468.03476212 44.86  52.201204  65.680704   -100 -100.00 -100.00 -100.00
 184    12.577 56477.95040281 28.37  52.190968  65.678573 19.819 -100.00 -100.00 -100.00
 184    16.130 56477.95040340 25.96  52.197214  65.679087 15.238 -100.00 -100.00 -100.00
 184    16.479 56477.95040399 25.61  52.203459  65.679601 13.871 -100.00 -100.00 -100.00
 185    10.483 56487.86604045 34.99  52.189066  65.676699   -100 -100.00 -100.00 -100.00
 185    16.213 56487.86604104 26.97  52.195310  65.677213 15.077 -100.00 -100.00 -100.00
 185    16.469 56487.86604163 25.19  52.201555  65.677727 11.171 -100.00 -100.00 -100.00
 186    11.936 56497.78167546 36.41  52.185651  65.675817   -100  274.75  275.38  272.86
 186    15.935 56497.78167605 31.62  52.191895  65.676332 27.927  274.75  275.38  272.86
 186    16.290 56497.78167664 31.59  52.198140  65.676846 27.140  274.75  275.38  272.86
 187     9.967 56507.69731015 32.94  52.191051  65.676777 29.512 -100.00 -100.00 -100.00
 187    11.910 56507.69731074 31.22  52.197296  65.677291 22.287 -100.00 -100.00 -100.00
 187    16.489 56507.69731133 28.84  52.203541  65.677806 18.583 -100.00 -100.00 -100.00
 188     9.606 56517.61294743 37.48  52.188133  65.677758   -100 -100.00 -100.00 -100.00
 188     9.464 56517.61294802 35.63  52.194378  65.678273   -100 -100.00 -100.00 -100.00
 188     9.280 56517.61294861 32.49  52.200624  65.678788   -100 -100.00 -100.00 -100.00
 189     9.556 56527.52860184 39.93  52.188718  65.678622   -100 -100.00 -100.00 -100.00
 189     9.641 56527.52860243 35.73  52.194964  65.679137 26.267 -100.00 -100.00 -100.00
 189     9.736 56527.52860302 44.22  52.201210  65.679651  6.213 -100.00 -100.00 -100.00
 190    10.042 56537.44425214 33.48  52.191505  65.678562   -100 -100.00 -100.00 -100.00
 190    10.003 56537.44425273 29.69  52.197751  65.679076 23.694 -100.00 -100.00 -100.00
 190    15.987 56537.44425332 28.43  52.203997  65.679591 20.703 -100.00 -100.00 -100.00
 192    10.290 56557.27554163 34.21  52.190486  65.677755   -100  265.43  264.69  265.03
 192    10.063 56557.27554222 30.36  52.196732  65.678270 32.055  265.43  264.69  265.03
 192    16.594 56557.27554281 24.26  52.202979  65.678784 10.234  265.43  264.69  265.03
 193    10.475 56567.19118448 27.34  52.193318  65.679201 23.150  260.75  259.21  260.76
 193    16.211 56567.19118507 24.71  52.199564  65.679715 14.693  260.75  259.21  260.76
 194    10.006 56577.10682563 31.73  52.192134  65.680845   -100  258.80  257.50  258.86
 194     9.943 56577.10682622 29.81  52.198381  65.681360 31.247  258.80  257.50  258.86
 195    11.068 56587.02246347 41.74  52.193400  65.681678   -100 -100.00 -100.00 -100.00
 195    11.049 56587.02246406 44.08  52.199646  65.682192   -100 -100.00 -100.00 -100.00
 196    10.426 56596.93810338 39.84  52.190922  65.680984   -100 -100.00 -100.00 -100.00
 196    10.715 56596.93810397 41.10  52.197168  65.681499   -100 -100.00 -100.00 -100.00
 196    10.599 56596.93810456 41.95  52.203414  65.682013   -100 -100.00 -100.00 -100.00
 197    13.749 56606.85375555 48.62  52.194930  65.680538   -100 -100.00 -100.00 -100.00
 197    13.722 56606.85375614 48.24  52.201176  65.681052   -100 -100.00 -100.00 -100.00
 198    14.336 56616.76940223 45.17  52.192295  65.679834  6.277  254.83  255.24  257.54
 198    14.449 56616.76940282 46.08  52.198541  65.680348   -100  254.83  255.24  257.54
 199    14.390 56626.68504593 34.60  52.194391  65.679916   -100  245.40  240.96  233.08
 199    14.491 56626.68504653 33.63  52.200638  65.680431 26.798  245.40  240.96  233.08
 200    12.785 56636.60068675 28.17  52.194844  65.679826 18.944 -100.00 -100.00 -100.00
 200    12.860 56636.60068734 27.01  52.201091  65.680341 15.879 -100.00 -100.00 -100.00
 201    12.645 56646.51632688 21.44  52.188895  65.678612  7.426 -100.00 -100.00 -100.00
 201    13.160 56646.51632747 20.05  52.195141  65.679127  6.387 -100.00 -100.00 -100.00
 201    13.166 56646.51632806 19.99  52.201388  65.679641  6.440 -100.00 -100.00 -100.00
 202    12.536 56656.43197917 27.07  52.189647  65.677862   -100 -100.00 -100.00 -100.00
 202    12.378 56656.43197976 27.18  52.195894  65.678376   -100 -100.00 -100.00 -100.00
 202    12.405 56656.43198035 22.02  52.202140  65.678891 28.933 -100.00 -100.00 -100.00
 203    13.131 56666.34762716 13.41  52.190844  65.677075  4.574 -100.00 -100.00 -100.00
 203    14.164 56666.34762775 12.51  52.197091  65.677589  3.366 -100.00 -100.00 -100.00
 203    12.921 56666.34762834 13.24  52.203337  65.678103  4.638 -100.00 -100.00 -100.00
 204    12.601 56676.26327240 13.27  52.190738  65.677214  3.248  242.05  234.43  221.16
 204    14.067 56676.26327299 13.24  52.196984  65.677728  3.325  242.05  234.43  221.16
 204    13.231 56676.26327358 12.96  52.203231  65.678242  3.148  242.05  234.43  221.16
 205    13.164 56686.17891626 14.22  52.187461  65.677831  3.700  240.37  232.51  218.59
 205    13.009 56686.17891685 13.97  52.193707  65.678346  3.715  240.37  232.51  218.59
 205    15.452 56686.17891744 13.25  52.199953  65.678860  2.710  240.37  232.51  218.59
 206    14.880 56696.09455889 14.37  52.192383  65.679034  3.397 -100.00 -100.00 -100.00
 206    15.451 56696.09455948 13.59  52.198630  65.679548  2.666 -100.00 -100.00 -100.00
 207    13.579 56706.01019652 14.08  52.192989  65.678961  3.492 -100.00 -100.00 -100.00
 207    15.684 56706.01019711 13.71  52.199234  65.679475  3.627 -100.00 -100.00 -100.00
 208    11.236 56715.92582875 25.29  52.188094  65.677695   -100 -100.00 -100.00 -100.00
 208    11.226 56715.92582934 24.46  52.194340  65.678209 31.287 -100.00 -100.00 -100.00
 208    11.146 56715.92582993 21.76  52.200585  65.678724 25.064 -100.00 -100.00 -100.00
 209    11.297 56725.84148255 24.50  52.192043  65.678114   -100 -100.00 -100.00 -100.00
 209    12.169 56725.84148315 20.94  52.198288  65.678628 21.623 -100.00 -100.00 -100.00
 210    14.748 56735.75713210 13.25  52.192404  65.679148  4.497  238.15  227.07  208.70
 210    16.219 56735.75713269 12.44  52.198650  65.679662  3.898  238.15  227.07  208.70
 211    16.273 56745.67277858 11.40  52.195557  65.681101  3.186 -100.00 -100.00 -100.00
 211    18.535 56745.67277917 10.96  52.201804  65.681615  2.971 -100.00 -100.00 -100.00
 212    17.739 56755.58842005 13.17  52.191157  65.681645  4.376  238.60  228.20  215.14
 212    17.902 56755.58842064 12.35  52.197404  65.682159  3.433  238.60  228.20  215.14
 212    19.051 56755.58842123 12.03  52.203651  65.682673  3.429  238.60  228.20  215.14
 213    11.418 56765.50405648 42.00  52.193751  65.681504 27.064 -100.00 -100.00 -100.00
 213    10.800 56765.50405707 44.05  52.199998  65.682019   -100 -100.00 -100.00 -100.00
 214    12.681 56775.41969570 29.22  52.195406  65.680658 20.606 -100.00 -100.00 -100.00
 214    12.771 56775.41969629 28.68  52.201652  65.681172 20.280 -100.00 -100.00 -100.00
 215    13.559 56785.33535216 32.66  52.192581  65.680375 28.503 -100.00 -100.00 -100.00
 215    13.616 56785.33535275 29.90  52.198827  65.680889 17.956 -100.00 -100.00 -100.00
 216    93.638 56795.25100539 14.36  52.194057  65.680900 24.535 -100.00 -100.00 -100.00
 216    93.078 56795.25100598 13.27  52.200304  65.681414 18.973 -100.00 -100.00 -100.00
 217    18.650 56805.16665416 34.16  52.190751  65.680890 13.885 -100.00 -100.00 -100.00
 217    18.994 56805.16665475 34.34  52.196997  65.681404 14.923 -100.00 -100.00 -100.00
 217    19.033 56805.16665534 35.84  52.203244  65.681917 18.080 -100.00 -100.00 -100.00
 218    16.338 56815.08229653 55.05  52.193130  65.680278   -100 -100.00 -100.00 -100.00
 218    16.325 56815.08229712 52.48  52.199376  65.680792   -100 -100.00 -100.00 -100.00
 219    15.470 56824.99793523 27.95  52.193840  65.678791 12.700 -100.00 -100.00 -100.00
 219    17.318 56824.99793582 27.02  52.200086  65.679305 10.947 -100.00 -100.00 -100.00
 220    16.176 56834.91356953 30.59  52.187702  65.676904 13.548 -100.00 -100.00 -100.00
 220    16.216 56834.91357012 31.13  52.193947  65.677419 17.791 -100.00 -100.00 -100.00
 220    16.311 56834.91357071 32.47  52.200192  65.677933 20.041 -100.00 -100.00 -100.00
 221    15.842 56844.82920145 28.92  52.191418  65.676876 22.161 -100.00 -100.00 -100.00
 221    16.392 56844.82920204 26.73  52.197663  65.677390 13.988 -100.00 -100.00 -100.00
 221    16.573 56844.82920263 28.52  52.203908  65.677904 19.552 -100.00 -100.00 -100.00
 222    12.554 56854.74484662 30.69  52.189798  65.677672 29.961 -100.00 -100.00 -100.00
 222    16.181 56854.74484721 27.12  52.196043  65.678186 18.206 -100.00 -100.00 -100.00
 222    16.512 56854.74484780 28.53  52.202288  65.678700 21.362 -100.00 -100.00 -100.00
 223    12.506 56864.66050061 27.29  52.192588  65.679033 18.286 -100.00 -100.00 -100.00
 223    16.304 56864.66050120 25.52  52.198833  65.679547 14.049 -100.00 -100.00 -100.00
 224    12.247 56874.57615346 30.02  52.191324  65.679220 23.102  279.41  279.41  277.58
 224    12.845 56874.57615405 26.47  52.197570  65.679734 15.411  279.41  279.41  277.58
 224    16.633 56874.57615464 26.10  52.203816  65.680248 12.984  279.41  279.41  277.58
 225    12.427 56884.49180310 27.11  52.189758  65.678811  9.602 -100.00 -100.00 -100.00
 225    16.020 56884.49180369 25.79  52.196004  65.679326  7.053 -100.00 -100.00 -100.00
 225    16.395 56884.49180428 26.26  52.202250  65.679840  8.940 -100.00 -100.00 -100.00
 226    11.099 56894.40744985 40.57  52.190680  65.678537   -100  270.45  269.07  269.06
 226    10.881 56894.40745044 38.76  52.196926  65.679051 29.960  270.45  269.07  269.06
 226    11.079 56894.40745103 46.54  52.203172  65.679565   -100  270.45  269.07  269.06
 227    12.046 56904.32309329 30.34  52.190067  65.678964 29.500 -100.00 -100.00 -100.00
 227    15.823 56904.32309388 24.60  52.196314  65.679478 13.653 -100.00 -100.00 -100.00
 227    16.513 56904.32309447 22.52  52.202560  65.679992  8.000 -100.00 -100.00 -100.00
 228    11.677 56914.23873478 26.96  52.190514  65.680417 15.004 -100.00 -100.00 -100.00
 228    12.633 56914.23873537 26.43  52.196761  65.680931 11.298 -100.00 -100.00 -100.00
 228    14.903 56914.23873596 27.26  52.203008  65.681445 14.729 -100.00 -100.00 -100.00
 229    12.676 56924.15437493 26.27  52.195538  65.682123 15.127  259.23  258.75  259.80
 229    12.901 56924.15437553 26.39  52.201785  65.682637 13.114  259.23  258.75  259.80
 230    17.038 56934.07001158 21.08  52.192037  65.682120  6.734  258.28  258.04  258.81
 230    17.150 56934.07001217 21.27  52.198284  65.682634  8.196  258.28  258.04  258.81
 231    11.640 56943.98564352 51.63  52.195426  65.681305   -100 -100.00 -100.00 -100.00
 231    11.330 56943.98564411 51.68  52.201672  65.681820   -100 -100.00 -100.00 -100.00
 232    10.750 56953.90129099 42.04  52.194311  65.680001   -100 -100.00 -100.00 -100.00
 232    10.644 56953.90129158 43.25  52.200556  65.680515   -100 -100.00 -100.00 -100.00
 233    11.128 56963.81694056 36.81  52.188829  65.679156 27.647  260.17  258.15  257.52
 233    10.962 56963.81694115 39.98  52.195074  65.679670   -100  260.17  258.15  257.52
 233    10.886 56963.81694174 41.23  52.201320  65.680184   -100  260.17  258.15  257.52
 234    11.233 56973.73258662 45.36  52.195586  65.680352  7.191 -100.00 -100.00 -100.00
 234    11.573 56973.73258721 47.62  52.201832  65.680866   -100 -100.00 -100.00 -100.00
 235    11.232 56983.64822739 37.64  52.192380  65.680694   -100 -100.00 -100.00 -100.00
 235    11.213 56983.64822798 39.00  52.198626  65.681208   -100 -100.00 -100.00 -100.00
 236    11.152 56993.56386370 31.31  52.193517  65.679996 17.987 -100.00 -100.00 -100.00
 236    11.128 56993.56386429 31.34  52.199763  65.680510 18.715 -100.00 -100.00 -100.00
 237    11.007 57003.47950031 27.22  52.187848  65.677399 11.005 -100.00 -100.00 -100.00
 237    11.111 57003.47950090 25.96  52.194094  65.677914  8.716 -100.00 -100.00 -100.00
 237    11.070 57003.47950149 26.02  52.200340  65.678429  9.898 -100.00 -100.00 -100.00
 238    11.013 57013.39515702 27.56  52.190887  65.676317 12.383  257.25  254.42  250.72
 238    10.594 57013.39515761 29.03  52.197132  65.676831 16.502  257.25  254.42  250.72
 238    10.608 57013.39515820 28.58  52.203378  65.677345 14.847  257.25  254.42  250.72
 239    11.256 57023.31080819 26.25  52.190910  65.676477 10.862  249.14  245.10  238.94
 239    10.725 57023.31080878 27.20  52.197156  65.676991 14.308  249.14  245.10  238.94
 239    10.469 57023.31080937 27.11  52.203402  65.677505 13.842  249.14  245.10  238.94
 240    13.569 57033.22645682 20.45  52.190686  65.678378  6.010 -100.00 -100.00 -100.00
 240    13.174 57033.22645741 21.03  52.196932  65.678892  6.357 -100.00 -100.00 -100.00
 240    15.475 57033.22645800 20.82  52.203179  65.679406  6.739 -100.00 -100.00 -100.00
 241    16.048 57043.14210358 19.11  52.195319  65.680368  5.514 -100.00 -100.00 -100.00
 241    15.782 57043.14210417 19.01  52.201566  65.680882  5.480 -100.00 -100.00 -100.00
 242    15.685 57053.05774734 17.88  52.194042  65.680343  4.627  254.70  250.30  239.52
 242    15.689 57053.05774793 18.33  52.200289  65.680858  5.635  254.70  250.30  239.52
 243    15.600 57062.97338613 17.87  52.188133  65.678392  4.709 -100.00 -100.00 -100.00
 243    15.666 57062.97338672 17.83  52.194378  65.678907  5.421 -100.00 -100.00 -100.00
 243    15.935 57062.97338731 18.29  52.200624  65.679421  5.275 -100.00 -100.00 -100.00
 244    15.409 57072.88902040 18.60  52.188948  65.677356  7.497 -100.00 -100.00 -100.00
 244    16.129 57072.88902099 17.13  52.195193  65.677871  5.341 -100.00 -100.00 -100.00
 244    16.215 57072.88902158 16.75  52.201438  65.678385  5.056 -100.00 -100.00 -100.00
 247    25.686 57102.63595638  9.89  52.196372  65.682980 11.516 -100.00 -100.00 -100.00
 247    25.743 57102.63595697 11.43  52.202619  65.683494  6.570 -100.00 -100.00 -100.00
 249    15.807 57122.46725693 15.74  52.192391  65.681241  7.777 -100.00 -100.00 -100.00
 249    13.895 57122.46725752 16.01  52.198638  65.681755  8.897 -100.00 -100.00 -100.00
 250    14.991 57132.38289902 14.03  52.194284  65.679587  7.742 -100.00 -100.00 -100.00
 250    17.665 57132.38289961 12.37  52.200530  65.680102  5.727 -100.00 -100.00 -100.00
 251    10.463 57142.29853598 29.68  52.192542  65.678941   -100 -100.00 -100.00 -100.00
 251    10.252 57142.29853657 31.02  52.198788  65.679455   -100 -100.00 -100.00 -100.00
 252    13.305 57152.21417035 38.95  52.195133  65.680003   -100 -100.00 -100.00 -100.00
 252    13.395 57152.21417094 36.05  52.201379  65.680517   -100 -100.00 -100.00 -100.00
 253    53.501 57162.12980131  8.56  52.191687  65.680195  7.887 -100.00 -100.00 -100.00
 253    53.149 57162.12980190  9.83  52.197933  65.680710  9.188 -100.00 -100.00 -100.00
 253    86.111 57162.12980249  9.86  52.204180  65.681224  9.287 -100.00 -100.00 -100.00
 254    20.654 57172.04545867 47.84  52.192143  65.679951   -100 -100.00 -100.00 -100.00
 254    20.469 57172.04545926 50.52  52.198389  65.680466 14.337 -100.00 -100.00 -100.00
 255    18.803 57181.96111292 34.33  52.191396  65.678133 16.987 -100.00 -100.00 -100.00
 255    18.981 57181.96111351 34.35  52.197641  65.678647 18.170 -100.00 -100.00 -100.00
 255    19.309 57181.96111410 36.30  52.203887  65.679162 20.525 -100.00 -100.00 -100.00
 256    15.054 57191.87676293 38.51  52.186750  65.676139   -100 -100.00 -100.00 -100.00
 256    15.070 57191.87676352 36.61  52.192995  65.676653 27.847 -100.00 -100.00 -100.00
 256    16.383 57191.87676411 31.99  52.199239  65.677167 12.823 -100.00 -100.00 -100.00
 257    15.965 57201.79241081 25.25  52.188547  65.676510  9.927 -100.00 -100.00 -100.00
 257    16.318 57201.79241140 24.68  52.194792  65.677024 11.115 -100.00 -100.00 -100.00
 257    16.832 57201.79241199 24.50  52.201037  65.677538 10.126 -100.00 -100.00 -100.00
 258    12.445 57211.70804545 34.52  52.193303  65.678692 19.629 -100.00 -100.00 -100.00
 258    12.120 57211.70804604 33.62  52.199548  65.679206 17.552 -100.00 -100.00 -100.00
 259    12.478 57221.62368916 49.69  52.191114  65.680240 27.510 -100.00 -100.00 -100.00
 259    12.410 57221.62368975 48.87  52.197360  65.680755   -100 -100.00 -100.00 -100.00
 259    11.889 57221.62369034 48.30  52.203606  65.681268   -100 -100.00 -100.00 -100.00
 260    15.955 57231.53933207 26.23  52.195640  65.680730 18.889 -100.00 -100.00 -100.00
 260    16.572 57231.53933266 22.67  52.201886  65.681244 10.258 -100.00 -100.00 -100.00
 261    12.911 57241.45497152 39.20  52.190713  65.679282   -100 -100.00 -100.00 -100.00
 261    12.905 57241.45497211 36.68  52.196959  65.679796 31.401 -100.00 -100.00 -100.00
 261    12.830 57241.45497270 37.75  52.203206  65.680311   -100 -100.00 -100.00 -100.00
 262    12.354 57251.37060897 26.92  52.192438  65.678184 23.316  268.83  267.28  267.68
 262    16.321 57251.37060956 22.74  52.198684  65.678699 12.982  268.83  267.28  267.68
 263    12.465 57261.28624438 28.69  52.192410  65.678536 30.216 -100.00 -100.00 -100.00
 263    12.335 57261.28624497 26.44  52.198656  65.679050 21.462 -100.00 -100.00 -100.00
 264    11.809 57271.20187837 48.52  52.190059  65.680039 30.499 -100.00 -100.00 -100.00
 264    11.495 57271.20187896 53.33  52.196305  65.680554   -100 -100.00 -100.00 -100.00
 264    11.413 57271.20187955 53.96  52.202551  65.681068  8.823 -100.00 -100.00 -100.00
 265    12.116 57281.11753448 51.33  52.193051  65.682479   -100 -100.00 -100.00 -100.00
 265    11.962 57281.11753508 50.48  52.199298  65.682993   -100 -100.00 -100.00 -100.00
 266    11.868 57291.03318949 34.56  52.191211  65.682689   -100  265.78  266.09  266.04
 266    11.773 57291.03319008 30.28  52.197457  65.683203 19.985  265.78  266.09  266.04
 266    11.942 57291.03319067 35.47  52.203704  65.683718   -100  265.78  266.09  266.04
 267    16.231 57300.94884188 21.59  52.194910  65.681473  8.881 -100.00 -100.00 -100.00
 267    17.814 57300.94884247 20.49  52.201156  65.681987  6.138 -100.00 -100.00 -100.00
 268    11.896 57310.86449009 41.91  52.194020  65.679270   -100 -100.00 -100.00 -100.00
 268    11.582 57310.86449068 44.35  52.200266  65.679784   -100 -100.00 -100.00 -100.00
 269    10.510 57320.78013472 37.95  52.189841  65.678189   -100 -100.00 -100.00 -100.00
 269    10.926 57320.78013531 40.28  52.196086  65.678703 29.160 -100.00 -100.00 -100.00
 269    11.160 57320.78013591 41.13  52.202332  65.679217 26.931 -100.00 -100.00 -100.00
 270    10.289 57330.69577737 37.12  52.191026  65.679268   -100 -100.00 -100.00 -100.00
 270    11.261 57330.69577796 39.29  52.197272  65.679782 18.600 -100.00 -100.00 -100.00
 270    11.336 57330.69577855 40.35  52.203518  65.680296 17.774 -100.00 -100.00 -100.00
 271    10.934 57340.61141813 40.53  52.194379  65.680950   -100 -100.00 -100.00 -100.00
 271    11.014 57340.61141872 41.45  52.200626  65.681464   -100 -100.00 -100.00 -100.00
 272    10.932 57350.52706840 32.72  52.192180  65.680756 29.931 -100.00 -100.00 -100.00
 272    11.046 57350.52706899 32.95  52.198427  65.681270 28.880 -100.00 -100.00 -100.00
 273    15.774 57360.44271330 21.58  52.190778  65.678677 10.475 -100.00 -100.00 -100.00
 273    16.024 57360.44271389 21.51  52.197024  65.679191  9.342 -100.00 -100.00 -100.00
 273    16.460 57360.44271449 21.44  52.203271  65.679705  9.753 -100.00 -100.00 -100.00
 274    10.607 57370.35835462 21.57  52.185208  65.675946 14.899  248.48  243.89  235.95
 274    10.971 57370.35835521 19.13  52.191454  65.676461  9.340  248.48  243.89  235.95
 274    16.211 57370.35835580 18.95  52.197699  65.676975  8.900  248.48  243.89  235.95
 274    10.859 57370.35835640 20.35  52.203946  65.677489 12.284  248.48  243.89  235.95
 275    10.762 57380.27399447 19.33  52.187434  65.675901  9.192 -100.00 -100.00 -100.00
 275    10.929 57380.27399506 18.61  52.193680  65.676415  8.295 -100.00 -100.00 -100.00
 275    16.125 57380.27399565 17.89  52.199926  65.676929  7.390 -100.00 -100.00 -100.00
 276    15.148 57390.18963367 17.20  52.193083  65.678157  5.581 -100.00 -100.00 -100.00
 276    16.166 57390.18963426 17.06  52.199329  65.678671  5.877 -100.00 -100.00 -100.00
 277    13.232 57400.10527100 17.83  52.189294  65.679695  5.436 -100.00 -100.00 -100.00
 277    15.781 57400.10527159 17.38  52.195540  65.680209  5.510 -100.00 -100.00 -100.00
 277    16.229 57400.10527218 16.15  52.201787  65.680724  4.045 -100.00 -100.00 -100.00
 278    11.569 57410.02091026 18.80  52.191133  65.680144  5.967 -100.00 -100.00 -100.00
 278    16.116 57410.02091085 17.53  52.197379  65.680658  4.861 -100.00 -100.00 -100.00
 278    16.384 57410.02091144 17.03  52.203626  65.681173  5.159 -100.00 -100.00 -100.00
 279    19.406 57419.93656290 12.36  52.193771  65.679492  3.659 -100.00 -100.00 -100.00
 279    19.474 57419.93656349 12.23  52.200017  65.680006  3.546 -100.00 -100.00 -100.00
 280    19.224 57429.85221238 20.49  52.189983  65.678583  4.610  256.86  253.88  248.77
 280    19.725 57429.85221297 20.70  52.196228  65.679097  4.281  256.86  253.88  248.77
 280    19.944 57429.85221356 20.18  52.202474  65.679611  4.007  256.86  253.88  248.77
 281    15.864 57439.76786056 20.57  52.194568  65.679791 10.304 -100.00 -100.00 -100.00
 281    16.172 57439.76786115 18.31  52.200814  65.680305  6.450 -100.00 -100.00 -100.00
 282    10.218 57449.68350713 20.02  52.192651  65.681525  8.470 -100.00 -100.00 -100.00
 282    10.153 57449.68350772 20.33  52.198898  65.682039 10.095 -100.00 -100.00 -100.00
 283    17.608 57459.59915291 16.14  52.197211  65.683218  5.502 -100.00 -100.00 -100.00
 283    18.059 57459.59915350 15.56  52.203458  65.683732  4.893 -100.00 -100.00 -100.00
 285    15.187 57479.43043293 11.56  52.196009  65.680841  9.068  268.05  266.80  266.42
 285    15.569 57479.43043352 11.62  52.202255  65.681355  8.849  268.05  266.80  266.42
 286    10.037 57489.34606757 26.66  52.192840  65.678629 32.695 -100.00 -100.00 -100.00
 286    10.126 57489.34606816 28.54  52.199086  65.679143   -100 -100.00 -100.00 -100.00
 287    10.704 57499.26170022 25.28  52.189631  65.677455 15.713 -100.00 -100.00 -100.00
 287    11.874 57499.26170081 23.99  52.195877  65.677970 11.269 -100.00 -100.00 -100.00
 287    17.716 57499.26170140 24.09  52.202123  65.678485 12.765 -100.00 -100.00 -100.00
 288    16.896 57509.17734349 48.58  52.190035  65.678257  8.957 -100.00 -100.00 -100.00
 288    16.949 57509.17734408 41.73  52.196280  65.678772   -100 -100.00 -100.00 -100.00
 288    16.930 57509.17734467 43.66  52.202526  65.679287   -100 -100.00 -100.00 -100.00
 291    16.094 57538.92430265 30.37  52.191734  65.678460 16.529 -100.00 -100.00 -100.00
 291    15.992 57538.92430324 30.96  52.197979  65.678974 19.290 -100.00 -100.00 -100.00
 292    12.921 57548.83994953 37.98  52.187255  65.676752 16.322  262.00  261.29  260.96
 292    12.768 57548.83995012 37.64  52.193500  65.677266 17.953  262.00  261.29  260.96
 292    12.954 57548.83995071 37.11  52.199745  65.677780 14.290  262.00  261.29  260.96
 293    12.594 57558.75559581 32.30  52.190091  65.676756 22.717  273.93  274.71  272.31
 293    15.844 57558.75559640 31.73  52.196335  65.677270 16.513  273.93  274.71  272.31
 293    12.669 57558.75559700 39.27  52.202580  65.677784   -100  273.93  274.71  272.31
 294    12.888 57568.67124106 28.09  52.189428  65.678094 24.162 -100.00 -100.00 -100.00
 294    13.326 57568.67124165 26.08  52.195673  65.678609 19.354 -100.00 -100.00 -100.00
 294    16.546 57568.67124224 24.52  52.201919  65.679123 14.859 -100.00 -100.00 -100.00
 295    12.062 57578.58688634 26.42  52.194548  65.680136 20.109 -100.00 -100.00 -100.00
 295    16.195 57578.58688693 25.93  52.200794  65.680650 17.701 -100.00 -100.00 -100.00
 296    12.304 57588.50252938 28.26  52.192082  65.680660 20.016  283.83  283.45  281.54
 296    11.847 57588.50252997 26.66  52.198328  65.681174 18.548  283.83  283.45  281.54
 297    12.035 57598.41817027 27.34  52.194926  65.680454 19.656 -100.00 -100.00 -100.00
 297    16.350 57598.41817086 25.21  52.201173  65.680968 14.342 -100.00 -100.00 -100.00
