 -98104.549    19.139     0.00    4.09
 -97818.096    18.392    -2.61    4.14
 -97531.644    18.587     0.68    4.26
 -97245.193    18.480    -0.37    4.30
 -96958.742    18.207    -0.95    4.48
 -96672.291    18.446     0.84    4.62
 -96385.841    18.854     1.42    4.29
 -96099.391    19.152     1.04    3.90
 -95812.942    18.385    -2.68    4.09
 -95526.493    17.616    -2.68    4.01
 -95240.044    17.181    -1.52    3.74
 -94953.596    17.494     1.09    3.77
 -94667.148    18.392     3.13    4.16
 -94380.701    18.902     1.78    4.34
 -94094.254    19.830     3.24    4.27
 -93807.808    21.219     4.85    3.81
 -93521.362    22.489     4.43    3.53
 -93234.917    23.412     3.22    3.37
 -92948.471    24.137     2.53    3.27
 -92662.027    25.225     3.80    3.36
 -92375.583    26.093     3.03    3.61
 -92089.139    26.586     1.72    3.91
 -91802.695    27.427     2.94    4.50
 -91516.252    28.244     2.85    4.77
 -91229.810    28.603     1.25    4.65
 -90943.368    29.016     1.44    4.42
 -90656.926    29.073     0.20    4.14
 -90370.485    29.006    -0.23    4.00
 -90084.044    28.205    -2.80    4.91
 -89797.604    26.813    -4.86    4.82
 -89511.164    26.185    -2.19    4.93
 -89224.724    26.190     0.02    5.13
 -88938.285    26.285     0.33    5.29
 -88651.847    26.264    -0.07    5.46
 -88365.409    26.690     1.49    4.84
 -88078.971    27.549     3.00    4.01
 -87792.533    27.927     1.32    3.90
 -87506.096    27.775    -0.53    3.77
 -87219.660    27.470    -1.06    3.79
 -86933.224    27.364    -0.37    3.83
 -86646.788    27.860     1.73    3.65
 -86360.353    28.718     2.99    3.76
 -86073.918    29.273     1.94    4.03
 -85787.484    29.600     1.14    3.72
 -85501.050    30.152     1.93    3.60
 -85214.617    30.237     0.30    3.94
 -84928.183    29.673    -1.97    4.62
 -84641.751    29.054    -2.16    5.23
 -84355.319    28.280    -2.70    5.43
 -84068.887    27.364    -3.20    5.47
 -83782.456    26.063    -4.54    5.77
 -83496.025    24.811    -4.37    6.36
 -83209.594    23.828    -3.43    6.94
 -82923.164    22.643    -4.14    7.23
 -82636.734    21.426    -4.25    6.90
 -82350.305    20.583    -2.94    6.33
 -82063.876    20.160    -1.48    5.46
 -81777.448    19.984    -0.62    4.41
 -81491.020    19.592    -1.37    3.37
 -81204.593    19.516    -0.26    2.98
 -80918.166    19.895     1.32    3.11
 -80631.739    20.461     1.97    3.05
 -80345.313    21.330     3.04    2.88
 -80058.887    22.015     2.39    2.98
 -79772.462    22.611     2.08    3.47
 -79486.037    23.004     1.37    3.94
 -79199.612    23.290     1.00    4.16
 -78913.188    23.929     2.23    4.77
 -78626.765    25.034     3.86    5.35
 -78340.342    26.425     4.86    5.78
 -78053.919    28.142     5.99    6.45
 -77767.497    30.563     8.45    6.87
 -77481.075    33.412     9.95    7.14
 -77194.653    35.530     7.39    6.77
 -76908.232    37.227     5.93    6.04
 -76621.811    38.371     3.99    5.22
 -76335.391    38.905     1.87    4.83
 -76048.972    38.919     0.05    4.40
 -75762.552    38.378    -1.89    3.86
 -75476.133    37.821    -1.94    3.41
 -75189.715    37.258    -1.97    3.24
 -74903.297    36.797    -1.61    2.96
 -74616.879    36.187    -2.13    2.97
 -74330.462    35.209    -3.42    3.02
 -74044.045    34.656    -1.93    3.12
 -73757.629    34.469    -0.65    3.36
 -73471.213    34.579     0.39    3.60
 -73184.798    35.173     2.07    4.10
 -72898.383    36.159     3.44    4.65
 -72611.968    37.371     4.23    4.81
 -72325.554    38.342     3.39    4.66
 -72039.140    38.775     1.51    4.48
 -71752.727    39.186     1.44    4.38
 -71466.314    38.983    -0.71    4.48
 -71179.901    39.051     0.24    4.66
 -70893.489    39.512     1.61    4.81
 -70607.078    40.420     3.17    4.95
 -70320.667    41.647     4.28    4.71
 -70034.256    42.945     4.53    4.53
 -69747.846    44.026     3.77    4.34
 -69461.436    45.441     4.94    3.90
 -69175.026    46.846     4.90    4.19
 -68888.617    48.477     5.70    4.70
 -68602.209    50.030     5.42    4.59
 -68315.801    51.244     4.24    4.39
 -68029.393    51.775     1.85    4.41
 -67742.985    52.203     1.50    4.45
 -67456.579    52.713     1.78    4.52
 -67170.172    53.226     1.79    4.96
 -66883.766    54.232     3.51    4.19
 -66597.361    55.448     4.24    3.88
 -66310.955    56.510     3.71    4.28
 -66024.551    57.764     4.38    4.64
 -65738.146    59.077     4.58    4.81
 -65451.743    59.741     2.32    5.04
 -65165.339    59.344    -1.39    5.19
 -64878.936    58.317    -3.59    5.65
 -64592.533    58.310    -0.02    5.73
 -64306.131    58.405     0.33    6.33
 -64019.730    58.984     2.02    7.12
 -63733.328    59.943     3.35    7.94
 -63446.927    61.851     6.66    9.59
 -63160.527    64.405     8.92   10.92
 -62874.127    67.745    11.66   11.34
 -62587.727    72.705    17.32   11.19
 -62301.328    78.186    19.14   10.26
 -62014.930    82.833    16.23    9.55
 -61728.531    87.280    15.53   10.02
 -61442.133    91.426    14.48   10.90
 -61155.736    95.711    14.96    9.99
 -60869.339    98.830    10.89    9.28
 -60582.942   101.281     8.56    8.21
 -60296.546   103.488     7.71    7.44
 -60010.151   104.753     4.42    7.16
 -59723.755   105.543     2.76    7.76
 -59437.360   105.006    -1.88    9.71
 -59150.966   103.878    -3.94   12.79
 -58864.572   103.351    -1.84   14.34
 -58578.178   101.833    -5.30   15.62
 -58291.785    99.058    -9.69   17.54
 -58005.393    95.286   -13.17   17.23
 -57719.000    92.917    -8.27   15.68
 -57432.608    91.713    -4.20   13.52
 -57146.217    92.718     3.51   13.19
 -56859.826    95.264     8.89   13.84
 -56573.435    98.702    12.00   13.99
 -56287.045   101.976    11.43   13.00
 -56000.648   104.631     9.27   11.31
 -55714.088   107.315     9.37    8.19
 -55427.529   108.426     3.88    5.58
 -55140.971   107.565    -3.01    4.89
 -54854.414   107.287    -0.97    4.37
 -54567.858   108.371     3.78    5.58
 -54281.304   110.349     6.90    6.86
 -53994.751   113.245    10.11    7.72
 -53708.199   115.203     6.83    7.60
 -53421.648   117.095     6.60    7.28
 -53135.098   118.426     4.64    6.63
 -52848.549   118.943     1.80    6.08
 -52562.001   118.310    -2.21    6.03
 -52275.455   117.262    -3.66    5.56
 -51988.910   116.460    -2.80    7.30
 -51702.366   114.861    -5.58   10.81
 -51415.823   113.782    -3.77   12.03
 -51129.281   115.185     4.90   12.60
 -50842.740   116.483     4.53   11.94
 -50556.201   118.392     6.66   11.12
 -50269.663   121.427    10.59   10.23
 -49983.125   124.223     9.76    8.48
 -49696.589   126.490     7.91    7.46
 -49410.054   129.259     9.66    7.55
 -49123.521   131.621     8.24    7.24
 -48836.988   133.906     7.97    6.71
 -48550.457   135.650     6.09    6.15
 -48263.926   136.860     4.22    6.25
 -47977.397   137.857     3.48    6.20
 -47690.869   138.322     1.62    6.72
 -47404.342   137.748    -2.00    7.36
 -47117.817   135.851    -6.62    8.91
 -46831.292   133.058    -9.75   11.11
 -46544.769   130.242    -9.83   12.37
 -46258.247   127.125   -10.88   13.15
 -45971.726   124.167   -10.32   12.90
 -45685.206   120.222   -13.77   11.87
 -45398.687   116.650   -12.46   10.56
 -45112.169   114.686    -6.85   10.53
 -44825.653   113.006    -5.87   10.45
 -44539.138   110.518    -8.68   11.12
 -44252.623   107.902    -9.13   12.05
 -43966.110   105.399    -8.74   12.18
 -43679.599   101.751   -12.73   12.12
 -43393.088    96.871   -17.03   11.14
 -43106.578    92.110   -16.62    8.88
 -42820.070    88.336   -13.17    8.83
 -42533.563    85.767    -8.97    9.69
 -42247.057    83.210    -8.92   10.59
 -41960.552    80.789    -8.45   11.22
 -41674.048    79.825    -3.36   12.12
 -41387.545    80.114     1.01   14.30
 -41101.044    81.489     4.80   16.58
 -40814.543    83.081     5.56   18.21
 -40528.044    84.058     3.41   19.21
 -40241.546    84.222     0.57   20.06
 -39955.049    84.467     0.86   20.08
 -39668.553    84.779     1.09   19.57
 -39382.059    83.194    -5.53   19.07
 -39095.565    81.024    -7.57   18.46
 -38809.073    79.673    -4.72   17.89
 -38522.582    79.150    -1.82   16.57
 -38236.092    77.933    -4.25   15.85
 -37949.603    75.952    -6.92   15.39
 -37663.115    75.952     0.00   14.65
 -37376.629    77.941     6.94   12.92
 -37090.143    79.286     4.70   11.95
 -36803.659    80.082     2.78   11.37
 -36517.176    81.315     4.30    9.65
 -36230.694    82.692     4.81    7.23
 -35944.213    84.350     5.79    4.87
 -35657.734    84.793     1.55    3.33
 -35371.255    84.279    -1.79    3.35
 -35084.778    83.676    -2.10    3.51
 -34798.302    83.079    -2.08    3.48
 -34511.827    82.503    -2.01    3.60
 -34225.353    81.628    -3.05    3.79
 -33938.880    80.324    -4.55    3.77
 -33652.408    79.125    -4.19    4.22
 -33365.938    78.215    -3.18    4.65
 -33079.469    77.603    -2.14    4.71
 -32793.001    76.857    -2.60    4.40
 -32506.534    75.830    -3.59    3.75
 -32220.068    74.871    -3.35    3.81
 -31933.603    73.957    -3.19    4.09
 -31647.140    73.235    -2.52    4.20
 -31360.677    72.590    -2.25    4.09
 -31074.216    72.082    -1.77    3.73
 -30787.756    71.849    -0.81    3.28
 -30501.297    71.413    -1.52    3.69
 -30214.839    71.292    -0.42    4.31
 -29928.382    71.993     2.45    4.46
 -29641.927    72.343     1.22    4.45
 -29355.473    72.392     0.17    4.38
 -29069.019    72.224    -0.59    4.28
 -28782.567    72.190    -0.12    4.25
 -28496.117    72.378     0.65    4.31
 -28209.667    72.190    -0.65    4.64
 -27923.218    70.790    -4.89    6.27
 -27636.771    69.222    -5.48    7.60
 -27350.324    67.433    -6.25    8.25
 -27063.879    66.065    -4.77    8.17
 -26777.435    64.984    -3.78    8.19
 -26490.993    63.268    -5.99    8.61
 -26204.551    60.582    -9.37    9.21
 -25918.110    59.004    -5.51    8.87
 -25631.671    57.985    -3.56    9.07
 -25345.233    57.613    -1.30    9.09
 -25058.796    57.590    -0.08    9.00
 -24772.360    58.617     3.58    8.93
 -24485.925    61.124     8.75    7.29
 -24199.491    62.692     5.47    5.75
 -23913.059    62.300    -1.37    6.09
 -23626.627    61.131    -4.08    6.01
 -23340.197    60.350    -2.73    5.71
 -23053.768    60.617     0.93    5.57
 -22767.340    61.224     2.12    5.62
 -22480.914    62.116     3.11    5.32
 -22194.488    63.015     3.14    4.65
 -21908.063    63.295     0.98    3.69
 -21621.640    62.440    -2.99    3.95
 -21335.218    60.892    -5.40    4.37
 -21048.797    59.460    -5.00    4.36
 -20762.377    58.521    -3.28    4.05
 -20475.959    57.249    -4.44    4.31
 -20189.541    55.720    -5.34    4.76
 -19903.125    54.902    -2.86    4.65
 -19616.709    54.269    -2.21    4.59
 -19330.295    53.371    -3.14    4.62
 -19043.882    53.037    -1.17    4.64
 -18757.470    52.953    -0.29    4.33
 -18471.060    52.775    -0.62    4.60
 -18184.650    52.349    -1.49    5.06
 -17898.242    51.713    -2.22    5.63
 -17611.835    51.476    -0.83    5.74
 -17325.429    51.772     1.03    5.59
 -17039.024    51.923     0.53    5.66
 -16752.620    51.666    -0.90    5.68
 -16466.217    51.161    -1.76    5.97
 -16179.816    48.315    -9.94    9.02
 -15893.416    44.796   -12.29   10.49
 -15607.017    43.015    -6.22   10.03
 -15320.619    41.755    -4.40   10.28
 -15034.222    41.194    -1.96   10.57
 -14747.826    40.902    -1.02   10.60
 -14461.431    40.793    -0.38    9.90
 -14175.038    40.588    -0.72   10.29
 -13888.646    37.542   -10.63   12.83
 -13602.255    34.562   -10.41   14.14
 -13315.865    33.351    -4.23   14.31
 -13029.476    31.878    -5.14   14.96
 -12743.088    31.177    -2.44   16.08
 -12456.702    30.063    -3.89   16.22
 -12170.316    28.335    -6.04   15.95
 -11883.932    27.065    -4.43   16.12
 -11597.549    27.115     0.17   16.67
 -11311.167    28.746     5.70   16.68
 -11024.786    29.554     2.82   15.92
 -10738.407    28.165    -4.85   15.72
 -10452.028    26.810    -4.73   16.09
 -10165.651    25.204    -5.61   15.37
  -9879.275    23.178    -7.08   13.68
  -9592.900    22.447    -2.55   12.19
  -9306.526    22.947     1.75   12.03
  -9020.153    24.692     6.10   12.71
  -8733.781    28.378    12.87   13.17
  -8447.411    32.501    14.40   12.80
  -8161.042    36.405    13.63   12.51
  -7874.674    38.385     6.91   12.41
  -7588.307    39.329     3.30   11.70
  -7301.941    39.612     0.99   10.81
  -7015.576    39.019    -2.07   10.19
  -6729.213    38.392    -2.19   10.18
  -6442.850    37.449    -3.29   10.42
  -6156.489    36.163    -4.49   10.81
  -5870.129    35.627    -1.87   11.63
  -5583.770    35.603    -0.09   12.03
  -5297.412    36.110     1.77   12.39
  -5011.055    37.030     3.21   12.65
  -4724.700    37.895     3.02   12.94
  -4438.346    39.073     4.11   12.41
  -4151.992    41.131     7.19   11.24
  -3865.640    43.063     6.75   10.41
  -3579.289    44.489     4.98    9.25
  -3292.940    44.631     0.50    7.91
  -3006.591    43.350    -4.47    7.82
  -2720.244    40.182   -11.06    9.57
  -2433.897    36.152   -14.07    9.99
  -2147.552    32.988   -11.05    9.08
  -1861.208    31.116    -6.54    8.33
  -1574.865    31.475     1.25    9.25
  -1288.523    32.385     3.18   10.20
  -1002.183    30.629    -6.13   13.69
   -715.843    26.948   -12.86   17.62
   -429.505    21.335   -19.60   20.19
   -143.168    14.763   -22.95   20.01
    143.168     7.874   -24.06   16.75
    429.503     3.185   -16.38   10.45
    715.837     2.668    -1.80    6.74
   1002.169     6.099    11.98    9.51
   1288.500     9.874    13.18   10.58
   1574.831    12.967    10.80    9.83
   1861.160    15.877    10.16    8.05
   2147.488    17.948     7.23    5.49
   2433.815    17.659    -1.01    5.26
   2720.140    17.211    -1.57    4.99
   3006.465    16.247    -3.37    3.92
   3292.788    16.426     0.63    3.94
   3579.110    17.406     3.42    4.70
   3865.431    18.378     3.40    4.92
   4151.751    18.981     2.11    4.36
   4438.070    18.760    -0.77    4.34
   4724.388    18.056    -2.46    4.73
   5010.704    16.929    -3.94    4.83
   5297.019    15.218    -5.98    4.77
   5583.334    13.238    -6.92    3.96
   5869.686    11.938    -4.54    3.74
   6156.326    11.202    -2.57    4.04
   6442.963    10.704    -1.74    4.27
   6729.599    10.626    -0.27    4.59
   7016.233    10.392    -0.82    4.62
   7302.865    11.044     2.28    4.81
   7589.495    11.762     2.50    5.17
   7876.123    12.440     2.37    5.11
   8162.749    12.671     0.81    5.22
   8449.373    13.248     2.01    5.49
   8735.996    13.943     2.42    5.29
   9022.616    14.276     1.16    5.53
   9309.235    14.212    -0.22    6.54
   9595.852    14.525     1.09    7.76
   9882.467    15.867     4.68    9.82
  10169.080    17.723     6.47   12.74
  10455.691    18.920     4.18   15.19
  10742.301    20.533     5.63   16.99
  11028.908    22.434     6.63   18.02
  11315.514    24.685     7.86   18.81
  11602.117    25.982     4.52   18.62
  11888.719    26.022     0.14   17.49
  12175.319    25.994    -0.10   16.30
  12461.917    25.488    -1.77   14.75
  12748.514    25.612     0.44   13.10
  13035.108    25.919     1.07   12.14
  13321.700    26.202     0.98   11.37
  13608.291    27.690     5.19   11.44
  13894.880    29.027     4.67   12.28
  14181.466    30.987     6.84   12.99
  14468.051    32.590     5.59   12.93
  14754.634    33.620     3.59   12.04
  15041.216    34.699     3.76   11.74
  15327.795    36.926     7.77   11.48
  15614.372    38.748     6.36   10.53
  15900.948    39.460     2.48    9.46
  16187.522    40.024     1.97    7.60
  16474.093    40.827     2.80    6.20
  16760.663    40.227    -2.09    5.91
  17047.231    38.098    -7.43    6.54
  17333.798    35.497    -9.08    7.25
  17620.362    32.680    -9.83    8.16
  17906.924    29.202   -12.14    8.51
  18193.485    25.955   -11.33    7.40
  18480.044    24.441    -5.28    5.92
  18766.600    25.329     3.10    6.85
  19053.155    28.112     9.71    9.10
  19339.708    31.606    12.19    9.84
  19626.260    35.061    12.06    9.39
  19912.809    37.755     9.40    7.83
  20199.356    39.693     6.76    6.99
  20485.902    41.440     6.10    6.62
  20772.446    42.301     3.01    6.42
  21058.987    43.147     2.95    6.82
  21345.527    44.335     4.14    8.12
  21632.065    44.586     0.88    8.98
  21918.602    44.061    -1.83    9.13
  22205.136    43.185    -3.06    9.24
  22491.668    42.013    -4.09    9.39
  22778.199    40.265    -6.10    9.15
  23064.728    39.106    -4.04    9.12
  23351.254    37.878    -4.29    8.65
  23637.779    37.657    -0.77    8.63
  23924.302    37.541    -0.40    8.45
  24210.824    38.081     1.88    7.89
  24497.343    38.806     2.53    6.97
  24783.860    39.322     1.80    5.78
  25070.376    39.839     1.80    4.65
  25356.889    40.920     3.77    4.69
  25643.401    42.966     7.14    6.44
  25929.911    45.455     8.69    7.74
  26216.419    47.628     7.59    7.86
  26502.925    49.800     7.58    7.43
  26789.430    51.937     7.46    6.81
  27075.932    54.173     7.80    6.11
  27362.433    55.488     4.59    6.06
  27648.931    56.364     3.06    6.66
  27935.428    57.977     5.63    7.20
  28221.923    60.268     8.00    7.45
  28508.416    62.579     8.07    7.25
  28794.907    64.454     6.54    7.71
  29081.397    66.092     5.72    7.59
  29367.884    67.742     5.76    7.80
  29654.370    69.547     6.30    8.48
  29940.853    70.751     4.21    8.78
  30227.335    70.727    -0.08    8.68
  30513.815    69.801    -3.23    9.59
  30800.293    68.008    -6.26   10.04
  31086.770    66.324    -5.88    9.75
  31373.244    64.501    -6.36    8.96
  31659.716    63.056    -5.04    7.76
  31946.187    62.250    -2.81    7.28
  32232.656    62.413     0.57    6.94
  32519.122    62.697     0.99    5.97
  32805.587    62.583    -0.40    5.29
  33092.050    60.955    -5.68    5.71
  33378.512    59.180    -6.20    6.51
  33664.971    58.518    -2.31    6.48
  33951.428    58.551     0.12    6.77
  34237.884    59.512     3.35    7.36
  34524.338    61.088     5.50    8.17
  34810.790    62.816     6.03    8.75
  35097.240    65.019     7.69    8.22
  35383.688    66.837     6.35    7.59
  35670.134    68.378     5.38    7.00
  35956.578    69.799     4.96    6.39
  36243.021    71.650     6.46    6.17
  36529.461    74.091     8.52    6.47
  36815.900    76.385     8.01    6.62
  37102.337    78.670     7.98    6.25
  37388.772    80.702     7.09    6.02
  37675.205    82.212     5.27    5.58
  37961.636    83.327     3.89    4.62
  38248.066    84.142     2.84    4.57
  38534.493    84.310     0.59    5.26
  38820.919    84.501     0.67    5.91
  39107.343    84.807     1.07    6.29
  39393.764    85.090     0.99    6.58
  39680.184    85.106     0.05    6.54
  39966.603    84.801    -1.06    6.53
  40253.019    84.026    -2.71    6.00
  40539.433    83.165    -3.01    5.09
  40825.846    83.061    -0.36    4.83
  41112.256    83.779     2.51    5.31
  41398.665    85.129     4.71    5.60
  41685.072    86.476     4.70    5.08
  41971.477    87.163     2.40    4.04
  42257.880    87.538     1.31    3.51
  42544.282    87.090    -1.56    3.37
  42830.681    85.516    -5.50    3.82
  43117.079    83.406    -7.37    4.11
  43403.474    80.782    -9.16    4.79
  43689.868    78.557    -7.77    5.16
  43976.260    76.420    -7.46    5.25
  44262.650    74.342    -7.25    5.41
  44549.038    71.949    -8.36    5.79
  44835.425    69.604    -8.19    5.91
  45121.809    67.103    -8.73    5.87
  45408.192    64.521    -9.02    5.69
  45694.572    62.377    -7.49    5.42
  45980.951    60.943    -5.01    4.93
  46267.328    59.768    -4.10    4.52
  46553.703    59.188    -2.03    4.40
  46840.077    59.439     0.88    5.74
  47126.448    60.684     4.35    7.53
  47412.817    63.045     8.24    9.37
  47699.185    66.454    11.91   11.23
  47985.551    70.315    13.48   11.57
  48271.915    73.839    12.31   10.52
  48558.277    76.096     7.88    9.16
  48844.637    77.548     5.07    7.40
  49130.995    77.456    -0.32    6.47
  49417.351    75.825    -5.69    6.71
  49703.706    73.280    -8.89    7.26
  49990.059    70.544    -9.55    7.51
  50276.409    68.419    -7.42    7.10
  50562.758    66.081    -8.16    5.57
  50849.105    64.775    -4.56    4.08
  51135.450    64.709    -0.23    4.02
  51421.794    65.440     2.55    4.40
  51708.135    66.252     2.84    3.97
  51994.475    66.737     1.69    3.67
  52280.812    66.491    -0.86    3.99
  52567.148    66.002    -1.71    3.94
  52853.482    65.675    -1.14    3.87
  53139.814    65.492    -0.64    3.42
  53426.144    65.413    -0.28    2.74
  53712.473    65.695     0.99    2.80
  53998.799    65.919     0.78    3.07
  54285.124    66.779     3.00    3.62
  54571.447    68.405     5.68    4.50
  54857.767    69.970     5.46    4.89
  55144.086    71.541     5.49    4.87
  55430.403    72.985     5.04    4.12
  55716.719    73.704     2.51    3.32
  56003.032    73.973     0.94    2.84
  56289.344    73.864    -0.38    2.81
  56575.653    73.870     0.02    2.83
  56861.961    74.061     0.67    3.14
  57148.267    74.888     2.89    3.79
  57434.571    76.687     6.28    4.44
  57720.873    77.978     4.51    4.26
  58007.173    78.666     2.40    3.75
  58293.472    78.947     0.98    3.72
  58579.768    79.131     0.64    3.99
  58866.063    79.168     0.13    3.68
  59152.356    78.529    -2.23    3.33
  59438.647    77.649    -3.07    3.18
  59724.936    77.292    -1.24    3.07
  60011.223    77.223    -0.24    3.14
  60297.508    77.065    -0.55    3.04
  60583.792    76.796    -0.94    3.01
  60870.074    76.640    -0.55    3.21
  61156.353    76.777     0.48    3.65
  61442.631    77.107     1.15    3.82
  61728.907    77.700     2.07    4.44
  62015.181    78.378     2.37    4.90
  62301.454    78.953     2.01    4.95
  62587.724    79.691     2.58    4.18
  62873.992    79.564    -0.44    4.08
  63160.259    78.797    -2.68    4.58
  63446.524    77.895    -3.15    5.19
  63732.787    75.910    -6.94    5.98
  64019.048    73.456    -8.57    7.49
  64305.307    71.271    -7.63    8.73
  64591.564    68.867    -8.40    9.78
  64877.820    65.839   -10.58   10.86
  65164.073    62.082   -13.12   12.15
  65450.325    57.635   -15.54   12.97
  65736.575    53.350   -14.97   12.95
  66022.823    49.149   -14.68   12.91
  66309.069    42.241   -24.13   16.77
  66595.313    33.635   -30.07   20.41
  66881.556    24.556   -31.72   21.43
  67167.796    15.656   -31.09   19.84
  67454.035     9.209   -22.52   15.49
  67740.369     4.638   -15.96    8.99
  68027.085     4.075    -1.96    6.96
  68313.799     5.265     4.15    7.01
  68600.511     5.455     0.66    6.89
  68887.220     5.926     1.65    6.87
  69173.926     5.317    -2.12    6.68
  69460.629     4.851    -1.63    6.61
  69747.330     3.555    -4.52    5.56
  70034.029     2.874    -2.37    5.21
  70320.724     2.542    -1.16    4.88
  70607.418     3.135     2.07    5.11
  70894.108     3.992     2.99    5.35
  71180.796     4.785     2.77    5.45
  71467.482     5.006     0.77    5.22
  71754.164     5.399     1.37    5.15
  72040.844     5.875     1.66    4.89
  72327.522     6.296     1.47    4.90
  72614.197     6.405     0.38    4.68
  72900.869     6.785     1.32    4.68
  73187.539     6.977     0.67    4.68
  73474.206     6.909    -0.24    4.83
  73760.871     6.548    -1.26    5.07
  74047.533     6.583     0.12    5.42
  74334.192     6.685     0.36    5.84
  74620.849     6.788     0.36    6.06
  74907.503     7.008     0.77    6.48
  75194.155     7.468     1.60    6.88
  75480.804     8.267     2.79    7.16
  75767.450     9.371     3.85    7.04
  76054.094    10.251     3.07    6.50
  76340.735    11.385     3.96    5.83
  76627.373    12.673     4.50    5.22
  76914.009    12.986     1.09    5.09
  77200.643    12.850    -0.47    5.20
  77487.273    12.854     0.01    5.50
  77773.902    14.274     4.96    6.76
  78060.527    16.474     7.68    7.93
  78347.150    19.091     9.13    8.91
  78633.771    22.300    11.19    9.16
  78920.388    25.583    11.46    8.83
  79207.003    29.094    12.25    7.06
  79493.616    32.563    12.10    5.34
  79780.226    35.419     9.97    5.55
  80066.833    38.214     9.75    5.64
  80353.438    41.208    10.45    6.46
  80640.040    44.487    11.44    7.33
  80926.640    47.274     9.73    7.39
  81213.237    49.288     7.03    7.37
  81499.831    50.606     4.60    7.20
  81786.423    50.865     0.91    6.99
  82073.012    50.896     0.11    6.96
  82359.599    51.234     1.18    6.23
