# NaN NaN NaN ;Mean Elev.(m), Avg Gradient(m/km), RMS Gradient(m/km) - SRTM1     
#  -12.969  -0.118  15.872 ;Mean Elev.(m), Avg Gradient(m/km), RMS Gradient(m/km) - ASTER GDEM
#   33.557   0.014   9.565 ;Mean Elev.(m), Avg Gradient(m/km), RMS Gradient(m/km) - GMTED2010 
   3  56.685453  66.088684   -11.773   -11.773  2 54681.26860644 18.329
   4  56.680696  66.089644    80.068    80.068  2 54691.18424864  9.557
   5  56.681309  66.089654    -6.554    -6.554  2 54701.09988902 20.807
   6  56.683028  66.088261   102.596   102.596  2 54711.01553589  1.293
   7  56.684834  66.086611    11.749    11.749  2 54720.93118727 11.832
   8  56.683921  66.085348    98.386    96.775  3 54730.84683578 13.719
   9  56.684991  66.085261    96.649    96.649  2 54740.76248283 16.751
  10  56.685486  66.085652    99.412    99.412  2 54750.67812978  6.298
  11  56.683233  66.085985    85.813    87.962  3 54760.59377632 14.993
  12  56.682297  66.085558    96.917    96.917  2 54770.50942061 23.436
  13  56.682397  66.084861   107.815   107.773  3 54780.42506174 20.868
  14  56.679994  66.084373   109.168   112.878  3 54790.34070008 15.695
  15  56.683029  66.084767    90.574    90.640  3 54800.25633782 12.543
  20  56.680405  66.088131   103.194   103.194  2 54849.83455426  0.728
  24  56.685416  66.086849   102.525   102.525  2 54889.49714402  0.458
  26  56.680162  66.084859   103.469   103.700  3 54909.32842385  1.005
  27  56.684732  66.085800   102.703   102.703  2 54919.24406199  1.636
  28  56.682112  66.086733   103.680   103.680  2 54929.15969920  5.820
  29  56.681446  66.086222   103.403   103.403  2 54939.07533574  0.240
  30  56.682100  66.084935   103.522   103.440  3 54948.99097075  0.614
  32  56.677796  66.084596    94.707    93.325  3 54968.82225621  7.474
  33  56.682645  66.085737    98.864    98.864  2 54978.73790403 10.028
  34  56.685027  66.086699    92.041    92.041  2 54988.65355157 25.975
  35  56.683673  66.086894    96.628    96.628  2 54998.56919891  5.119
  36  56.685697  66.086812   102.139   102.139  2 55008.48484476  0.219
  39  56.682849  66.089371    92.744    92.744  2 55038.23177258  4.797
  41  56.685244  66.088517    29.353    29.353  2 55058.06305233 45.462
  45  56.683123  66.085619   105.740   109.831  3 55097.72563429 23.221
  46  56.680438  66.086882    95.212    95.212  2 55107.64127972 22.179
  47  56.680726  66.086381    96.155    96.155  2 55117.55692470 23.331
  48  56.682319  66.084522   101.283   100.095  3 55127.47256752  2.207
  50  56.679171  66.083647    30.701    30.696  4 55147.30384626 40.450
  51  56.683980  66.085575    31.721    31.721  2 55157.21948462 45.291
  52  56.681958  66.087398    31.093    31.093  2 55167.13512229 27.953
  57  56.680650  66.089372    99.231    99.231  2 55216.71335279  0.328
  60  56.676155  66.085470   104.120   104.120  2 55246.46028964  0.565
  63  56.683188  66.085860   102.655   103.023  3 55276.20720728  0.697
  64  56.684977  66.087177   102.824   102.824  2 55286.12284460  2.604
  66  56.677652  66.084551    29.701    29.786  3 55305.95411899 25.556
  67  56.679489  66.083023    95.912    94.609  3 55315.86976614  6.541
  68  56.676952  66.083847    95.757    95.745  3 55325.78541139 24.291
  69  56.683420  66.085889   100.818   100.818  2 55335.70105627  8.539
  70  56.682195  66.087779    91.888    91.888  2 55345.61670004 20.954
  71  56.680499  66.088106    99.564    99.564  2 55355.53234272 12.541
  72  56.685092  66.087446    98.965    98.965  2 55365.44798397  5.838
  73  56.684457  66.087092    99.649    99.649  2 55375.36362320  2.278
  74  56.683244  66.087795    94.467    94.467  2 55385.27926132 10.433
  79  56.678845  66.083521   102.667   102.747  3 55434.85748349  0.451
  80  56.678030  66.083693   108.585   111.080  4 55444.77312768 19.289
  81  56.683212  66.085212   100.482   100.087  3 55454.68877133  5.629
  82  56.685399  66.086831    99.722    99.722  2 55464.60441396  4.124
  83  56.685354  66.086579    99.657    99.657  2 55474.52005373 14.140
  84  56.680130  66.084870   100.256   100.222  4 55484.43569009  8.490
  85  56.679049  66.083185   100.995   101.930  3 55494.35132474  5.968
  86  56.678338  66.083813   100.119   100.378  4 55504.26695833 10.762
  87  56.682766  66.085904    96.106    96.106  2 55514.18260780 19.534
  88  56.684005  66.088004    32.354    32.354  2 55524.09825750 41.171
  89  56.681637  66.088662    31.867    31.867  2 55534.01390512 32.819
 102  56.682634  66.084602    30.086    30.046  3 55662.91725639 23.678
 103  56.678172  66.084011    96.184    96.210  4 55672.83289637  7.307
 104  56.680523  66.084538    98.976    98.810  3 55682.74853545  6.124
 105  56.682854  66.086288    99.485    99.222  3 55692.66417303  9.368
 107  56.683363  66.088597    99.512    99.512  2 55712.49545215  3.221
 108  56.685667  66.088180   103.187   103.187  2 55722.41110181  1.090
 109  56.682743  66.087962   100.159   100.159  2 55732.32674899  1.678
 111  56.683421  66.087917    29.774    29.774  2 55752.15804015 27.314
 113  56.682787  66.086151    32.774    33.895  3 55771.98932249 26.785
 114  56.681411  66.084749    29.320    29.299  3 55781.90495864 50.725
 115  56.680355  66.084421    29.535    29.318  3 55791.82059219 28.552
 116  56.678728  66.085117    29.704    29.687  3 55801.73622499 47.691
 117  56.681462  66.085933    29.907    29.907  2 55811.65187534 47.478
 118  56.683441  66.086185    31.819    31.819  2 55821.56752407 29.017
 120  56.681765  66.084756   102.549   102.197  3 55841.39880695  1.112
 121  56.678232  66.084622    99.040    99.240  3 55851.31444280 16.903
 123  56.685942  66.087034    31.049    31.049  2 55871.14573064 43.444
 124  56.685040  66.088061    31.228    31.228  2 55881.06138084 27.839
 129  56.684832  66.088035   102.275   102.275  2 55930.63960151  0.671
 135  56.682735  66.086446   102.811   102.534  3 55990.13344189  0.668
 136  56.682276  66.085873   103.189   103.189  2 56000.04908582  0.510
 137  56.677365  66.084909   103.727   104.012  3 56009.96473607  0.711
 138  56.677532  66.084580   103.816   103.918  3 56019.88038271  1.564
 139  56.681586  66.085221   103.554   103.573  3 56029.79602671  3.022
 140  56.683975  66.086665    31.538    31.538  2 56039.71166865 30.237
 142  56.683868  66.088341   100.097   100.097  2 56059.54294533 25.740
 143  56.680661  66.088148    99.931    99.931  2 56069.45858010 10.810
 144  56.680214  66.087931   100.832   100.832  2 56079.37423112  6.420
 145  56.682432  66.088128   100.102   100.102  2 56089.28987967  5.247
 146  56.684010  66.088647    96.255    96.255  2 56099.20552567 19.784
 148  56.683131  66.086441   100.868   111.019  3 56119.03679808 21.912
 149  56.679493  66.084610    99.360   105.386  4 56128.95243467 18.774
 152  56.682019  66.086604   109.133   109.133  2 56158.69936579  3.986
 154  56.682464  66.086016    79.760    79.760  2 56178.53065858  7.766
 155  56.677288  66.084647   103.120   103.120  2 56188.44629857  0.724
 156  56.679599  66.084209   100.866   100.799  4 56198.36193586  6.696
 157  56.685035  66.085632   100.515   100.515  2 56208.27757057  4.641
 158  56.682503  66.088026   100.458   100.458  2 56218.19320290  2.856
 159  56.681351  66.089373    94.465    94.465  2 56228.10884788 18.028
 160  56.682672  66.088842    29.531    29.531  2 56238.02450223 37.245
 163  56.683877  66.087948    30.710    30.710  2 56267.77144021 29.236
 164  56.681342  66.088729    30.336    30.336  2 56277.68708040 26.962
 166  56.683019  66.086268    30.418    30.416  3 56297.51837822 22.141
 170  56.683441  66.086918    89.321    89.321  2 56337.18094716  7.105
 171  56.681451  66.087739   102.618   102.618  2 56347.09658537  1.885
 172  56.684653  66.086410   100.519   100.519  2 56357.01222152  1.761
 173  56.680219  66.084659   103.112   102.780  3 56366.92786944  0.969
 176  56.680755  66.088504   103.265   103.265  2 56396.67480707  3.316
 180  56.681090  66.087098   102.595   102.595  2 56436.33736956 26.387
 181  56.681359  66.087375   100.375   100.375  2 56446.25302131  5.416
 183  56.682288  66.088185    94.354    94.354  2 56466.08431708 21.934
 184  56.683466  66.086447    30.983    30.996  3 56475.99995963 51.733
 185  56.677784  66.084381    30.058    29.992  3 56485.91559800 48.385
 186  56.676932  66.083682    29.470    29.400  3 56495.83123395 48.250
 187  56.681288  66.084976    29.233    29.072  3 56505.74686875 35.717
 192  56.680209  66.084851    29.658    29.675  3 56555.32509794 38.019
 194  56.684891  66.088787   101.607   101.607  2 56575.15638252 18.907
 196  56.683341  66.089727   107.630   107.630  2 56594.98765715 16.838
 197  56.683170  66.088140    97.752    97.752  2 56604.90331001 20.122
 198  56.684451  66.086979    96.187    96.187  2 56614.81895817 16.439
 199  56.683132  66.087188    92.233    92.233  2 56624.73460228 15.286
 200  56.685220  66.087649    30.850    30.850  2 56634.65024390 37.219
 202  56.681473  66.086526   103.180   103.180  2 56654.48153368  0.686
 209  56.684819  66.085850    95.813    95.813  2 56723.89103718  3.250
 210  56.683216  66.085633   103.058   103.058  2 56733.80668747  2.600
 211  56.685390  66.087093   102.543   102.543  2 56743.72233466  3.327
 212  56.685149  66.089045   102.553   102.553  2 56753.63797731  3.445
 213  56.682295  66.090075    29.407    29.407  2 56763.55361434 36.727
 215  56.681049  66.088161   100.521   100.521  2 56783.38490549  8.294
 216  56.681346  66.087277    99.346    99.346  2 56793.30055930  6.329
 217  56.682402  66.087161   104.010   104.010  2 56803.21621028  7.610
 218  56.681571  66.087338    98.522    98.522  2 56813.13185325  8.952
 219  56.681109  66.086939    99.687    99.687  2 56823.04749274  3.321
 220  56.684375  66.085907    88.822    88.822  2 56832.96312841 23.787
 221  56.680512  66.085226    96.272    96.249  3 56842.87876000 22.490
 228  56.680697  66.087020   101.703   101.703  2 56912.28829111  2.101
 229  56.680484  66.088159   101.520   101.520  2 56922.20393130  2.914
 230  56.684778  66.089237   100.227   100.227  2 56932.11956964  3.801
 231  56.683121  66.089545   111.626   111.626  2 56942.03520224 17.384
 232  56.681158  66.088939    30.410    30.410  2 56951.95084484 40.753
 233  56.680062  66.087969    30.770    30.770  2 56961.86649580 40.208
 235  56.680500  66.087596    30.910    30.910  2 56981.69778395 27.017
 236  56.685380  66.087293   102.441   102.441  2 56991.61342192  0.745
 238  56.683861  66.085491   102.806   102.707  3 57011.44471149  0.819
 239  56.681873  66.084971   103.161   102.861  3 57021.36036298  1.020
 244  56.682482  66.086577   103.281   103.281  2 57070.93857930  0.781
 245  56.685149  66.086867   102.866   102.866  2 57080.85421034  5.622
 247  56.682648  66.089552   102.284   102.284  2 57100.68550938  2.664
 250  56.685443  66.087591   102.593   102.593  2 57130.43245609  1.082
 251  56.685558  66.087188   102.457   102.457  2 57140.34809391  1.201
 254  56.684077  66.087611   106.993   106.993  2 57170.09501237 10.888
 255  56.683616  66.085941   108.634   109.783  3 57180.01066778 29.172
 256  56.680096  66.084699   100.803   100.142  3 57189.92631891  6.277
 257  56.681217  66.084923    97.525    98.662  3 57199.84196685 23.767
 258  56.684579  66.086207   101.552   101.552  2 57209.75760129  0.862
 259  56.682353  66.087493   102.501   102.501  2 57219.67324513 20.971
 260  56.685347  66.087397   100.359   100.359  2 57229.58888841  5.293
 261  56.684122  66.086819   100.917   100.917  2 57239.50452906  4.179
 262  56.680746  66.086467   101.681   101.681  2 57249.42016655  5.431
 263  56.684164  66.087174   102.083   102.083  2 57259.33580232  1.206
 264  56.682335  66.088930   101.814   101.814  2 57269.25143632  0.398
 265  56.684761  66.090266   100.833   100.833  2 57279.16708770  3.151
 267  56.680370  66.088826   101.410   101.410  2 57298.99839608  6.023
 268  56.684168  66.086874    30.782    30.782  2 57308.91404577 50.488
 269  56.682183  66.086354    30.023    30.023  2 57318.82969134 48.814
 272  56.680026  66.087817    30.337    30.337  2 57348.57662305 31.905
 276  56.680564  66.086237    33.473    33.473  2 57388.23919047 14.050
 280  56.683546  66.086189   102.758   102.903  3 57427.90176810  0.282
 281  56.680547  66.087026   103.790   103.790  2 57437.81741581  3.056
 282  56.684355  66.089029   102.572   102.572  2 57447.73306272  1.530
 283  56.682634  66.090690   102.324   102.324  2 57457.64870803  7.055
 284  56.682427  66.090413   102.619   102.619  2 57467.56435086  3.929
 285  56.683119  66.088381   102.824   102.824  2 57477.47998982  1.283
 286  56.684656  66.086355    29.318    29.318  2 57487.39562567 23.459
 287  56.681916  66.086071   100.307   100.307  2 57497.31125894  1.191
 288  56.683207  66.087397    99.671    99.671  2 57507.22689731 23.966
 289  56.685896  66.088226    93.591    93.591  2 57517.14255379 13.122
 290  56.684382  66.087865    96.894    96.894  2 57527.05820708 28.706
 291  56.685070  66.085836    98.877    98.877  2 57536.97385795  7.612
 292  56.679062  66.084309    96.061    94.829  3 57546.88950551 27.997
 293  56.679198  66.084300    95.679    92.511  4 57556.80515200 24.749
 294  56.681559  66.086139   101.135   101.135  2 57566.72079743  5.775
 296  56.682787  66.088484    29.462    29.462  2 57586.55208544 39.229
 297  56.682939  66.087669    29.263    29.263  2 57596.46772661 32.437
