# NaN NaN NaN ;Mean Elev.(m), Avg Gradient(m/km), RMS Gradient(m/km) - SRTM1     
#   -9.621  -1.905   6.182 ;Mean Elev.(m), Avg Gradient(m/km), RMS Gradient(m/km) - ASTER GDEM
#   34.000  -2.612   3.905 ;Mean Elev.(m), Avg Gradient(m/km), RMS Gradient(m/km) - GMTED2010 
   1    13.147 54666.43507533 39.97  52.121716  65.473206 30.424 -100.00 -100.00 -100.00
   1    13.368 54666.43507592 37.02  52.127861  65.472593 25.133 -100.00 -100.00 -100.00
   1    13.369 54666.43507651 40.93  52.134005  65.471980   -100 -100.00 -100.00 -100.00
   1    13.315 54666.43507710 42.78  52.140149  65.471367   -100 -100.00 -100.00 -100.00
   2    12.552 54676.35071972 38.89  52.120460  65.474241 25.201 -100.00 -100.00 -100.00
   2    12.850 54676.35072031 41.95  52.126605  65.473628 29.515 -100.00 -100.00 -100.00
   2    12.589 54676.35072090 47.16  52.132749  65.473015   -100 -100.00 -100.00 -100.00
   2    12.753 54676.35072149 36.98  52.138894  65.472402 25.401 -100.00 -100.00 -100.00
   3     3.394 54686.26636293 12.69  52.121665  65.475912  4.005 -100.00 -100.00 -100.00
   3     4.728 54686.26636352 13.85  52.127811  65.475299  3.704 -100.00 -100.00 -100.00
   3     6.080 54686.26636412 13.58  52.133955  65.474686  3.309 -100.00 -100.00 -100.00
   3     7.125 54686.26636471 14.15  52.140100  65.474072  3.386 -100.00 -100.00 -100.00
   4    13.203 54696.18200419 28.81  52.119193  65.477502 32.507 -100.00 -100.00 -100.00
   4    12.756 54696.18200478 29.66  52.125339  65.476889   -100 -100.00 -100.00 -100.00
   4    12.861 54696.18200537 26.09  52.131484  65.476276 27.159 -100.00 -100.00 -100.00
   4    12.952 54696.18200596 24.45  52.137629  65.475663 19.082 -100.00 -100.00 -100.00
   5     7.446 54706.09764388 16.38  52.118986  65.476945  6.059 -100.00 -100.00 -100.00
   5     8.585 54706.09764447 16.03  52.125132  65.476333  4.651 -100.00 -100.00 -100.00
   5     9.714 54706.09764506 17.28  52.131277  65.475720  6.805 -100.00 -100.00 -100.00
   5    10.420 54706.09764565 18.73  52.137422  65.475107  7.990 -100.00 -100.00 -100.00
   6    14.701 54716.01329667 41.90  52.121979  65.473868 26.689 -100.00 -100.00 -100.00
   6    14.819 54716.01329726 46.06  52.128123  65.473255 26.913 -100.00 -100.00 -100.00
   6    14.537 54716.01329785 50.41  52.134267  65.472642   -100 -100.00 -100.00 -100.00
   6    14.288 54716.01329844 54.77  52.140411  65.472029  9.394 -100.00 -100.00 -100.00
   7    14.385 54725.92894657 30.15  52.120669  65.471201 16.196 -100.00 -100.00 -100.00
   7    14.302 54725.92894716 32.63  52.126812  65.470589 23.452 -100.00 -100.00 -100.00
   7    13.877 54725.92894775 34.26  52.132956  65.469976 31.540 -100.00 -100.00 -100.00
   7    13.585 54725.92894834 35.78  52.139098  65.469362 30.698 -100.00 -100.00 -100.00
   8    13.300 54735.84459442 39.13  52.118592  65.470452 32.019 -100.00 -100.00 -100.00
   8    13.258 54735.84459501 41.50  52.124736  65.469839   -100 -100.00 -100.00 -100.00
   8    13.022 54735.84459560 46.44  52.130879  65.469226 19.176 -100.00 -100.00 -100.00
   8    13.010 54735.84459619 39.29  52.137022  65.468613   -100 -100.00 -100.00 -100.00
   9    18.881 54745.76024197 26.33  52.123316  65.471259 11.745 -100.00 -100.00 -100.00
   9    18.835 54745.76024256 25.62  52.129460  65.470645 11.929 -100.00 -100.00 -100.00
   9    17.622 54745.76024315 29.64  52.135603  65.470032 24.639 -100.00 -100.00 -100.00
  10    15.075 54755.67588836 45.03  52.120788  65.473079   -100  253.09  250.81  250.54
  10    15.276 54755.67588895 43.28  52.126932  65.472466 32.679  253.09  250.81  250.54
  10    15.123 54755.67588954 42.67  52.133076  65.471852 32.303  253.09  250.81  250.54
  10    15.134 54755.67589013 44.52  52.139220  65.471238   -100  253.09  250.81  250.54
  11    18.938 54765.59153369 30.88  52.121313  65.473002 26.241 -100.00 -100.00 -100.00
  11    18.801 54765.59153428 26.92  52.127458  65.472389 12.841 -100.00 -100.00 -100.00
  11    13.363 54765.59153487 39.05  52.133602  65.471775  4.918 -100.00 -100.00 -100.00
  11    13.328 54765.59153546 36.08  52.139746  65.471161   -100 -100.00 -100.00 -100.00
  12    15.344 54775.50717600 42.92  52.120161  65.471184 30.840 -100.00 -100.00 -100.00
  12    15.549 54775.50717659 44.76  52.126306  65.470571   -100 -100.00 -100.00 -100.00
  12    15.401 54775.50717718 47.85  52.132450  65.469958   -100 -100.00 -100.00 -100.00
  12    15.243 54775.50717777 50.36  52.138594  65.469344 17.280 -100.00 -100.00 -100.00
  13    13.985 54785.42281598 38.81  52.120439  65.469304 28.975 -100.00 -100.00 -100.00
  13    14.168 54785.42281657 42.89  52.126583  65.468691 32.122 -100.00 -100.00 -100.00
  13    13.583 54785.42281716 44.48  52.132727  65.468078  8.404 -100.00 -100.00 -100.00
  13    13.821 54785.42281775 38.41  52.138871  65.467464   -100 -100.00 -100.00 -100.00
  14    13.302 54795.33845425 38.83  52.119049  65.469627 29.991 -100.00 -100.00 -100.00
  14    13.338 54795.33845484 40.96  52.125194  65.469014   -100 -100.00 -100.00 -100.00
  14    13.011 54795.33845543 40.23  52.131338  65.468401   -100 -100.00 -100.00 -100.00
  14    12.906 54795.33845602 40.78  52.137481  65.467787   -100 -100.00 -100.00 -100.00
  15    13.491 54805.25409230 36.78  52.122963  65.471676   -100 -100.00 -100.00 -100.00
  15    13.590 54805.25409289 37.68  52.129108  65.471063   -100 -100.00 -100.00 -100.00
  15    13.394 54805.25409348 38.07  52.135252  65.470449   -100 -100.00 -100.00 -100.00
  16    13.593 54815.16972920 23.70  52.120401  65.474269  8.368 -100.00 -100.00 -100.00
  16    13.702 54815.16972979 25.71  52.126546  65.473656 13.286 -100.00 -100.00 -100.00
  16    13.495 54815.16973038 24.55  52.132691  65.473043 11.984 -100.00 -100.00 -100.00
  16    13.701 54815.16973097 22.62  52.138836  65.472430  9.585 -100.00 -100.00 -100.00
  17    13.338 54825.08537570 19.43  52.123638  65.474512  7.364 -100.00 -100.00 -100.00
  17    13.317 54825.08537629 19.86  52.129783  65.473899  7.934 -100.00 -100.00 -100.00
  17    13.413 54825.08537688 19.22  52.135927  65.473286  6.933 -100.00 -100.00 -100.00
  18    13.185 54835.00101490 15.64  52.118043  65.473878  4.993 -100.00 -100.00 -100.00
  18    13.099 54835.00101549 16.17  52.124188  65.473265  6.520 -100.00 -100.00 -100.00
  18    13.183 54835.00101608 15.30  52.130333  65.472652  4.534 -100.00 -100.00 -100.00
  18    13.076 54835.00101667 14.52  52.136477  65.472039  3.918 -100.00 -100.00 -100.00
  19    13.036 54844.91666528 14.19  52.123743  65.472761  5.632 -100.00 -100.00 -100.00
  19    12.911 54844.91666587 13.17  52.129886  65.472148  3.495 -100.00 -100.00 -100.00
  19    12.830 54844.91666646 13.03  52.136030  65.471535  3.378 -100.00 -100.00 -100.00
  20    13.527 54854.83231387 15.91  52.120159  65.473741  4.650 -100.00 -100.00 -100.00
  20    13.263 54854.83231447 15.56  52.126303  65.473128  4.259 -100.00 -100.00 -100.00
  20    13.116 54854.83231506 15.63  52.132447  65.472514  4.914 -100.00 -100.00 -100.00
  20    13.065 54854.83231565 15.27  52.138591  65.471901  5.084 -100.00 -100.00 -100.00
  21    13.471 54864.74796283 13.98  52.122539  65.475052  3.984 -100.00 -100.00 -100.00
  21    13.128 54864.74796342 13.90  52.128684  65.474438  3.736 -100.00 -100.00 -100.00
  21    12.735 54864.74796401 14.08  52.134828  65.473825  4.149 -100.00 -100.00 -100.00
  21    12.944 54864.74796460 13.25  52.140972  65.473211  3.465 -100.00 -100.00 -100.00
  22    12.995 54874.66361138 13.62  52.123725  65.475505  4.287 -100.00 -100.00 -100.00
  22    12.609 54874.66361198 12.93  52.129870  65.474891  3.712 -100.00 -100.00 -100.00
  22    12.614 54874.66361257 12.44  52.136015  65.474278  3.023 -100.00 -100.00 -100.00
  23    13.296 54884.57925700 13.17  52.121139  65.474845  3.188  250.82  244.67  228.60
  23    12.993 54884.57925759 13.00  52.127284  65.474232  3.497  250.82  244.67  228.60
  23    12.940 54884.57925818 12.81  52.133429  65.473619  3.342  250.82  244.67  228.60
  23    12.443 54884.57925877 12.72  52.139573  65.473005  2.778  250.82  244.67  228.60
  24    13.857 54894.49489929 13.33  52.118688  65.472634  3.478 -100.00 -100.00 -100.00
  24    13.251 54894.49489988 13.68  52.124833  65.472021  4.071 -100.00 -100.00 -100.00
  24    13.054 54894.49490047 13.01  52.130977  65.471408  3.427 -100.00 -100.00 -100.00
  24    12.991 54894.49490106 12.71  52.137121  65.470794  2.977 -100.00 -100.00 -100.00
  25    14.555 54904.41053932 13.48  52.120370  65.470268  3.111 -100.00 -100.00 -100.00
  25    13.903 54904.41053991 13.02  52.126515  65.469655  2.901 -100.00 -100.00 -100.00
  25    13.254 54904.41054050 13.12  52.132658  65.469041  3.129 -100.00 -100.00 -100.00
  25    13.127 54904.41054109 12.66  52.138802  65.468427  2.838 -100.00 -100.00 -100.00
  26    14.226 54914.32617791 14.41  52.119763  65.470046  4.073  253.67  246.15  229.37
  26    13.492 54914.32617850 14.24  52.125907  65.469433  4.204  253.67  246.15  229.37
  26    13.286 54914.32617909 13.76  52.132051  65.468819  3.662  253.67  246.15  229.37
  26    13.078 54914.32617968 13.52  52.138194  65.468205  3.735  253.67  246.15  229.37
  27    13.876 54924.24181594 11.97  52.119519  65.471465  4.574 -100.00 -100.00 -100.00
  27    12.155 54924.24181653 11.83  52.125663  65.470852  4.645 -100.00 -100.00 -100.00
  27    12.054 54924.24181712 12.39  52.131807  65.470238  6.135 -100.00 -100.00 -100.00
  27    12.003 54924.24181771 12.81  52.137950  65.469625  7.104 -100.00 -100.00 -100.00
  28    14.518 54934.15745317 12.30  52.119057  65.473158  4.556 -100.00 -100.00 -100.00
  28    13.600 54934.15745376 11.83  52.125201  65.472545  3.422 -100.00 -100.00 -100.00
  28    13.657 54934.15745435 11.31  52.131345  65.471932  2.979 -100.00 -100.00 -100.00
  28    12.742 54934.15745494 11.29  52.137489  65.471319  3.031 -100.00 -100.00 -100.00
  29    11.838 54944.07308889 12.91  52.122550  65.473211  8.325 -100.00 -100.00 -100.00
  29    14.605 54944.07308948 10.42  52.128694  65.472598  5.203 -100.00 -100.00 -100.00
  29    14.714 54944.07309007  9.88  52.134838  65.471985  4.031 -100.00 -100.00 -100.00
  30    11.977 54953.98872196 16.68  52.120276  65.472250  9.410 -100.00 -100.00 -100.00
  30    11.989 54953.98872255 18.13  52.126420  65.471637 13.638 -100.00 -100.00 -100.00
  30    12.075 54953.98872314 17.02  52.132563  65.471024 12.095 -100.00 -100.00 -100.00
  30    12.011 54953.98872373 16.09  52.138707  65.470411  8.726 -100.00 -100.00 -100.00
  31    19.229 54963.90436712 35.07  52.118626  65.470501 25.775 -100.00 -100.00 -100.00
  31    12.628 54963.90436771 39.04  52.124770  65.469888   -100 -100.00 -100.00 -100.00
  31    12.584 54963.90436830 36.21  52.130912  65.469275   -100 -100.00 -100.00 -100.00
  31    12.645 54963.90436889 35.54  52.137055  65.468662 32.000 -100.00 -100.00 -100.00
  32    16.128 54973.82001595 49.29  52.123503  65.469734   -100 -100.00 -100.00 -100.00
  32    16.182 54973.82001654 50.06  52.129646  65.469121   -100 -100.00 -100.00 -100.00
  32    15.943 54973.82001713 55.11  52.135789  65.468508 14.544 -100.00 -100.00 -100.00
  33    18.924 54983.73566319 32.26  52.119941  65.471718 17.194 -100.00 -100.00 -100.00
  33    18.937 54983.73566378 28.78  52.126084  65.471105 12.239 -100.00 -100.00 -100.00
  33    18.677 54983.73566437 28.55  52.132228  65.470492 11.889 -100.00 -100.00 -100.00
  33    18.555 54983.73566496 27.17  52.138371  65.469878  8.086 -100.00 -100.00 -100.00
  34    82.579 54993.65131078 16.90  52.122214  65.473522 21.861 -100.00 -100.00 -100.00
  34    83.608 54993.65131137 16.75  52.128358  65.472909 16.746 -100.00 -100.00 -100.00
  34    92.591 54993.65131196 16.96  52.134502  65.472296 11.730 -100.00 -100.00 -100.00
  34    89.346 54993.65131255 22.50  52.140646  65.471682 18.355 -100.00 -100.00 -100.00
  35    19.266 55003.56695693 32.02  52.120603  65.474509 11.834 -100.00 -100.00 -100.00
  35    18.976 55003.56695752 29.73  52.126747  65.473896  8.116 -100.00 -100.00 -100.00
  35    19.027 55003.56695811 28.97  52.132892  65.473282  7.255 -100.00 -100.00 -100.00
  35    19.093 55003.56695870 28.15  52.139036  65.472669  5.787 -100.00 -100.00 -100.00
  36    19.208 55013.48260132 26.85  52.120765  65.474118 14.504 -100.00 -100.00 -100.00
  36    18.949 55013.48260191 24.01  52.126910  65.473505  8.533 -100.00 -100.00 -100.00
  36    18.360 55013.48260250 26.82  52.133054  65.472892 16.944 -100.00 -100.00 -100.00
  36    15.224 55013.48260309 30.96  52.139199  65.472278 29.382 -100.00 -100.00 -100.00
  37    18.877 55023.39824417 32.16  52.119176  65.473648 28.650 -100.00 -100.00 -100.00
  37    13.116 55023.39824476 29.35  52.125321  65.473035 23.256 -100.00 -100.00 -100.00
  37    13.305 55023.39824535 30.87  52.131466  65.472422 26.673 -100.00 -100.00 -100.00
  37    13.207 55023.39824594 36.24  52.137610  65.471808   -100 -100.00 -100.00 -100.00
  38    13.736 55033.31388637 38.90  52.118307  65.474240 22.906 -100.00 -100.00 -100.00
  38    14.036 55033.31388696 39.98  52.124452  65.473627 20.151 -100.00 -100.00 -100.00
  38    13.832 55033.31388755 44.18  52.130597  65.473014   -100 -100.00 -100.00 -100.00
  38    13.402 55033.31388814 45.21  52.136741  65.472401  5.085 -100.00 -100.00 -100.00
  39    13.047 55043.22952794 29.33  52.118436  65.475380 27.170 -100.00 -100.00 -100.00
  39    12.751 55043.22952853 29.33  52.124581  65.474767 31.758 -100.00 -100.00 -100.00
  39    12.680 55043.22952912 28.40  52.130726  65.474153 23.989 -100.00 -100.00 -100.00
  39    13.075 55043.22952971 32.28  52.136870  65.473540 30.616 -100.00 -100.00 -100.00
  40    12.151 55053.14516847 27.33  52.124007  65.475510 23.009  266.61  265.57  263.99
  40    12.292 55053.14516906 26.80  52.130152  65.474898 24.292  266.61  265.57  263.99
  40    12.227 55053.14516965 29.63  52.136297  65.474284   -100  266.61  265.57  263.99
  41    11.750 55063.06080589 32.08  52.119348  65.475002 31.602 -100.00 -100.00 -100.00
  41    12.142 55063.06080648 29.92  52.125493  65.474389 24.112 -100.00 -100.00 -100.00
  41    12.359 55063.06080707 31.09  52.131638  65.473777 27.601 -100.00 -100.00 -100.00
  41    12.377 55063.06080766 34.21  52.137782  65.473163   -100 -100.00 -100.00 -100.00
  42    11.778 55072.97645107 28.84  52.122528  65.472469 26.907 -100.00 -100.00 -100.00
  42    12.103 55072.97645166 27.55  52.128671  65.471856 23.524 -100.00 -100.00 -100.00
  42    12.140 55072.97645225 33.42  52.134815  65.471243   -100 -100.00 -100.00 -100.00
  43    11.805 55082.89209933 30.62  52.121443  65.470557   -100 -100.00 -100.00 -100.00
  43    12.167 55082.89209992 28.15  52.127587  65.469944 22.647 -100.00 -100.00 -100.00
  43    12.190 55082.89210051 29.78  52.133730  65.469331 28.024 -100.00 -100.00 -100.00
  43    12.266 55082.89210110 32.05  52.139873  65.468718   -100 -100.00 -100.00 -100.00
  44    12.113 55092.80774615 27.08  52.123004  65.470052 20.615  262.76  261.81  260.26
  44    12.078 55092.80774674 32.81  52.129147  65.469439   -100  262.76  261.81  260.26
  44    12.263 55092.80774733 31.20  52.135290  65.468825   -100  262.76  261.81  260.26
  45    13.007 55102.72339231 34.74  52.120946  65.471120 24.179  258.00  256.75  255.51
  45    13.056 55102.72339290 34.11  52.127090  65.470507 19.301  258.00  256.75  255.51
  45    12.977 55102.72339349 33.64  52.133233  65.469894 19.601  258.00  256.75  255.51
  45    12.564 55102.72339408 37.72  52.139376  65.469280   -100  258.00  256.75  255.51
  46    18.998 55112.63903822 25.98  52.119594  65.472320 13.083 -100.00 -100.00 -100.00
  46    18.776 55112.63903881 25.30  52.125738  65.471707 12.537 -100.00 -100.00 -100.00
  46    18.645 55112.63903940 24.00  52.131882  65.471094 10.787 -100.00 -100.00 -100.00
  46    13.921 55112.63903999 30.82  52.138026  65.470480   -100 -100.00 -100.00 -100.00
  47    18.809 55122.55468204 27.38  52.120331  65.472181  8.303 -100.00 -100.00 -100.00
  47    18.527 55122.55468263 28.13  52.126476  65.471568  8.639 -100.00 -100.00 -100.00
  47    14.124 55122.55468322 35.16  52.132620  65.470955 29.351 -100.00 -100.00 -100.00
  47    14.314 55122.55468381 36.93  52.138764  65.470341 28.229 -100.00 -100.00 -100.00
  48    13.150 55132.47032266 39.97  52.117466  65.471382 27.383 -100.00 -100.00 -100.00
  48    13.223 55132.47032325 42.18  52.123611  65.470769 27.197 -100.00 -100.00 -100.00
  48    13.037 55132.47032385 45.33  52.129755  65.470156   -100 -100.00 -100.00 -100.00
  48    12.532 55132.47032444 48.49  52.135899  65.469542 30.959 -100.00 -100.00 -100.00
  49    12.058 55142.38596170 26.76  52.118987  65.470021 15.367 -100.00 -100.00 -100.00
  49    12.028 55142.38596229 28.04  52.125131  65.469408 19.360 -100.00 -100.00 -100.00
  49    12.149 55142.38596288 28.77  52.131275  65.468794 20.376 -100.00 -100.00 -100.00
  49    12.041 55142.38596347 25.14  52.137419  65.468181 13.451 -100.00 -100.00 -100.00
  50    12.430 55152.30160013 36.31  52.120763  65.470088 31.122 -100.00 -100.00 -100.00
  50    12.506 55152.30160072 38.00  52.126907  65.469475   -100 -100.00 -100.00 -100.00
  50    11.989 55152.30160131 41.29  52.133051  65.468862  8.061 -100.00 -100.00 -100.00
  50    12.106 55152.30160190 33.68  52.139195  65.468248   -100 -100.00 -100.00 -100.00
  51    13.099 55162.21723839 30.39  52.118341  65.471961 20.516 -100.00 -100.00 -100.00
  51    13.117 55162.21723898 35.44  52.124485  65.471348 30.846 -100.00 -100.00 -100.00
  51    12.919 55162.21723957 35.40  52.130630  65.470735   -100 -100.00 -100.00 -100.00
  51    12.864 55162.21724016 30.03  52.136774  65.470121 17.799 -100.00 -100.00 -100.00
  52    12.804 55172.13287668 30.08  52.120143  65.473762 22.342 -100.00 -100.00 -100.00
  52    13.017 55172.13287727 33.23  52.126288  65.473149   -100 -100.00 -100.00 -100.00
  52    12.955 55172.13287786 28.01  52.132432  65.472536 15.547 -100.00 -100.00 -100.00
  52    12.894 55172.13287845 26.58  52.138577  65.471923 13.355 -100.00 -100.00 -100.00
  53    12.601 55182.04851314 25.95  52.118916  65.475066 19.692  245.64  240.46  232.06
  53    13.054 55182.04851373 27.97  52.125061  65.474454 19.111  245.64  240.46  232.06
  53    12.712 55182.04851432 29.13  52.131206  65.473841 30.030  245.64  240.46  232.06
  53    12.493 55182.04851491 25.08  52.137351  65.473228 18.914  245.64  240.46  232.06
  54    12.717 55191.96416357 16.89  52.119492  65.474647  5.935 -100.00 -100.00 -100.00
  54    12.355 55191.96416416 25.87  52.125636  65.474034 24.992 -100.00 -100.00 -100.00
  54    12.376 55191.96416475 25.65  52.131781  65.473421 22.790 -100.00 -100.00 -100.00
  54    12.122 55191.96416534 19.91  52.137925  65.472807 11.212 -100.00 -100.00 -100.00
  55    14.139 55201.87981395 14.41  52.122029  65.474137  3.934 -100.00 -100.00 -100.00
  55    12.300 55201.87981454 14.35  52.128174  65.473524  4.585 -100.00 -100.00 -100.00
  55    13.139 55201.87981513 13.82  52.134318  65.472911  3.683 -100.00 -100.00 -100.00
  55    12.695 55201.87981572 13.59  52.140462  65.472297  3.561 -100.00 -100.00 -100.00
  56    14.299 55211.79546347 13.48  52.122753  65.474272  3.665  250.30  243.56  227.98
  56    13.912 55211.79546406 13.56  52.128897  65.473658  3.919  250.30  243.56  227.98
  56    12.444 55211.79546465 13.04  52.135041  65.473045  3.423  250.30  243.56  227.98
  57    13.904 55221.71111235 14.52  52.121841  65.474678  4.608 -100.00 -100.00 -100.00
  57    12.441 55221.71111294 13.73  52.127985  65.474064  3.540 -100.00 -100.00 -100.00
  57    12.790 55221.71111353 13.10  52.134130  65.473451  3.830 -100.00 -100.00 -100.00
  57    12.480 55221.71111412 13.28  52.140274  65.472837  3.783 -100.00 -100.00 -100.00
  58    12.958 55231.62676027 12.71  52.122967  65.473871  3.253 -100.00 -100.00 -100.00
  58    12.820 55231.62676086 12.93  52.129111  65.473258  3.311 -100.00 -100.00 -100.00
  58    12.928 55231.62676145 12.61  52.135256  65.472644  3.019 -100.00 -100.00 -100.00
  59    13.929 55241.54240485 13.47  52.122260  65.472579  3.954 -100.00 -100.00 -100.00
  59    13.774 55241.54240544 13.30  52.128404  65.471965  3.337 -100.00 -100.00 -100.00
  59    13.208 55241.54240603 13.00  52.134548  65.471352  3.302 -100.00 -100.00 -100.00
  59    12.760 55241.54240662 12.89  52.140692  65.470738  3.521 -100.00 -100.00 -100.00
  60    14.020 55251.45804611 12.93  52.123051  65.470886  3.191 -100.00 -100.00 -100.00
  60    12.902 55251.45804670 12.53  52.129195  65.470273  2.921 -100.00 -100.00 -100.00
  60    13.223 55251.45804729 12.39  52.135339  65.469659  3.125 -100.00 -100.00 -100.00
  61    12.879 55261.37368468 13.10  52.119443  65.470384  4.673  256.63  247.37  226.97
  61    13.353 55261.37368527 13.23  52.125587  65.469771  5.484  256.63  247.37  226.97
  61    12.828 55261.37368586 12.06  52.131731  65.469157  4.034  256.63  247.37  226.97
  61    12.851 55261.37368645 11.57  52.137875  65.468543  3.152  256.63  247.37  226.97
  62    12.652 55271.28932293 13.10  52.122252  65.470619  4.625  252.79  241.83  219.99
  62    12.713 55271.28932353 13.22  52.128396  65.470006  4.859  252.79  241.83  219.99
  62    12.713 55271.28932412 12.91  52.134540  65.469393  4.727  252.79  241.83  219.99
  63    13.523 55281.20496085 13.24  52.122460  65.471516  5.839 -100.00 -100.00 -100.00
  63    12.847 55281.20496144 12.10  52.128604  65.470903  3.620 -100.00 -100.00 -100.00
  63    12.531 55281.20496203 12.68  52.134748  65.470289  5.307 -100.00 -100.00 -100.00
  64    11.967 55291.12059752 26.27  52.121808  65.472112   -100  262.67  258.47  245.98
  64    12.463 55291.12059811 27.80  52.127952  65.471499   -100  262.67  258.47  245.98
  64    12.549 55291.12059870 29.17  52.134095  65.470886   -100  262.67  258.47  245.98
  64    12.791 55291.12059929 31.30  52.140239  65.470272   -100  262.67  258.47  245.98
  65    12.070 55301.03623208 20.67  52.122772  65.471890 13.887 -100.00 -100.00 -100.00
  65    12.715 55301.03623268 20.13  52.128916  65.471277 11.848 -100.00 -100.00 -100.00
  65    12.625 55301.03623327 23.39  52.135059  65.470664 20.010 -100.00 -100.00 -100.00
  66    12.572 55310.95187905 30.32  52.123003  65.470817 20.384 -100.00 -100.00 -100.00
  66    12.521 55310.95187964 30.74  52.129146  65.470204 22.655 -100.00 -100.00 -100.00
  66    12.400 55310.95188023 29.82  52.135289  65.469591 21.885 -100.00 -100.00 -100.00
  67    16.899 55320.86752429 47.22  52.119620  65.470648   -100 -100.00 -100.00 -100.00
  67    16.793 55320.86752489 49.47  52.125763  65.470035 12.096 -100.00 -100.00 -100.00
  67    16.932 55320.86752548 51.35  52.131905  65.469422   -100 -100.00 -100.00 -100.00
  67    16.751 55320.86752607 53.05  52.138048  65.468809 26.467 -100.00 -100.00 -100.00
  68    18.336 55330.78316877 46.20  52.120650  65.471044   -100  255.80  256.14  253.34
  68    18.317 55330.78316936 48.32  52.126794  65.470431   -100  255.80  256.14  253.34
  68    18.184 55330.78316995 49.01  52.132936  65.469818   -100  255.80  256.14  253.34
  68    18.234 55330.78317054 42.48  52.139079  65.469205 26.474  255.80  256.14  253.34
  69    19.102 55340.69881277 43.80  52.118050  65.472577   -100 -100.00 -100.00 -100.00
  69    19.061 55340.69881336 42.38  52.124194  65.471964 31.905 -100.00 -100.00 -100.00
  69    18.994 55340.69881395 46.61  52.130337  65.471351   -100 -100.00 -100.00 -100.00
  69    19.115 55340.69881454 46.30  52.136480  65.470737   -100 -100.00 -100.00 -100.00
  70    19.098 55350.61445711 25.32  52.121279  65.473313  9.297 -100.00 -100.00 -100.00
  70    17.784 55350.61445770 28.01  52.127423  65.472700 18.360 -100.00 -100.00 -100.00
  70    14.223 55350.61445829 32.29  52.133567  65.472087   -100 -100.00 -100.00 -100.00
  70    14.771 55350.61445888 34.36  52.139711  65.471474 27.933 -100.00 -100.00 -100.00
  71    19.072 55360.53009914 25.04  52.122202  65.473799  8.123 -100.00 -100.00 -100.00
  71    18.800 55360.53009973 22.80  52.128346  65.473186  5.634 -100.00 -100.00 -100.00
  71    18.545 55360.53010032 23.06  52.134490  65.472573  7.893 -100.00 -100.00 -100.00
  71    18.114 55360.53010091 24.58  52.140634  65.471959 10.795 -100.00 -100.00 -100.00
  72    14.771 55370.44573908 36.38  52.123618  65.473890 29.851 -100.00 -100.00 -100.00
  72    14.611 55370.44573967 38.26  52.129762  65.473277   -100 -100.00 -100.00 -100.00
  72    14.609 55370.44574026 42.28  52.135907  65.472663   -100 -100.00 -100.00 -100.00
  73    14.055 55380.36137706 30.33  52.119767  65.474768 12.382 -100.00 -100.00 -100.00
  73    13.934 55380.36137765 29.48  52.125912  65.474156 10.259 -100.00 -100.00 -100.00
  73    14.079 55380.36137824 32.40  52.132056  65.473542 15.933 -100.00 -100.00 -100.00
  73    14.188 55380.36137883 38.24  52.138201  65.472929 28.933 -100.00 -100.00 -100.00
  74    13.897 55390.27701508 34.38  52.123699  65.475140 21.780 -100.00 -100.00 -100.00
  74    13.856 55390.27701567 33.04  52.129844  65.474527 17.829 -100.00 -100.00 -100.00
  74    14.130 55390.27701626 38.95  52.135989  65.473914 30.303 -100.00 -100.00 -100.00
  75    12.861 55400.19265141 31.08  52.121188  65.475680 32.051 -100.00 -100.00 -100.00
  75    12.577 55400.19265200 34.42  52.127333  65.475067   -100 -100.00 -100.00 -100.00
  75    12.634 55400.19265259 34.18  52.133478  65.474454   -100 -100.00 -100.00 -100.00
  75    12.749 55400.19265318 34.41  52.139622  65.473841   -100 -100.00 -100.00 -100.00
  76    12.170 55410.10829946 37.36  52.122499  65.474301 22.106 -100.00 -100.00 -100.00
  76    13.111 55410.10830005 41.42  52.128644  65.473688 20.083 -100.00 -100.00 -100.00
  76    12.240 55410.10830064 53.34  52.134788  65.473075  6.829 -100.00 -100.00 -100.00
  76    12.406 55410.10830123 38.80  52.140932  65.472462   -100 -100.00 -100.00 -100.00
  77    12.615 55420.02394949 34.49  52.118101  65.472456 20.712 -100.00 -100.00 -100.00
  77    11.727 55420.02395008 36.54  52.124245  65.471843 29.493 -100.00 -100.00 -100.00
  77    12.838 55420.02395067 41.31  52.130389  65.471230 22.650 -100.00 -100.00 -100.00
  77    11.799 55420.02395126 44.37  52.136532  65.470617 27.924 -100.00 -100.00 -100.00
  78    12.206 55429.93959706 31.49  52.121978  65.470381 31.974 -100.00 -100.00 -100.00
  78    11.903 55429.93959766 31.72  52.128122  65.469768   -100 -100.00 -100.00 -100.00
  78    12.066 55429.93959825 31.19  52.134264  65.469155   -100 -100.00 -100.00 -100.00
  79    13.148 55439.85524144 38.02  52.119642  65.470599 24.841  260.51  258.89  257.79
  79    13.397 55439.85524203 40.27  52.125785  65.469986 23.595  260.51  258.89  257.79
  79    12.753 55439.85524262 45.27  52.131928  65.469373   -100  260.51  258.89  257.79
  79    12.543 55439.85524321 39.90  52.138071  65.468759   -100  260.51  258.89  257.79
  80    19.045 55449.77088433 23.85  52.118019  65.471827 11.794 -100.00 -100.00 -100.00
  80    12.542 55449.77088492 25.47  52.124163  65.471214 17.540 -100.00 -100.00 -100.00
  80    12.381 55449.77088551 27.64  52.130306  65.470601 24.997 -100.00 -100.00 -100.00
  80    12.507 55449.77088610 28.69  52.136450  65.469988 27.228 -100.00 -100.00 -100.00
  81    13.938 55459.68652701 39.19  52.118687  65.472476 19.550 -100.00 -100.00 -100.00
  81    14.272 55459.68652760 40.14  52.124831  65.471863 15.837 -100.00 -100.00 -100.00
  81    13.243 55459.68652819 47.53  52.130975  65.471249  3.698 -100.00 -100.00 -100.00
  81    13.254 55459.68652878 39.65  52.137119  65.470636   -100 -100.00 -100.00 -100.00
  82    19.266 55469.60216868 27.83  52.117759  65.472181 15.856 -100.00 -100.00 -100.00
  82    18.789 55469.60216927 25.62  52.123903  65.471568 10.819 -100.00 -100.00 -100.00
  82    18.709 55469.60216986 24.09  52.130047  65.470955  9.811 -100.00 -100.00 -100.00
  82    18.551 55469.60217045 22.91  52.136191  65.470341  6.861 -100.00 -100.00 -100.00
  83    12.890 55479.51780785 36.95  52.123203  65.470628   -100 -100.00 -100.00 -100.00
  83    13.184 55479.51780844 32.98  52.129347  65.470015 27.992 -100.00 -100.00 -100.00
  83    13.282 55479.51780903 31.73  52.135491  65.469402 26.688 -100.00 -100.00 -100.00
  84    19.173 55489.43344328 28.07  52.118671  65.470566 12.590 -100.00 -100.00 -100.00
  84    18.733 55489.43344387 29.66  52.124815  65.469953 16.538 -100.00 -100.00 -100.00
  84    17.948 55489.43344446 28.79  52.130960  65.469340 15.403 -100.00 -100.00 -100.00
  84    16.810 55489.43344505 30.80  52.137103  65.468727 22.353 -100.00 -100.00 -100.00
  85    13.775 55499.34907706 43.85  52.120470  65.471040   -100 -100.00 -100.00 -100.00
  85    14.112 55499.34907765 46.35  52.126615  65.470427 30.217 -100.00 -100.00 -100.00
  85    13.617 55499.34907824 48.80  52.132759  65.469814   -100 -100.00 -100.00 -100.00
  85    13.192 55499.34907883 40.84  52.138903  65.469201   -100 -100.00 -100.00 -100.00
  86    13.851 55509.26471710 41.15  52.118750  65.472661 31.330 -100.00 -100.00 -100.00
  86    13.772 55509.26471769 43.23  52.124895  65.472048   -100 -100.00 -100.00 -100.00
  86    13.684 55509.26471828 45.69  52.131040  65.471435   -100 -100.00 -100.00 -100.00
  86    13.314 55509.26471887 46.96  52.137184  65.470822 20.814 -100.00 -100.00 -100.00
  87    13.921 55519.18036715 40.22  52.119228  65.473556 28.746 -100.00 -100.00 -100.00
  87    14.069 55519.18036774 42.48  52.125373  65.472943 30.349 -100.00 -100.00 -100.00
  87    13.740 55519.18036833 45.68  52.131518  65.472330   -100 -100.00 -100.00 -100.00
  87    13.418 55519.18036892 42.27  52.137662  65.471717   -100 -100.00 -100.00 -100.00
  88    14.725 55529.09601613 26.68  52.117978  65.474128 11.430 -100.00 -100.00 -100.00
  88    14.789 55529.09601672 30.23  52.124123  65.473515 19.709 -100.00 -100.00 -100.00
  88    14.561 55529.09601731 32.78  52.130268  65.472902   -100 -100.00 -100.00 -100.00
  88    14.820 55529.09601790 34.52  52.136412  65.472289   -100 -100.00 -100.00 -100.00
  89    14.399 55539.01166356 22.25  52.119071  65.473871  7.273 -100.00 -100.00 -100.00
  89    14.378 55539.01166415 22.77  52.125215  65.473259  7.561 -100.00 -100.00 -100.00
  89    14.293 55539.01166475 23.84  52.131360  65.472645 10.383 -100.00 -100.00 -100.00
  89    14.313 55539.01166534 21.41  52.137503  65.472032  6.924 -100.00 -100.00 -100.00
  90    14.216 55548.92730882 19.71  52.121089  65.473643  5.543 -100.00 -100.00 -100.00
  90    14.179 55548.92730941 19.07  52.127233  65.473030  5.393 -100.00 -100.00 -100.00
  90    13.978 55548.92731000 20.25  52.133378  65.472417  6.567 -100.00 -100.00 -100.00
  90    13.710 55548.92731059 20.25  52.139521  65.471803  7.211 -100.00 -100.00 -100.00
  91    13.863 55558.84295186 19.30  52.118646  65.474408  6.683 -100.00 -100.00 -100.00
  91    13.881 55558.84295245 18.07  52.124791  65.473796  5.478 -100.00 -100.00 -100.00
  91    13.665 55558.84295304 18.20  52.130935  65.473182  5.055 -100.00 -100.00 -100.00
  91    13.674 55558.84295363 17.97  52.137079  65.472569  5.282 -100.00 -100.00 -100.00
  92    13.421 55568.75859434 18.27  52.119824  65.475217  5.308 -100.00 -100.00 -100.00
  92    13.575 55568.75859493 17.86  52.125969  65.474604  5.511 -100.00 -100.00 -100.00
  92    13.436 55568.75859552 17.45  52.132113  65.473990  4.887 -100.00 -100.00 -100.00
  92    13.380 55568.75859611 17.03  52.138258  65.473377  4.745 -100.00 -100.00 -100.00
  93    13.411 55578.67423604 17.20  52.121700  65.475051  5.258 -100.00 -100.00 -100.00
  93    13.082 55578.67423663 16.44  52.127845  65.474438  5.103 -100.00 -100.00 -100.00
  93    13.087 55578.67423723 16.51  52.133990  65.473824  5.453 -100.00 -100.00 -100.00
  93    13.075 55578.67423782 16.08  52.140134  65.473211  4.787 -100.00 -100.00 -100.00
  94    14.195 55588.58987489 15.82  52.117960  65.473890  4.626 -100.00 -100.00 -100.00
  94    13.786 55588.58987548 16.58  52.124105  65.473277  5.903 -100.00 -100.00 -100.00
  94    13.225 55588.58987607 15.34  52.130250  65.472664  4.423 -100.00 -100.00 -100.00
  94    12.836 55588.58987666 15.41  52.136394  65.472051  4.611 -100.00 -100.00 -100.00
  95    14.556 55598.50551128 14.91  52.119851  65.471481  3.702 -100.00 -100.00 -100.00
  95    13.293 55598.50551187 15.09  52.125995  65.470868  4.650 -100.00 -100.00 -100.00
  95    13.670 55598.50551246 14.25  52.132140  65.470255  3.329 -100.00 -100.00 -100.00
  95    13.044 55598.50551305 13.99  52.138284  65.469642  3.406 -100.00 -100.00 -100.00
  96    14.345 55608.42114504 14.90  52.121467  65.470195  4.797 -100.00 -100.00 -100.00
  96    14.025 55608.42114563 14.94  52.127612  65.469582  4.563 -100.00 -100.00 -100.00
  96    13.718 55608.42114622 13.84  52.133756  65.468969  3.350 -100.00 -100.00 -100.00
  96    12.720 55608.42114681 14.08  52.139899  65.468356  3.889 -100.00 -100.00 -100.00
  97    14.110 55618.33677675 13.97  52.121583  65.471023  3.522  252.93  244.20  224.80
  97    13.904 55618.33677734 14.96  52.127728  65.470411  4.626  252.93  244.20  224.80
  97    13.439 55618.33677793 13.98  52.133872  65.469798  3.208  252.93  244.20  224.80
  97    13.000 55618.33677852 13.48  52.140016  65.469185  2.981  252.93  244.20  224.80
  98    14.113 55628.25242355 13.85  52.120594  65.472929  3.466  256.36  248.34  229.92
  98    13.208 55628.25242414 14.03  52.126739  65.472316  3.765  256.36  248.34  229.92
  98    13.029 55628.25242473 14.02  52.132883  65.471703  5.015  256.36  248.34  229.92
  98    12.748 55628.25242532 13.58  52.139028  65.471090  3.592  256.36  248.34  229.92
  99    13.999 55638.16807477 13.83  52.119992  65.473677  3.756 -100.00 -100.00 -100.00
  99    13.460 55638.16807536 13.61  52.126136  65.473064  4.138 -100.00 -100.00 -100.00
  99    13.407 55638.16807595 12.70  52.132281  65.472451  3.163 -100.00 -100.00 -100.00
  99    12.415 55638.16807654 12.99  52.138425  65.471838  3.660 -100.00 -100.00 -100.00
 100    14.211 55648.08372391 12.47  52.118539  65.472780  3.215  254.18  244.70  223.49
 100    13.654 55648.08372450 12.36  52.124683  65.472167  3.239  254.18  244.70  223.49
 100    12.709 55648.08372509 12.24  52.130827  65.471554  3.348  254.18  244.70  223.49
 100    12.972 55648.08372568 12.21  52.136971  65.470941  3.376  254.18  244.70  223.49
 101    12.661 55657.99937053 36.56  52.121426  65.470382   -100 -100.00 -100.00 -100.00
 101    12.356 55657.99937112 39.33  52.127570  65.469769   -100 -100.00 -100.00 -100.00
 101    12.345 55657.99937171 39.68  52.133713  65.469156   -100 -100.00 -100.00 -100.00
 101    13.070 55657.99937230 36.21  52.139855  65.468543   -100 -100.00 -100.00 -100.00
 102    12.610 55667.91501269 27.05  52.120964  65.469429 21.539 -100.00 -100.00 -100.00
 102    12.602 55667.91501328 27.41  52.127107  65.468816 23.364 -100.00 -100.00 -100.00
 102    14.899 55667.91501387 23.27  52.133249  65.468203 10.527 -100.00 -100.00 -100.00
 102    14.645 55667.91501446 26.03  52.139392  65.467589 17.103 -100.00 -100.00 -100.00
 103    18.701 55677.83065193 34.73  52.118947  65.470742 26.730 -100.00 -100.00 -100.00
 103    18.617 55677.83065252 33.82  52.125090  65.470129 24.327 -100.00 -100.00 -100.00
 103    15.570 55677.83065311 36.06  52.131233  65.469516 29.949 -100.00 -100.00 -100.00
 103    15.508 55677.83065370 39.27  52.137376  65.468903   -100 -100.00 -100.00 -100.00
 104    17.288 55687.74628980 47.66  52.123702  65.472640   -100 -100.00 -100.00 -100.00
 104    17.173 55687.74629039 51.58  52.129846  65.472027  3.104 -100.00 -100.00 -100.00
 104    17.095 55687.74629098 54.71  52.135989  65.471414 19.210 -100.00 -100.00 -100.00
 105    19.188 55697.66192571 29.15  52.121151  65.474743  6.325 -100.00 -100.00 -100.00
 105    18.628 55697.66192630 30.81  52.127296  65.474130 11.668 -100.00 -100.00 -100.00
 105    18.404 55697.66192689 28.54  52.133440  65.473517  8.409 -100.00 -100.00 -100.00
 105    18.154 55697.66192748 27.40  52.139584  65.472904  6.374 -100.00 -100.00 -100.00
 106    19.193 55707.57756087 29.98  52.120025  65.475225  9.671 -100.00 -100.00 -100.00
 106    18.588 55707.57756146 31.05  52.126170  65.474612 12.766 -100.00 -100.00 -100.00
 106    18.149 55707.57756205 31.53  52.132315  65.473999 13.560 -100.00 -100.00 -100.00
 106    16.734 55707.57756264 37.84  52.138459  65.473386   -100 -100.00 -100.00 -100.00
 107    18.698 55717.49321224 29.20  52.121432  65.474040  6.922 -100.00 -100.00 -100.00
 107    18.563 55717.49321283 29.00  52.127577  65.473427  6.720 -100.00 -100.00 -100.00
 107    18.504 55717.49321342 28.24  52.133722  65.472814  6.038 -100.00 -100.00 -100.00
 107    18.534 55717.49321401 28.07  52.139866  65.472201  6.475 -100.00 -100.00 -100.00
 108    18.902 55727.40886099 20.64  52.124023  65.473309  5.990 -100.00 -100.00 -100.00
 108    18.657 55727.40886158 20.36  52.130167  65.472696  6.292 -100.00 -100.00 -100.00
 108    18.514 55727.40886217 19.84  52.136311  65.472083  6.359 -100.00 -100.00 -100.00
 109    16.880 55737.32450782 22.32  52.123937  65.473956 12.483  280.63  279.32  277.20
 109    13.825 55737.32450841 28.35  52.130081  65.473343 28.379  280.63  279.32  277.20
 109    14.306 55737.32450900 28.42  52.136226  65.472730 22.867  280.63  279.32  277.20
 110    12.827 55747.24015311 31.06  52.120866  65.475208   -100 -100.00 -100.00 -100.00
 110    12.780 55747.24015370 28.13  52.127011  65.474595 29.182 -100.00 -100.00 -100.00
 110    12.805 55747.24015430 32.58  52.133155  65.473982   -100 -100.00 -100.00 -100.00
 110    12.802 55747.24015489 32.49  52.139300  65.473368   -100 -100.00 -100.00 -100.00
 111    12.047 55757.15579659 30.37  52.120032  65.475150 27.656  271.09  269.40  267.85
 111    12.136 55757.15579718 29.24  52.126177  65.474537 21.392  271.09  269.40  267.85
 111    12.239 55757.15579777 30.43  52.132321  65.473924 25.665  271.09  269.40  267.85
 111    12.376 55757.15579836 33.59  52.138465  65.473310   -100  271.09  269.40  267.85
 112    11.793 55767.07143752 29.60  52.119092  65.473534   -100 -100.00 -100.00 -100.00
 112    11.835 55767.07143811 29.69  52.125236  65.472922   -100 -100.00 -100.00 -100.00
 112    12.108 55767.07143870 27.60  52.131380  65.472309 30.023 -100.00 -100.00 -100.00
 112    12.474 55767.07143929 31.95  52.137523  65.471695   -100 -100.00 -100.00 -100.00
 113    12.007 55776.98707579 26.33  52.121495  65.470905 21.741  265.49  264.59  262.89
 113    12.071 55776.98707638 25.16  52.127638  65.470292 18.072  265.49  264.59  262.89
 113    12.155 55776.98707697 30.39  52.133782  65.469679   -100  265.49  264.59  262.89
 113    12.300 55776.98707756 28.25  52.139925  65.469066 27.010  265.49  264.59  262.89
 114    12.411 55786.90271085 37.44  52.119146  65.469878 17.063  262.24  261.55  259.84
 114    12.249 55786.90271144 40.47  52.125290  65.469265 21.837  262.24  261.55  259.84
 114    11.706 55786.90271203 46.81  52.131433  65.468652   -100  262.24  261.55  259.84
 114    12.236 55786.90271262 37.37  52.137575  65.468039   -100  262.24  261.55  259.84
 115    11.666 55796.81834462 29.51  52.122529  65.470766 30.442  262.77  261.57  259.79
 115    12.124 55796.81834521 26.30  52.128672  65.470153 18.518  262.77  261.57  259.79
 115    12.137 55796.81834580 32.65  52.134815  65.469540   -100  262.77  261.57  259.79
 116    11.713 55806.73398633 29.65  52.122574  65.472762 28.159 -100.00 -100.00 -100.00
 116    12.107 55806.73398692 27.13  52.128718  65.472150 23.253 -100.00 -100.00 -100.00
 116    12.209 55806.73398751 30.72  52.134862  65.471537   -100 -100.00 -100.00 -100.00
 117    11.491 55816.64963541 34.83  52.124115  65.473722 23.060  268.95  268.29  267.02
 117    11.920 55816.64963600 35.53  52.130259  65.473109 28.504  268.95  268.29  267.02
 117    12.038 55816.64963659 35.22  52.136404  65.472496 25.073  268.95  268.29  267.02
 118    12.415 55826.56528064 24.57  52.118030  65.473281 10.321 -100.00 -100.00 -100.00
 118    11.835 55826.56528123 28.19  52.124175  65.472669 21.399 -100.00 -100.00 -100.00
 118    12.219 55826.56528182 26.99  52.130319  65.472056 17.708 -100.00 -100.00 -100.00
 118    12.267 55826.56528241 27.67  52.136464  65.471443 17.400 -100.00 -100.00 -100.00
 119    12.484 55836.48092205 25.86  52.117480  65.471465 12.997  264.05  262.75  263.14
 119    12.239 55836.48092264 25.96  52.123625  65.470852 14.572  264.05  262.75  263.14
 119    11.928 55836.48092323 31.62  52.129769  65.470239   -100  264.05  262.75  263.14
 119    12.212 55836.48092383 31.63  52.135913  65.469626 26.729  264.05  262.75  263.14
 120    18.770 55846.39656045 25.88  52.119604  65.470046 16.386 -100.00 -100.00 -100.00
 120    18.231 55846.39656104 25.89  52.125749  65.469434 17.959 -100.00 -100.00 -100.00
 120    12.449 55846.39656163 26.58  52.131893  65.468821 19.627 -100.00 -100.00 -100.00
 120    12.309 55846.39656222 30.46  52.138037  65.468207   -100 -100.00 -100.00 -100.00
 121    18.951 55856.31219584 25.08  52.117921  65.471590 11.793 -100.00 -100.00 -100.00
 121    18.590 55856.31219643 23.71  52.124066  65.470978 11.655 -100.00 -100.00 -100.00
 121    18.515 55856.31219702 22.91  52.130210  65.470365  9.967 -100.00 -100.00 -100.00
 121    17.536 55856.31219761 27.09  52.136355  65.469752 21.206 -100.00 -100.00 -100.00
 122    13.804 55866.22783854 40.42  52.119314  65.473839 30.564 -100.00 -100.00 -100.00
 122    13.968 55866.22783913 42.60  52.125460  65.473227   -100 -100.00 -100.00 -100.00
 122    13.906 55866.22783972 46.78  52.131605  65.472614   -100 -100.00 -100.00 -100.00
 122    13.381 55866.22784031 48.51  52.137749  65.472001 24.878 -100.00 -100.00 -100.00
 123    12.446 55876.14349153 44.69  52.124471  65.474999   -100 -100.00 -100.00 -100.00
 123    12.319 55876.14349212 46.73  52.130616  65.474386   -100 -100.00 -100.00 -100.00
 123    12.330 55876.14349271 45.77  52.136761  65.473772   -100 -100.00 -100.00 -100.00
 124    13.357 55886.05913805 33.15  52.123997  65.475063 25.767 -100.00 -100.00 -100.00
 124    13.189 55886.05913864 35.83  52.130142  65.474451   -100 -100.00 -100.00 -100.00
 124    12.984 55886.05913923 37.64  52.136287  65.473837   -100 -100.00 -100.00 -100.00
 125    13.445 55895.97477863 24.06  52.121744  65.474464 10.494 -100.00 -100.00 -100.00
 125    13.417 55895.97477922 30.48  52.127889  65.473851 25.637 -100.00 -100.00 -100.00
 125    13.124 55895.97477981 27.27  52.134033  65.473238 19.285 -100.00 -100.00 -100.00
 125    13.005 55895.97478040 22.56  52.140177  65.472624  9.718 -100.00 -100.00 -100.00
 126    13.019 55905.89041406 23.87  52.120330  65.474003 12.750 -100.00 -100.00 -100.00
 126    12.884 55905.89041465 26.27  52.126474  65.473391 20.880 -100.00 -100.00 -100.00
 126    12.915 55905.89041524 23.48  52.132619  65.472778 12.827 -100.00 -100.00 -100.00
 126    12.663 55905.89041583 23.23  52.138763  65.472165 14.006 -100.00 -100.00 -100.00
 127    13.198 55915.80605725 17.34  52.119596  65.474433  5.992 -100.00 -100.00 -100.00
 127    12.799 55915.80605784 21.12  52.125741  65.473820 12.173 -100.00 -100.00 -100.00
 127    12.824 55915.80605843 20.57  52.131885  65.473207 10.816 -100.00 -100.00 -100.00
 127    12.641 55915.80605902 18.78  52.138029  65.472594  7.951 -100.00 -100.00 -100.00
 128    12.272 55925.72171081 24.09  52.119374  65.475010 16.149 -100.00 -100.00 -100.00
 128    12.562 55925.72171140 23.32  52.125519  65.474397 12.437 -100.00 -100.00 -100.00
 128    12.466 55925.72171199 22.29  52.131664  65.473784 12.076 -100.00 -100.00 -100.00
 128    12.514 55925.72171258 20.11  52.137808  65.473171  8.420 -100.00 -100.00 -100.00
 129    12.322 55935.63736140 23.35  52.122184  65.474728 17.094 -100.00 -100.00 -100.00
 129    12.167 55935.63736200 24.85  52.128328  65.474115 20.436 -100.00 -100.00 -100.00
 129    12.258 55935.63736259 22.76  52.134473  65.473502 15.614 -100.00 -100.00 -100.00
 129    12.222 55935.63736318 21.87  52.140618  65.472889 12.978 -100.00 -100.00 -100.00
 130    12.183 55945.55300660 18.62  52.117971  65.473341 11.003 -100.00 -100.00 -100.00
 130    14.151 55945.55300719 17.11  52.124116  65.472728  7.269 -100.00 -100.00 -100.00
 130    12.431 55945.55300778 16.14  52.130261  65.472115  7.290 -100.00 -100.00 -100.00
 130    12.241 55945.55300837 16.67  52.136405  65.471502  7.406 -100.00 -100.00 -100.00
 131    13.403 55955.46864819 16.17  52.121890  65.470445  6.578 -100.00 -100.00 -100.00
 131    13.202 55955.46864878 14.66  52.128035  65.469832  4.530 -100.00 -100.00 -100.00
 131    12.082 55955.46864937 18.14  52.134179  65.469219  9.190 -100.00 -100.00 -100.00
 132    14.084 55965.38428656 15.31  52.120327  65.469302  4.415 -100.00 -100.00 -100.00
 132    13.446 55965.38428715 15.90  52.126471  65.468689  5.621 -100.00 -100.00 -100.00
 132    12.640 55965.38428774 15.85  52.132615  65.468076  5.826 -100.00 -100.00 -100.00
 132    12.378 55965.38428833 15.01  52.138758  65.467462  4.881 -100.00 -100.00 -100.00
 133    13.387 55975.29992387 15.81  52.121720  65.470293  5.452 -100.00 -100.00 -100.00
 133    12.688 55975.29992446 16.87  52.127864  65.469680  7.676 -100.00 -100.00 -100.00
 133    11.984 55975.29992505 16.77  52.134008  65.469067  6.650 -100.00 -100.00 -100.00
 133    12.069 55975.29992565 14.52  52.140152  65.468453  4.488 -100.00 -100.00 -100.00
 134    13.667 55985.21555971 15.90  52.117715  65.473154  6.099 -100.00 -100.00 -100.00
 134    12.592 55985.21556030 16.19  52.123860  65.472541  5.790 -100.00 -100.00 -100.00
 134    12.309 55985.21556089 16.64  52.130005  65.471928  6.342 -100.00 -100.00 -100.00
 134    11.937 55985.21556148 15.37  52.136149  65.471315  5.111 -100.00 -100.00 -100.00
 135    12.769 55995.13119447 17.05  52.121425  65.474421  5.890 -100.00 -100.00 -100.00
 135    12.492 55995.13119506 16.35  52.127569  65.473808  6.328 -100.00 -100.00 -100.00
 135    12.229 55995.13119565 15.78  52.133714  65.473195  6.169 -100.00 -100.00 -100.00
 135    11.590 55995.13119624 15.94  52.139858  65.472582  6.447 -100.00 -100.00 -100.00
 136    12.848 56005.04684671 16.56  52.121567  65.473197  6.281 -100.00 -100.00 -100.00
 136    12.165 56005.04684730 16.59  52.127711  65.472584  6.256 -100.00 -100.00 -100.00
 136    12.079 56005.04684789 16.21  52.133855  65.471971  6.240 -100.00 -100.00 -100.00
 136    11.840 56005.04684848 15.72  52.139998  65.471358  5.556 -100.00 -100.00 -100.00
 137    14.145 56014.96249474 14.71  52.118005  65.471154  4.802 -100.00 -100.00 -100.00
 137    13.162 56014.96249533 14.63  52.124149  65.470541  5.009 -100.00 -100.00 -100.00
 137    12.632 56014.96249592 15.37  52.130292  65.469928  6.601 -100.00 -100.00 -100.00
 137    11.838 56014.96249651 16.44  52.136435  65.469315  8.130 -100.00 -100.00 -100.00
 138    14.941 56024.87814017 10.10  52.120101  65.469779  3.287  251.94  241.93  219.32
 138    14.274 56024.87814076  9.92  52.126244  65.469166  3.328  251.94  241.93  219.32
 138    15.610 56024.87814135  9.25  52.132387  65.468553  3.198  251.94  241.93  219.32
 138    12.959 56024.87814194  9.59  52.138529  65.467940  3.282  251.94  241.93  219.32
 139    11.806 56034.79378340 34.62  52.121857  65.470884   -100  267.39  266.36  265.21
 139    12.629 56034.79378399 32.21  52.128000  65.470271 27.892  267.39  266.36  265.21
 139    12.175 56034.79378458 37.20  52.134143  65.469657   -100  267.39  266.36  265.21
 139    13.048 56034.79378518 37.35  52.140286  65.469044   -100  267.39  266.36  265.21
 140    12.836 56044.70942424 34.90  52.121173  65.473603   -100 -100.00 -100.00 -100.00
 140    12.776 56044.70942483 34.68  52.127317  65.472991   -100 -100.00 -100.00 -100.00
 140    12.843 56044.70942542 35.80  52.133461  65.472377   -100 -100.00 -100.00 -100.00
 140    12.664 56044.70942601 37.12  52.139605  65.471764   -100 -100.00 -100.00 -100.00
 141    17.164 56054.62506223 44.56  52.119345  65.475781   -100 -100.00 -100.00 -100.00
 141    17.451 56054.62506282 46.09  52.125490  65.475168   -100 -100.00 -100.00 -100.00
 141    17.131 56054.62506341 47.94  52.131635  65.474555 12.513 -100.00 -100.00 -100.00
 141    16.953 56054.62506400 44.57  52.137779  65.473942 18.585 -100.00 -100.00 -100.00
 142    18.279 56064.54069680 45.68  52.119878  65.476117   -100 -100.00 -100.00 -100.00
 142    18.210 56064.54069739 46.59  52.126023  65.475504   -100 -100.00 -100.00 -100.00
 142    18.199 56064.54069798 49.85  52.132168  65.474891   -100 -100.00 -100.00 -100.00
 142    18.295 56064.54069857 51.19  52.138312  65.474278   -100 -100.00 -100.00 -100.00
 143    18.807 56074.45634092 33.35  52.121265  65.474796  9.784 -100.00 -100.00 -100.00
 143    18.673 56074.45634151 33.47  52.127410  65.474183 10.622 -100.00 -100.00 -100.00
 143    18.619 56074.45634210 35.01  52.133555  65.473570 15.542 -100.00 -100.00 -100.00
 143    18.769 56074.45634270 34.99  52.139699  65.472957 13.876 -100.00 -100.00 -100.00
 144    18.928 56084.37199075 24.41  52.122693  65.473697 10.206 -100.00 -100.00 -100.00
 144    18.826 56084.37199134 22.94  52.128837  65.473084  7.774 -100.00 -100.00 -100.00
 144    18.659 56084.37199193 23.63  52.134982  65.472471  8.409 -100.00 -100.00 -100.00
 145    19.114 56094.28763786 23.91  52.120627  65.473845  9.903 -100.00 -100.00 -100.00
 145    18.750 56094.28763845 23.39  52.126772  65.473232  9.970 -100.00 -100.00 -100.00
 145    15.362 56094.28763904 30.97  52.132916  65.472619 32.216 -100.00 -100.00 -100.00
 145    15.663 56094.28763964 32.90  52.139060  65.472005 25.067 -100.00 -100.00 -100.00
 146    19.205 56104.20328297 22.75  52.120192  65.474423  7.097 -100.00 -100.00 -100.00
 146    18.766 56104.20328356 23.52  52.126337  65.473810 10.794 -100.00 -100.00 -100.00
 146    16.720 56104.20328415 25.45  52.132481  65.473197 13.970 -100.00 -100.00 -100.00
 146    14.376 56104.20328474 30.42  52.138625  65.472583 26.025 -100.00 -100.00 -100.00
 147    18.701 56114.11891380 26.06  52.121484  65.473946 20.373 -100.00 -100.00 -100.00
 147    17.568 56114.11891439 25.52  52.127628  65.473333 18.460 -100.00 -100.00 -100.00
 147    13.502 56114.11891498 29.64  52.133772  65.472720   -100 -100.00 -100.00 -100.00
 147    13.508 56114.11891557 30.00  52.139916  65.472106   -100 -100.00 -100.00 -100.00
 148    12.823 56124.03455240 37.84  52.122252  65.472866   -100 -100.00 -100.00 -100.00
 148    13.316 56124.03455299 43.67  52.128396  65.472253   -100 -100.00 -100.00 -100.00
 148    12.698 56124.03455358 48.20  52.134540  65.471640   -100 -100.00 -100.00 -100.00
 148    12.752 56124.03455417 38.65  52.140683  65.471026   -100 -100.00 -100.00 -100.00
 149    12.868 56133.95018666 36.36  52.119085  65.471636 30.183 -100.00 -100.00 -100.00
 149    12.347 56133.95018725 38.50  52.125228  65.471023   -100 -100.00 -100.00 -100.00
 149    12.421 56133.95018784 32.72  52.131372  65.470410 26.575 -100.00 -100.00 -100.00
 149    12.548 56133.95018843 35.17  52.137515  65.469797   -100 -100.00 -100.00 -100.00
 150    12.951 56143.86582625 24.97  52.120655  65.470674 13.619 -100.00 -100.00 -100.00
 150    12.354 56143.86582684 27.60  52.126798  65.470061 22.232 -100.00 -100.00 -100.00
 150    12.327 56143.86582743 30.82  52.132941  65.469449   -100 -100.00 -100.00 -100.00
 150    12.492 56143.86582802 31.81  52.139084  65.468835   -100 -100.00 -100.00 -100.00
 151    13.100 56153.78147652 23.63  52.119971  65.471019 14.413 -100.00 -100.00 -100.00
 151    17.000 56153.78147711 22.88  52.126114  65.470407 13.948 -100.00 -100.00 -100.00
 151    12.751 56153.78147771 26.43  52.132257  65.469794 24.780 -100.00 -100.00 -100.00
 151    12.667 56153.78147830 29.66  52.138400  65.469180   -100 -100.00 -100.00 -100.00
 152    12.542 56163.69712557 29.41  52.120834  65.472272 13.346 -100.00 -100.00 -100.00
 152    12.157 56163.69712616 29.93  52.126978  65.471659 14.622 -100.00 -100.00 -100.00
 152    12.292 56163.69712676 31.34  52.133122  65.471046 19.357 -100.00 -100.00 -100.00
 152    12.576 56163.69712735 33.21  52.139266  65.470433 23.614 -100.00 -100.00 -100.00
 153    12.387 56173.61277225 41.65  52.118409  65.473495   -100 -100.00 -100.00 -100.00
 153    12.460 56173.61277284 36.93  52.124554  65.472883 19.227 -100.00 -100.00 -100.00
 153    12.202 56173.61277343 36.49  52.130698  65.472270 18.895 -100.00 -100.00 -100.00
 153    12.232 56173.61277402 40.81  52.136842  65.471656   -100 -100.00 -100.00 -100.00
 154    12.012 56183.52841434 43.22  52.120401  65.473047   -100 -100.00 -100.00 -100.00
 154    12.028 56183.52841493 39.77  52.126545  65.472434   -100 -100.00 -100.00 -100.00
 154    12.082 56183.52841552 43.03  52.132690  65.471821   -100 -100.00 -100.00 -100.00
 154    12.206 56183.52841611 40.23  52.138834  65.471208   -100 -100.00 -100.00 -100.00
 155    18.764 56193.44405269 31.03  52.121820  65.471629 12.433 -100.00 -100.00 -100.00
 155    18.516 56193.44405328 30.75  52.127965  65.471016 11.782 -100.00 -100.00 -100.00
 155    17.125 56193.44405387 33.25  52.134109  65.470403 17.223 -100.00 -100.00 -100.00
 155    13.378 56193.44405446 39.23  52.140253  65.469790 32.753 -100.00 -100.00 -100.00
 156    13.832 56203.35968792 44.69  52.119516  65.471170   -100 -100.00 -100.00 -100.00
 156    13.733 56203.35968851 43.67  52.125661  65.470557   -100 -100.00 -100.00 -100.00
 156    13.727 56203.35968910 43.07  52.131805  65.469944  0.756 -100.00 -100.00 -100.00
 156    13.627 56203.35968969 36.18  52.137949  65.469331   -100 -100.00 -100.00 -100.00
 157    13.303 56213.27532196 46.83  52.122680  65.472057   -100 -100.00 -100.00 -100.00
 157    13.332 56213.27532255 47.12  52.128825  65.471444   -100 -100.00 -100.00 -100.00
 157    13.271 56213.27532314 41.63  52.134969  65.470831   -100 -100.00 -100.00 -100.00
 158    18.775 56223.19095489 31.23  52.123210  65.474566 19.905 -100.00 -100.00 -100.00
 158    12.790 56223.19095548 33.32  52.129355  65.473953 30.907 -100.00 -100.00 -100.00
 158    17.757 56223.19095607 33.30  52.135500  65.473340 28.425 -100.00 -100.00 -100.00
 159    13.026 56233.10661092 40.74  52.121284  65.476085   -100 -100.00 -100.00 -100.00
 159    13.038 56233.10661151 41.45  52.127429  65.475472   -100 -100.00 -100.00 -100.00
 159    12.972 56233.10661210 44.95  52.133575  65.474859   -100 -100.00 -100.00 -100.00
 159    12.688 56233.10661269 42.24  52.139720  65.474246   -100 -100.00 -100.00 -100.00
 160    12.109 56243.02226309 36.68  52.120433  65.476052   -100 -100.00 -100.00 -100.00
 160    11.951 56243.02226368 37.91  52.126578  65.475439   -100 -100.00 -100.00 -100.00
 160    11.869 56243.02226427 40.69  52.132723  65.474826   -100 -100.00 -100.00 -100.00
 160    11.922 56243.02226486 33.56  52.138867  65.474213 24.862 -100.00 -100.00 -100.00
 161    12.471 56252.93791091 36.15  52.121501  65.474794   -100 -100.00 -100.00 -100.00
 161    13.056 56252.93791150 36.98  52.127646  65.474181 25.086 -100.00 -100.00 -100.00
 161    12.499 56252.93791209 39.98  52.133790  65.473568   -100 -100.00 -100.00 -100.00
 161    12.287 56252.93791268 37.87  52.139934  65.472955   -100 -100.00 -100.00 -100.00
 162    13.016 56262.85355397 30.15  52.120184  65.474081 16.224 -100.00 -100.00 -100.00
 162    13.327 56262.85355456 31.04  52.126329  65.473468 17.143 -100.00 -100.00 -100.00
 162    13.215 56262.85355515 31.90  52.132473  65.472855 20.500 -100.00 -100.00 -100.00
 162    13.156 56262.85355574 31.35  52.138617  65.472242 19.569 -100.00 -100.00 -100.00
 163    13.126 56272.76919525 23.07  52.121380  65.473892  6.782 -100.00 -100.00 -100.00
 163    13.020 56272.76919585 25.26  52.127525  65.473279 10.168 -100.00 -100.00 -100.00
 163    12.824 56272.76919644 28.25  52.133669  65.472665 18.282 -100.00 -100.00 -100.00
 163    12.789 56272.76919703 24.69  52.139813  65.472052 10.502 -100.00 -100.00 -100.00
 164    12.853 56282.68483754 19.52  52.119266  65.474234  4.929 -100.00 -100.00 -100.00
 164    12.847 56282.68483813 19.89  52.125411  65.473621  5.355 -100.00 -100.00 -100.00
 164    12.619 56282.68483872 19.27  52.131556  65.473008  4.930 -100.00 -100.00 -100.00
 164    12.677 56282.68483931 19.68  52.137700  65.472395  5.818 -100.00 -100.00 -100.00
 165    12.684 56292.60048927 19.16  52.118363  65.473664  4.921 -100.00 -100.00 -100.00
 165    12.591 56292.60048986 19.27  52.124508  65.473051  5.913 -100.00 -100.00 -100.00
 165    12.627 56292.60049045 18.80  52.130653  65.472438  5.022 -100.00 -100.00 -100.00
 165    12.551 56292.60049104 18.33  52.136797  65.471824  4.124 -100.00 -100.00 -100.00
 166    13.345 56302.51613670 17.44  52.118591  65.472157  4.334 -100.00 -100.00 -100.00
 166    12.766 56302.51613729 17.21  52.124736  65.471544  4.842 -100.00 -100.00 -100.00
 166    12.739 56302.51613788 17.18  52.130880  65.470931  4.732 -100.00 -100.00 -100.00
 166    12.690 56302.51613847 16.48  52.137024  65.470317  4.128 -100.00 -100.00 -100.00
 167    13.356 56312.43178029 16.84  52.122393  65.470443  3.992 -100.00 -100.00 -100.00
 167    12.710 56312.43178088 16.33  52.128537  65.469830  3.476 -100.00 -100.00 -100.00
 167    12.641 56312.43178147 16.71  52.134681  65.469216  4.152 -100.00 -100.00 -100.00
 168    13.991 56322.34742092 15.74  52.118042  65.470732  4.088  253.35  247.11  230.90
 168    13.976 56322.34742151 15.29  52.124187  65.470119  3.866  253.35  247.11  230.90
 168    13.348 56322.34742210 14.84  52.130331  65.469506  3.237  253.35  247.11  230.90
 168    12.651 56322.34742269 14.73  52.136475  65.468893  3.252  253.35  247.11  230.90
 169    13.982 56332.26306133 15.34  52.117652  65.471851  4.262  256.60  250.31  235.77
 169    13.456 56332.26306192 15.09  52.123797  65.471238  3.794  256.60  250.31  235.77
 169    13.000 56332.26306251 14.67  52.129941  65.470625  3.746  256.60  250.31  235.77
 169    13.118 56332.26306310 14.44  52.136085  65.470012  3.563  256.60  250.31  235.77
 170    13.651 56342.17870170 16.25  52.121370  65.472611  4.223  250.59  242.61  224.04
 170    12.914 56342.17870229 16.02  52.127514  65.471998  3.481  250.59  242.61  224.04
 170    12.832 56342.17870288 15.83  52.133659  65.471385  3.819  250.59  242.61  224.04
 170    12.818 56342.17870347 15.42  52.139802  65.470772  3.146  250.59  242.61  224.04
 171    13.159 56352.09433944 16.12  52.121298  65.473155  5.119 -100.00 -100.00 -100.00
 171    12.883 56352.09434003 15.34  52.127442  65.472542  3.663 -100.00 -100.00 -100.00
 171    12.534 56352.09434062 15.28  52.133586  65.471929  3.852 -100.00 -100.00 -100.00
 171    12.645 56352.09434121 15.07  52.139730  65.471316  4.036 -100.00 -100.00 -100.00
 172    13.454 56362.00998015 14.85  52.122498  65.472453  4.153 -100.00 -100.00 -100.00
 172    12.827 56362.00998074 15.42  52.128643  65.471840  4.285 -100.00 -100.00 -100.00
 172    13.166 56362.00998133 14.79  52.134786  65.471227  4.214 -100.00 -100.00 -100.00
 173    13.879 56371.92562937 14.40  52.120592  65.471698  3.943  244.46  231.95  208.84
 173    13.954 56371.92562996 14.20  52.126735  65.471085  3.469  244.46  231.95  208.84
 173    13.127 56371.92563055 13.86  52.132878  65.470472  2.982  244.46  231.95  208.84
 173    12.825 56371.92563114 14.09  52.139022  65.469859  3.319  244.46  231.95  208.84
 174    14.148 56381.84127581 13.69  52.118320  65.471971  3.302 -100.00 -100.00 -100.00
 174    13.430 56381.84127640 13.82  52.124464  65.471359  3.569 -100.00 -100.00 -100.00
 174    12.947 56381.84127699 13.69  52.130607  65.470745  3.415 -100.00 -100.00 -100.00
 174    12.924 56381.84127758 13.07  52.136750  65.470132  2.869 -100.00 -100.00 -100.00
 175    13.531 56391.75692050 14.03  52.121172  65.472964  3.956 -100.00 -100.00 -100.00
 175    12.958 56391.75692109 14.02  52.127316  65.472351  3.862 -100.00 -100.00 -100.00
 175    13.066 56391.75692168 13.89  52.133460  65.471738  3.878 -100.00 -100.00 -100.00
 175    12.549 56391.75692227 13.73  52.139603  65.471124  4.104 -100.00 -100.00 -100.00
 176    11.946 56401.67256332 41.97  52.121590  65.474353   -100 -100.00 -100.00 -100.00
 176    11.835 56401.67256391 44.04  52.127734  65.473740   -100 -100.00 -100.00 -100.00
 176    11.582 56401.67256450 46.54  52.133878  65.473127   -100 -100.00 -100.00 -100.00
 176    13.056 56401.67256509 41.86  52.140022  65.472513   -100 -100.00 -100.00 -100.00
 177    13.146 56411.58820326 44.60  52.120340  65.475352   -100 -100.00 -100.00 -100.00
 177    18.121 56411.58820385 36.31  52.126485  65.474739   -100 -100.00 -100.00 -100.00
 177    13.096 56411.58820444 37.02  52.132629  65.474126   -100 -100.00 -100.00 -100.00
 177    13.168 56411.58820503 38.79  52.138774  65.473512   -100 -100.00 -100.00 -100.00
 178    18.931 56421.50383841 33.09  52.120480  65.475448 25.495 -100.00 -100.00 -100.00
 178    18.934 56421.50383900 30.57  52.126626  65.474836 16.696 -100.00 -100.00 -100.00
 178    18.573 56421.50383959 30.73  52.132770  65.474223 16.473 -100.00 -100.00 -100.00
 178    16.118 56421.50384018 35.60  52.138915  65.473609   -100 -100.00 -100.00 -100.00
 179    19.008 56431.41947781 34.01  52.119673  65.475225 18.778 -100.00 -100.00 -100.00
 179    18.853 56431.41947840 32.69  52.125818  65.474612 15.899 -100.00 -100.00 -100.00
 179    18.545 56431.41947899 32.27  52.131963  65.473999 15.638 -100.00 -100.00 -100.00
 179    17.052 56431.41947958 32.08  52.138108  65.473386 17.250 -100.00 -100.00 -100.00
 180    19.082 56441.33513086 28.15  52.121697  65.474408 14.866 -100.00 -100.00 -100.00
 180    18.747 56441.33513145 27.50  52.127842  65.473795 13.534 -100.00 -100.00 -100.00
 180    18.656 56441.33513204 26.78  52.133986  65.473182 15.208 -100.00 -100.00 -100.00
 180    18.417 56441.33513263 25.36  52.140130  65.472568 11.653 -100.00 -100.00 -100.00
 181    18.960 56451.25078119 26.11  52.121413  65.474107  7.723  269.20  267.27  266.88
 181    18.863 56451.25078179 27.06  52.127557  65.473493 10.900  269.20  267.27  266.88
 181    18.171 56451.25078238 29.13  52.133701  65.472880 14.405  269.20  267.27  266.88
 181    16.461 56451.25078297 34.91  52.139845  65.472266 31.416  269.20  267.27  266.88
 182    16.820 56461.16642948 42.90  52.123814  65.473214 22.124 -100.00 -100.00 -100.00
 182    16.278 56461.16643007 49.28  52.129959  65.472601   -100 -100.00 -100.00 -100.00
 182    16.204 56461.16643066 52.04  52.136102  65.471988  2.089 -100.00 -100.00 -100.00
 183    14.284 56471.08207417 25.04  52.122930  65.472065 13.577 -100.00 -100.00 -100.00
 183    14.572 56471.08207476 28.34  52.129073  65.471452 20.332 -100.00 -100.00 -100.00
 183    14.725 56471.08207535 30.92  52.135217  65.470838 27.132 -100.00 -100.00 -100.00
 184    13.050 56480.99771515 26.44  52.121059  65.471190 20.126 -100.00 -100.00 -100.00
 184    13.116 56480.99771574 26.92  52.127202  65.470577 22.969 -100.00 -100.00 -100.00
 184    12.864 56480.99771633 31.03  52.133345  65.469963   -100 -100.00 -100.00 -100.00
 184    13.037 56480.99771692 32.07  52.139488  65.469350   -100 -100.00 -100.00 -100.00
 185    12.579 56490.91335226 25.64  52.120091  65.471052 18.979 -100.00 -100.00 -100.00
 185    12.382 56490.91335285 26.34  52.126234  65.470439 20.600 -100.00 -100.00 -100.00
 185    12.498 56490.91335344 25.42  52.132377  65.469826 20.060 -100.00 -100.00 -100.00
 185    12.471 56490.91335403 29.90  52.138520  65.469212   -100 -100.00 -100.00 -100.00
 186    12.899 56500.82898684 26.86  52.119863  65.471893 13.735 -100.00 -100.00 -100.00
 186    12.668 56500.82898743 26.55  52.126006  65.471280 12.722 -100.00 -100.00 -100.00
 186    12.701 56500.82898802 29.14  52.132150  65.470667 19.332 -100.00 -100.00 -100.00
 186    12.714 56500.82898862 31.55  52.138293  65.470054 28.455 -100.00 -100.00 -100.00
 187    11.561 56510.74462013 39.96  52.121751  65.473003 24.264 -100.00 -100.00 -100.00
 187    11.993 56510.74462072 43.02  52.127895  65.472390 22.112 -100.00 -100.00 -100.00
 187    11.041 56510.74462131 52.43  52.134039  65.471777 15.208 -100.00 -100.00 -100.00
 187    12.602 56510.74462190 38.59  52.140183  65.471164   -100 -100.00 -100.00 -100.00
 188    11.342 56520.66026380 37.91  52.118605  65.473774 24.961 -100.00 -100.00 -100.00
 188    11.051 56520.66026439 38.04  52.124749  65.473162 25.381 -100.00 -100.00 -100.00
 188    11.229 56520.66026498 42.87  52.130894  65.472549   -100 -100.00 -100.00 -100.00
 188    10.858 56520.66026557 38.41  52.137038  65.471936   -100 -100.00 -100.00 -100.00
 189    11.426 56530.57591714 30.82  52.119347  65.473133 31.104 -100.00 -100.00 -100.00
 189    11.292 56530.57591773 32.24  52.125491  65.472521   -100 -100.00 -100.00 -100.00
 189    12.636 56530.57591832 26.74  52.131636  65.471908 16.458 -100.00 -100.00 -100.00
 189    12.579 56530.57591891 24.95  52.137780  65.471294 15.015 -100.00 -100.00 -100.00
 191    11.915 56550.40721149 33.58  52.117636  65.472227 21.964 -100.00 -100.00 -100.00
 191    11.990 56550.40721209 35.01  52.123781  65.471615 23.429 -100.00 -100.00 -100.00
 191    12.096 56550.40721268 36.28  52.129925  65.471002 30.238 -100.00 -100.00 -100.00
 191    12.203 56550.40721327 32.51  52.136070  65.470388 18.711 -100.00 -100.00 -100.00
 192    12.406 56560.32285467 29.74  52.121845  65.472656   -100 -100.00 -100.00 -100.00
 192    12.364 56560.32285526 27.80  52.127989  65.472043 26.240 -100.00 -100.00 -100.00
 192    12.483 56560.32285585 27.69  52.134134  65.471430 24.839 -100.00 -100.00 -100.00
 192    12.641 56560.32285644 32.84  52.140278  65.470816   -100 -100.00 -100.00 -100.00
 193    11.717 56570.23849632 29.96  52.120763  65.474245   -100 -100.00 -100.00 -100.00
 193    12.062 56570.23849691 28.71  52.126908  65.473632 29.362 -100.00 -100.00 -100.00
 193    12.405 56570.23849750 25.53  52.133053  65.473019 17.496 -100.00 -100.00 -100.00
 193    12.453 56570.23849809 29.29  52.139197  65.472405   -100 -100.00 -100.00 -100.00
 194    12.384 56580.15413664 34.10  52.120288  65.475698   -100 -100.00 -100.00 -100.00
 194    12.484 56580.15413723 32.95  52.126433  65.475085   -100 -100.00 -100.00 -100.00
 194    12.374 56580.15413782 31.57  52.132578  65.474472   -100 -100.00 -100.00 -100.00
 194    12.562 56580.15413841 32.69  52.138723  65.473858   -100 -100.00 -100.00 -100.00
 195    12.666 56590.06977340 38.98  52.123713  65.475673 22.776  261.52  260.27  260.45
 195    12.302 56590.06977399 41.13  52.129858  65.475061   -100  261.52  260.27  260.45
 195    11.971 56590.06977458 41.84  52.136003  65.474447   -100  261.52  260.27  260.45
 196    13.681 56599.98541964 38.04  52.122728  65.474879 18.361 -100.00 -100.00 -100.00
 196    13.484 56599.98542023 41.10  52.128873  65.474266 19.800 -100.00 -100.00 -100.00
 196    12.468 56599.98542082 41.89  52.135018  65.473653  6.477 -100.00 -100.00 -100.00
 196    12.256 56599.98542141 38.89  52.141162  65.473039  4.739 -100.00 -100.00 -100.00
 197    15.928 56609.90107024 41.95  52.123526  65.473778 28.085 -100.00 -100.00 -100.00
 197    15.681 56609.90107083 49.01  52.129670  65.473165   -100 -100.00 -100.00 -100.00
 197    15.603 56609.90107143 51.27  52.135814  65.472552   -100 -100.00 -100.00 -100.00
 198    15.786 56619.81671581 41.07  52.122702  65.474090 25.349 -100.00 -100.00 -100.00
 198    15.348 56619.81671640 43.22  52.128847  65.473477   -100 -100.00 -100.00 -100.00
 198    15.174 56619.81671699 47.00  52.134991  65.472864 15.433 -100.00 -100.00 -100.00
 199    14.386 56629.73235826 35.22  52.122693  65.474572   -100 -100.00 -100.00 -100.00
 199    14.374 56629.73235885 34.00  52.128837  65.473959   -100 -100.00 -100.00 -100.00
 199    14.299 56629.73235944 34.74  52.134982  65.473346   -100 -100.00 -100.00 -100.00
 199    14.286 56629.73236004 32.01  52.141126  65.472732 29.124 -100.00 -100.00 -100.00
 200    13.773 56639.64799725 23.08  52.120821  65.474430 10.122 -100.00 -100.00 -100.00
 200    13.907 56639.64799784 21.31  52.126966  65.473817  8.097 -100.00 -100.00 -100.00
 200    13.703 56639.64799843 22.01  52.133111  65.473204  8.445 -100.00 -100.00 -100.00
 200    13.718 56639.64799902 22.76  52.139255  65.472590 11.352 -100.00 -100.00 -100.00
 201    13.847 56649.56364271 17.80  52.119764  65.472754  4.598 -100.00 -100.00 -100.00
 201    13.869 56649.56364330 17.25  52.125909  65.472141  3.761 -100.00 -100.00 -100.00
 201    13.610 56649.56364389 17.35  52.132054  65.471528  4.236 -100.00 -100.00 -100.00
 201    13.715 56649.56364448 16.95  52.138198  65.470915  4.091 -100.00 -100.00 -100.00
 202    13.662 56659.47929421 13.10  52.123396  65.470295  4.599 -100.00 -100.00 -100.00
 202    13.565 56659.47929480 12.66  52.129540  65.469682  3.387 -100.00 -100.00 -100.00
 202    13.342 56659.47929539 12.71  52.135684  65.469068  3.385 -100.00 -100.00 -100.00
 203    13.924 56669.39494130 12.39  52.121459  65.470029  3.331 -100.00 -100.00 -100.00
 203    13.367 56669.39494189 12.25  52.127603  65.469416  3.177 -100.00 -100.00 -100.00
 203    13.370 56669.39494248 12.11  52.133747  65.468803  3.052 -100.00 -100.00 -100.00
 203    12.996 56669.39494307 12.16  52.139891  65.468189  3.509 -100.00 -100.00 -100.00
 204    13.629 56679.31058614 12.78  52.120961  65.471666  3.381  246.05  240.11  228.48
 204    13.682 56679.31058673 12.41  52.127106  65.471053  3.091  246.05  240.11  228.48
 204    13.117 56679.31058732 12.24  52.133250  65.470439  3.022  246.05  240.11  228.48
 204    12.805 56679.31058792 12.23  52.139394  65.469826  3.077  246.05  240.11  228.48
 205    13.495 56689.22622928 12.41  52.118946  65.473638  3.234 -100.00 -100.00 -100.00
 205    13.192 56689.22622987 13.21  52.125091  65.473025  4.411 -100.00 -100.00 -100.00
 205    12.770 56689.22623046 12.98  52.131235  65.472411  4.593 -100.00 -100.00 -100.00
 205    12.621 56689.22623105 12.20  52.137380  65.471798  3.096 -100.00 -100.00 -100.00
 206    13.483 56699.14187042 12.08  52.123969  65.473521  3.541 -100.00 -100.00 -100.00
 206    12.860 56699.14187101 12.17  52.130114  65.472908  3.402 -100.00 -100.00 -100.00
 206    12.600 56699.14187160 11.74  52.136258  65.472295  3.302 -100.00 -100.00 -100.00
 207    13.896 56709.05750627 12.47  52.121501  65.472785  3.013 -100.00 -100.00 -100.00
 207    13.149 56709.05750686 12.33  52.127645  65.472172  2.893 -100.00 -100.00 -100.00
 207    12.567 56709.05750745 12.20  52.133789  65.471559  3.090 -100.00 -100.00 -100.00
 207    12.317 56709.05750804 12.60  52.139933  65.470946  4.055 -100.00 -100.00 -100.00
 208    13.064 56718.97314574 12.73  52.119789  65.471891  5.526  248.29  240.31  220.46
 208    12.726 56718.97314633 14.08  52.125933  65.471278  7.760  248.29  240.31  220.46
 208    12.728 56718.97314692 14.05  52.132076  65.470665  8.203  248.29  240.31  220.46
 208    12.831 56718.97314751 12.74  52.138219  65.470052  6.678  248.29  240.31  220.46
 210    13.413 56738.80444643 11.88  52.118275  65.473677  3.654  239.82  227.58  210.50
 210    12.710 56738.80444702 12.55  52.124419  65.473064  4.201  239.82  227.58  210.50
 210    12.719 56738.80444761 12.24  52.130563  65.472451  3.937  239.82  227.58  210.50
 210    12.801 56738.80444820 11.95  52.136706  65.471837  3.634  239.82  227.58  210.50
 211    13.476 56748.72009122 10.91  52.121051  65.475401  3.472 -100.00 -100.00 -100.00
 211    13.281 56748.72009181 10.48  52.127196  65.474788  2.876 -100.00 -100.00 -100.00
 211    12.453 56748.72009240 10.61  52.133340  65.474175  2.887 -100.00 -100.00 -100.00
 211    12.101 56748.72009299 10.72  52.139484  65.473561  3.536 -100.00 -100.00 -100.00
 212    14.463 56758.63573131 10.81  52.122765  65.476041  2.821 -100.00 -100.00 -100.00
 212    12.758 56758.63573190 10.81  52.128910  65.475428  3.227 -100.00 -100.00 -100.00
 212    12.230 56758.63573249 11.17  52.135055  65.474815  3.334 -100.00 -100.00 -100.00
 212    11.750 56758.63573308 10.44  52.141199  65.474201  2.770 -100.00 -100.00 -100.00
 213    12.398 56768.55136533 28.96  52.124370  65.475412 20.287 -100.00 -100.00 -100.00
 213    15.012 56768.55136592 27.55  52.130515  65.474799 17.244 -100.00 -100.00 -100.00
 213    15.170 56768.55136651 26.58  52.136660  65.474186 13.116 -100.00 -100.00 -100.00
 214    13.836 56778.46701230 28.76  52.119077  65.474419 21.734 -100.00 -100.00 -100.00
 214    14.473 56778.46701289 28.98  52.125222  65.473807 21.259 -100.00 -100.00 -100.00
 214    13.786 56778.46701348 33.96  52.131366  65.473194   -100 -100.00 -100.00 -100.00
 214    15.148 56778.46701407 34.02  52.137511  65.472580   -100 -100.00 -100.00 -100.00
 215    18.808 56788.38266842 35.45  52.121481  65.473265 28.603 -100.00 -100.00 -100.00
 215    15.654 56788.38266901 37.20  52.127626  65.472652   -100 -100.00 -100.00 -100.00
 215    15.854 56788.38266960 40.88  52.133770  65.472038   -100 -100.00 -100.00 -100.00
 215    15.980 56788.38267019 40.39  52.139914  65.471425   -100 -100.00 -100.00 -100.00
 216    20.438 56798.29832060 38.56  52.119173  65.473625   -100 -100.00 -100.00 -100.00
 216    20.254 56798.29832119 31.04  52.125317  65.473012 17.067 -100.00 -100.00 -100.00
 216    20.246 56798.29832178 29.51  52.131462  65.472399  9.993 -100.00 -100.00 -100.00
 216    20.113 56798.29832237 28.21  52.137605  65.471785  7.907 -100.00 -100.00 -100.00
 217    20.086 56808.21396719 45.52  52.118917  65.474304   -100 -100.00 -100.00 -100.00
 217    20.255 56808.21396778 33.12  52.125061  65.473691  8.139 -100.00 -100.00 -100.00
 217    20.258 56808.21396837 32.41  52.131205  65.473078  6.300 -100.00 -100.00 -100.00
 217    20.302 56808.21396896 32.72  52.137349  65.472464  8.395 -100.00 -100.00 -100.00
 218    18.962 56818.12960847 29.89  52.123089  65.473562 16.796 -100.00 -100.00 -100.00
 218    18.908 56818.12960906 27.71  52.129233  65.472949 11.736 -100.00 -100.00 -100.00
 218    18.449 56818.12960965 26.97  52.135376  65.472335 12.663 -100.00 -100.00 -100.00
 219    17.133 56828.04524528 43.77  52.117722  65.472622   -100 -100.00 -100.00 -100.00
 219    17.284 56828.04524587 45.01  52.123866  65.472009   -100 -100.00 -100.00 -100.00
 219    17.434 56828.04524646 45.39  52.130009  65.471396   -100 -100.00 -100.00 -100.00
 219    17.214 56828.04524705 47.52  52.136152  65.470783  8.779 -100.00 -100.00 -100.00
 220    82.369 56837.96087944 10.71  52.118221  65.470912  8.291 -100.00 -100.00 -100.00
 220    82.958 56837.96088004 13.86  52.124365  65.470299 12.005 -100.00 -100.00 -100.00
 220    83.687 56837.96088063 12.18  52.130508  65.469686  7.094 -100.00 -100.00 -100.00
 220    84.469 56837.96088122 13.06  52.136651  65.469073  8.401 -100.00 -100.00 -100.00
 221    19.029 56847.87651072 23.70  52.119150  65.470989 10.886 -100.00 -100.00 -100.00
 221    14.992 56847.87651131 29.78  52.125293  65.470376 31.518 -100.00 -100.00 -100.00
 221    15.388 56847.87651190 30.71  52.131437  65.469763   -100 -100.00 -100.00 -100.00
 221    15.323 56847.87651249 33.19  52.137579  65.469150   -100 -100.00 -100.00 -100.00
 222    18.651 56857.79216347 25.16  52.118065  65.472301 15.902 -100.00 -100.00 -100.00
 222    13.011 56857.79216406 27.28  52.124209  65.471688 23.701 -100.00 -100.00 -100.00
 222    12.945 56857.79216465 24.67  52.130352  65.471075 15.124 -100.00 -100.00 -100.00
 222    12.763 56857.79216524 29.98  52.136495  65.470462   -100 -100.00 -100.00 -100.00
 223    12.834 56867.70781719 36.27  52.122429  65.473664 22.485 -100.00 -100.00 -100.00
 223    12.146 56867.70781778 38.06  52.128573  65.473051   -100 -100.00 -100.00 -100.00
 223    12.253 56867.70781837 37.74  52.134717  65.472438   -100 -100.00 -100.00 -100.00
 223    12.444 56867.70781896 36.97  52.140861  65.471824   -100 -100.00 -100.00 -100.00
 224    12.502 56877.62346861 29.99  52.120328  65.474164 32.317 -100.00 -100.00 -100.00
 224    12.477 56877.62346920 30.48  52.126473  65.473551   -100 -100.00 -100.00 -100.00
 224    12.625 56877.62346979 29.88  52.132617  65.472938   -100 -100.00 -100.00 -100.00
 224    12.630 56877.62347038 33.17  52.138761  65.472324   -100 -100.00 -100.00 -100.00
 225    12.407 56887.53911712 28.88  52.120371  65.472954 25.221 -100.00 -100.00 -100.00
 225    12.350 56887.53911771 27.72  52.126516  65.472341 28.001 -100.00 -100.00 -100.00
 225    12.308 56887.53911830 29.01  52.132660  65.471727 29.815 -100.00 -100.00 -100.00
 225    12.406 56887.53911889 32.18  52.138804  65.471114   -100 -100.00 -100.00 -100.00
 226    12.554 56897.45476275 26.80  52.118144  65.471531 15.627 -100.00 -100.00 -100.00
 226    12.312 56897.45476334 26.44  52.124289  65.470917 16.880 -100.00 -100.00 -100.00
 226    12.154 56897.45476393 30.28  52.130432  65.470304 28.932 -100.00 -100.00 -100.00
 226    12.367 56897.45476452 33.14  52.136576  65.469691   -100 -100.00 -100.00 -100.00
 227    12.481 56907.37040576 31.13  52.117510  65.471654   -100 -100.00 -100.00 -100.00
 227    12.242 56907.37040635 26.59  52.123655  65.471041 22.154 -100.00 -100.00 -100.00
 227    12.277 56907.37040694 28.04  52.129799  65.470428 27.560 -100.00 -100.00 -100.00
 227    12.167 56907.37040754 32.46  52.135943  65.469814   -100 -100.00 -100.00 -100.00
 228    18.776 56917.28604671 24.62  52.117948  65.473626 18.389 -100.00 -100.00 -100.00
 228    17.128 56917.28604730 25.83  52.124093  65.473013 18.812 -100.00 -100.00 -100.00
 228    12.699 56917.28604789 26.12  52.130237  65.472399 24.453 -100.00 -100.00 -100.00
 228    12.791 56917.28604848 26.39  52.136382  65.471786 22.928 -100.00 -100.00 -100.00
 229    18.826 56927.20168622 21.24  52.123947  65.475559  8.500 -100.00 -100.00 -100.00
 229    18.477 56927.20168681 20.25  52.130092  65.474946  8.113 -100.00 -100.00 -100.00
 229    17.855 56927.20168740 21.30  52.136237  65.474332 11.011 -100.00 -100.00 -100.00
 230    13.141 56937.11732122 37.40  52.121220  65.477023   -100 -100.00 -100.00 -100.00
 230    13.034 56937.11732181 33.58  52.127365  65.476410   -100 -100.00 -100.00 -100.00
 230    13.024 56937.11732240 35.63  52.133510  65.475797   -100 -100.00 -100.00 -100.00
 230    13.244 56937.11732299 39.03  52.139655  65.475183   -100 -100.00 -100.00 -100.00
 231    13.091 56947.03295189 42.21  52.121213  65.476320 30.628 -100.00 -100.00 -100.00
 231    13.155 56947.03295248 44.36  52.127358  65.475708   -100 -100.00 -100.00 -100.00
 231    12.883 56947.03295307 48.29  52.133503  65.475095   -100 -100.00 -100.00 -100.00
 231    12.974 56947.03295366 42.34  52.139648  65.474481   -100 -100.00 -100.00 -100.00
 232    12.249 56956.94860609 33.77  52.120766  65.473964 21.394 -100.00 -100.00 -100.00
 232    12.123 56956.94860668 38.02  52.126911  65.473352   -100 -100.00 -100.00 -100.00
 232    11.990 56956.94860727 35.64  52.133055  65.472738 31.574 -100.00 -100.00 -100.00
 232    11.990 56956.94860786 33.80  52.139199  65.472125 24.712 -100.00 -100.00 -100.00
 233    12.787 56966.86425489 35.20  52.122171  65.472544   -100 -100.00 -100.00 -100.00
 233    12.683 56966.86425548 33.92  52.128315  65.471931   -100 -100.00 -100.00 -100.00
 233    12.486 56966.86425607 36.32  52.134458  65.471318   -100 -100.00 -100.00 -100.00
 233    12.631 56966.86425666 35.94  52.140602  65.470704   -100 -100.00 -100.00 -100.00
 234    12.992 56976.77989888 30.42  52.118021  65.473633 16.319 -100.00 -100.00 -100.00
 234    12.853 56976.77989947 31.30  52.124165  65.473020 18.776 -100.00 -100.00 -100.00
 234    12.797 56976.77990006 34.50  52.130310  65.472407 30.481 -100.00 -100.00 -100.00
 234    12.772 56976.77990065 31.98  52.136453  65.471794 20.575 -100.00 -100.00 -100.00
 235    12.964 56986.69553915 32.00  52.122701  65.474524 23.269 -100.00 -100.00 -100.00
 235    12.962 56986.69553974 32.73  52.128846  65.473911 24.373 -100.00 -100.00 -100.00
 235    12.754 56986.69554033 32.16  52.134991  65.473298 23.617 -100.00 -100.00 -100.00
 235    12.873 56986.69554092 30.47  52.141135  65.472684 18.550 -100.00 -100.00 -100.00
 236    12.640 56996.61117327 27.97  52.123159  65.474714 11.636 -100.00 -100.00 -100.00
 236    12.698 56996.61117386 28.25  52.129304  65.474101 12.328 -100.00 -100.00 -100.00
 236    12.635 56996.61117445 28.02  52.135448  65.473488 12.397 -100.00 -100.00 -100.00
 237    12.500 57006.52681768 25.51  52.117862  65.473419  9.575 -100.00 -100.00 -100.00
 237    12.291 57006.52681827 25.42  52.124007  65.472807  9.553 -100.00 -100.00 -100.00
 237    12.406 57006.52681886 25.79  52.130152  65.472194 10.367 -100.00 -100.00 -100.00
 237    12.344 57006.52681945 25.07  52.136296  65.471580  9.843 -100.00 -100.00 -100.00
 238    12.219 57016.44247252 27.02  52.123037  65.470432 11.616 -100.00 -100.00 -100.00
 238    12.235 57016.44247311 25.96  52.129181  65.469819 10.736 -100.00 -100.00 -100.00
 238    12.336 57016.44247370 25.24  52.135325  65.469206 10.190 -100.00 -100.00 -100.00
 239    12.134 57026.35812293 17.99  52.122358  65.469853  4.441 -100.00 -100.00 -100.00
 239    14.014 57026.35812352 17.31  52.128502  65.469240  4.261 -100.00 -100.00 -100.00
 239    13.601 57026.35812411 17.69  52.134646  65.468627  4.956 -100.00 -100.00 -100.00
 240    13.273 57036.27377136 16.98  52.122353  65.471600  4.600  252.67  248.72  239.37
 240    13.090 57036.27377195 16.34  52.128497  65.470987  4.118  252.67  248.72  239.37
 240    12.564 57036.27377254 16.57  52.134641  65.470373  4.389  252.67  248.72  239.37
 241    12.614 57046.18941677 17.57  52.117958  65.474097  5.823 -100.00 -100.00 -100.00
 241    12.317 57046.18941736 16.67  52.124103  65.473484  4.821 -100.00 -100.00 -100.00
 241    11.694 57046.18941795 17.54  52.130247  65.472871  6.396 -100.00 -100.00 -100.00
 241    12.128 57046.18941854 16.08  52.136392  65.472258  4.406 -100.00 -100.00 -100.00
 242    14.054 57056.10505953 15.41  52.120807  65.474621  4.457  255.50  251.42  240.73
 242    13.266 57056.10506012 14.48  52.126952  65.474008  3.982  255.50  251.42  240.73
 242    12.600 57056.10506071 14.42  52.133096  65.473394  4.370  255.50  251.42  240.73
 242    12.277 57056.10506130 13.81  52.139240  65.472781  3.361  255.50  251.42  240.73
 243    13.868 57066.02069675 14.72  52.119181  65.473729  4.454  258.51  253.71  242.65
 243    13.365 57066.02069734 14.12  52.125326  65.473116  4.420  258.51  253.71  242.65
 243    12.972 57066.02069793 14.58  52.131470  65.472503  5.437  258.51  253.71  242.65
 243    12.213 57066.02069852 13.96  52.137614  65.471890  4.639  258.51  253.71  242.65
 244    14.448 57075.93632963 15.20  52.119612  65.472866  5.173 -100.00 -100.00 -100.00
 244    14.040 57075.93633022 14.52  52.125757  65.472253  4.390 -100.00 -100.00 -100.00
 244    13.235 57075.93633081 13.64  52.131900  65.471640  3.929 -100.00 -100.00 -100.00
 244    13.038 57075.93633140 13.34  52.138044  65.471027  3.402 -100.00 -100.00 -100.00
 245    13.552 57085.85195967 13.90  52.123350  65.473074  4.343 -100.00 -100.00 -100.00
 245    14.759 57085.85196026 13.42  52.129494  65.472462  4.610 -100.00 -100.00 -100.00
 245    13.189 57085.85196085 12.96  52.135638  65.471849  3.840 -100.00 -100.00 -100.00
 246    15.571 57095.76761660 12.53  52.123496  65.474603  3.962 -100.00 -100.00 -100.00
 246    15.363 57095.76761719 12.08  52.129640  65.473990  3.127 -100.00 -100.00 -100.00
 246    14.761 57095.76761778 11.62  52.135784  65.473377  2.616 -100.00 -100.00 -100.00
 247    15.869 57105.68327273 10.89  52.123092  65.476197  3.144 -100.00 -100.00 -100.00
 247    14.660 57105.68327332 11.94  52.129237  65.475584  4.421 -100.00 -100.00 -100.00
 247    13.988 57105.68327391 11.49  52.135382  65.474971  4.148 -100.00 -100.00 -100.00
 248    19.806 57115.59892453  9.17  52.124428  65.476475  3.438  262.85  261.93  261.58
 248    23.289 57115.59892512  9.21  52.130573  65.475862  3.428  262.85  261.93  261.58
 248    20.080 57115.59892571  8.46  52.136718  65.475248  2.505  262.85  261.93  261.58
 249    12.241 57125.51457003 14.79  52.124314  65.475133  9.820 -100.00 -100.00 -100.00
 249    12.510 57125.51457062 15.59  52.130459  65.474520 10.523 -100.00 -100.00 -100.00
 249    12.653 57125.51457121 22.58  52.136603  65.473906 27.239 -100.00 -100.00 -100.00
 250     9.243 57135.43020991 14.68  52.120549  65.473733 11.720 -100.00 -100.00 -100.00
 250    11.759 57135.43021050 10.24  52.126693  65.473120  5.811 -100.00 -100.00 -100.00
 250    11.618 57135.43021109 11.67  52.132838  65.472507  7.804 -100.00 -100.00 -100.00
 250    24.993 57135.43021168  8.04  52.138982  65.471894  3.427 -100.00 -100.00 -100.00
 251    11.957 57145.34584560 33.36  52.117828  65.473219   -100 -100.00 -100.00 -100.00
 251    12.106 57145.34584619 32.51  52.123973  65.472606 29.714 -100.00 -100.00 -100.00
 251    12.279 57145.34584678 34.54  52.130118  65.471993   -100 -100.00 -100.00 -100.00
 251    12.283 57145.34584737 36.24  52.136262  65.471380   -100 -100.00 -100.00 -100.00
 252    16.740 57155.26147944 47.57  52.122055  65.473552  8.061 -100.00 -100.00 -100.00
 252    16.698 57155.26148003 47.63  52.128200  65.472940 12.185 -100.00 -100.00 -100.00
 252    16.741 57155.26148062 45.08  52.134344  65.472327  8.985 -100.00 -100.00 -100.00
 252    16.894 57155.26148121 47.27  52.140488  65.471713   -100 -100.00 -100.00 -100.00
 253    20.387 57165.17711917 42.15  52.121719  65.474572 29.609 -100.00 -100.00 -100.00
 253    20.472 57165.17711976 37.72  52.127864  65.473959 16.000 -100.00 -100.00 -100.00
 253    20.441 57165.17712035 36.43  52.134008  65.473346 12.209 -100.00 -100.00 -100.00
 253    20.326 57165.17712094 35.62  52.140153  65.472733 10.700 -100.00 -100.00 -100.00
 254    21.404 57175.09277578 54.57  52.120438  65.474480 28.711 -100.00 -100.00 -100.00
 254    21.496 57175.09277637 52.37  52.126583  65.473868 19.207 -100.00 -100.00 -100.00
 254    21.527 57175.09277696 52.44  52.132727  65.473255 17.734 -100.00 -100.00 -100.00
 254    21.624 57175.09277755 51.89  52.138871  65.472641 12.589 -100.00 -100.00 -100.00
 255    19.890 57185.00842914 49.63  52.122620  65.472702  7.375 -100.00 -100.00 -100.00
 255    19.868 57185.00842973 46.06  52.128764  65.472089   -100 -100.00 -100.00 -100.00
 255    19.858 57185.00843032 46.71  52.134907  65.471476  7.448 -100.00 -100.00 -100.00
 256    19.131 57194.92407806 24.71  52.120407  65.471033  8.473 -100.00 -100.00 -100.00
 256    18.811 57194.92407865 26.10  52.126550  65.470420 14.515 -100.00 -100.00 -100.00
 256    15.200 57194.92407924 32.55  52.132693  65.469806   -100 -100.00 -100.00 -100.00
 256    15.319 57194.92407983 35.73  52.138836  65.469193   -100 -100.00 -100.00 -100.00
 257    18.782 57204.83971343 23.90  52.121119  65.470312 10.433 -100.00 -100.00 -100.00
 257    14.702 57204.83971402 31.19  52.127262  65.469699 32.704 -100.00 -100.00 -100.00
 257    14.819 57204.83971462 32.44  52.133405  65.469086   -100 -100.00 -100.00 -100.00
 257    14.983 57204.83971521 33.45  52.139547  65.468472   -100 -100.00 -100.00 -100.00
 258    18.829 57214.75535839 24.68  52.117825  65.471934 14.195 -100.00 -100.00 -100.00
 258    18.513 57214.75535898 22.69  52.123969  65.471321  8.212 -100.00 -100.00 -100.00
 258    13.235 57214.75535957 27.13  52.130112  65.470708 19.721 -100.00 -100.00 -100.00
 258    13.457 57214.75536016 27.19  52.136255  65.470094 18.577 -100.00 -100.00 -100.00
 259    13.096 57224.67100247 24.01  52.121526  65.473551 10.192 -100.00 -100.00 -100.00
 259    12.957 57224.67100307 24.90  52.127670  65.472937 11.511 -100.00 -100.00 -100.00
 259    13.095 57224.67100366 26.08  52.133814  65.472324 14.538 -100.00 -100.00 -100.00
 259    13.064 57224.67100425 31.37  52.139957  65.471711 30.459 -100.00 -100.00 -100.00
 260    13.811 57234.58664432 28.07  52.121092  65.474657  5.925 -100.00 -100.00 -100.00
 260    13.998 57234.58664491 28.05  52.127236  65.474044  6.455 -100.00 -100.00 -100.00
 260    14.082 57234.58664550 28.66  52.133381  65.473431  7.267 -100.00 -100.00 -100.00
 260    14.264 57234.58664609 36.30  52.139525  65.472817 21.294 -100.00 -100.00 -100.00
 261    18.898 57244.50228287 17.57  52.119469  65.474383  6.789 -100.00 -100.00 -100.00
 261    14.309 57244.50228346 25.59  52.125614  65.473771 22.710 -100.00 -100.00 -100.00
 261    14.624 57244.50228405 23.85  52.131759  65.473158 14.765 -100.00 -100.00 -100.00
 261    14.563 57244.50228464 26.03  52.137904  65.472544 20.443 -100.00 -100.00 -100.00
 262    13.586 57254.41791938 23.21  52.122687  65.473197 17.097 -100.00 -100.00 -100.00
 262    13.763 57254.41791997 22.20  52.128832  65.472584 14.733 -100.00 -100.00 -100.00
 262    13.975 57254.41792056 21.95  52.134976  65.471971 13.423 -100.00 -100.00 -100.00
 263    18.603 57264.33355375 18.24  52.118130  65.474070  8.045 -100.00 -100.00 -100.00
 263    17.057 57264.33355434 21.20  52.124276  65.473457 14.238 -100.00 -100.00 -100.00
 263    13.076 57264.33355493 25.16  52.130420  65.472844 25.215 -100.00 -100.00 -100.00
 263    13.219 57264.33355552 21.58  52.136565  65.472231 12.071 -100.00 -100.00 -100.00
 264    12.852 57274.24919388 26.73  52.121493  65.475416 25.127 -100.00 -100.00 -100.00
 264    12.830 57274.24919448 22.71  52.127638  65.474804 13.611 -100.00 -100.00 -100.00
 264    12.719 57274.24919507 25.25  52.133783  65.474191 21.829 -100.00 -100.00 -100.00
 264    12.604 57274.24919566 25.97  52.139928  65.473577 24.718 -100.00 -100.00 -100.00
 265    17.110 57284.16485104 23.48  52.120577  65.476742  4.444 -100.00 -100.00 -100.00
 265    13.205 57284.16485163 23.21  52.126723  65.476130  4.538 -100.00 -100.00 -100.00
 265    13.334 57284.16485222 24.36  52.132868  65.475517  6.240 -100.00 -100.00 -100.00
 265    13.220 57284.16485281 26.44  52.139013  65.474903  9.726 -100.00 -100.00 -100.00
 266    12.872 57294.08050577 34.59  52.122627  65.476370   -100 -100.00 -100.00 -100.00
 266    12.766 57294.08050636 30.23  52.128773  65.475758   -100 -100.00 -100.00 -100.00
 266    12.733 57294.08050695 27.17  52.134917  65.475144 26.520 -100.00 -100.00 -100.00
 266    12.900 57294.08050754 27.17  52.141062  65.474531 25.498 -100.00 -100.00 -100.00
 267    18.800 57303.99615666 21.38  52.121445  65.474987 10.063 -100.00 -100.00 -100.00
 267    18.631 57303.99615725 19.96  52.127590  65.474374  7.178 -100.00 -100.00 -100.00
 267    18.486 57303.99615784 19.75  52.133734  65.473760  8.877 -100.00 -100.00 -100.00
 267    17.810 57303.99615843 18.85  52.139878  65.473147  7.297 -100.00 -100.00 -100.00
 268    12.785 57313.91180346 37.79  52.117853  65.473519   -100 -100.00 -100.00 -100.00
 268    13.028 57313.91180405 38.36  52.123997  65.472906 30.407 -100.00 -100.00 -100.00
 268    13.144 57313.91180464 40.21  52.130141  65.472292 28.881 -100.00 -100.00 -100.00
 268    12.517 57313.91180523 44.65  52.136285  65.471679 18.498 -100.00 -100.00 -100.00
 269    12.640 57323.82744760 38.38  52.121048  65.472336 25.145  252.83  249.39  241.91
 269    12.836 57323.82744819 41.46  52.127192  65.471723 25.699  252.83  249.39  241.91
 269    12.039 57323.82744878 46.72  52.133336  65.471109  8.779  252.83  249.39  241.91
 269    12.062 57323.82744937 38.46  52.139479  65.470496   -100  252.83  249.39  241.91
 270    11.829 57333.74308936 37.99  52.120401  65.472705   -100 -100.00 -100.00 -100.00
 270    11.739 57333.74308995 40.15  52.126545  65.472091   -100 -100.00 -100.00 -100.00
 270    11.784 57333.74309054 39.73  52.132689  65.471478   -100 -100.00 -100.00 -100.00
 270    11.501 57333.74309113 36.63  52.138833  65.470864   -100 -100.00 -100.00 -100.00
 271    12.473 57343.65872897 30.60  52.118150  65.473754 22.157 -100.00 -100.00 -100.00
 271    12.712 57343.65872957 34.65  52.124295  65.473142 29.326 -100.00 -100.00 -100.00
 271    12.552 57343.65873016 35.34  52.130440  65.472528   -100 -100.00 -100.00 -100.00
 271    12.465 57343.65873075 31.25  52.136584  65.471915 23.515 -100.00 -100.00 -100.00
 272    12.465 57353.57438260 33.55  52.122553  65.472768   -100 -100.00 -100.00 -100.00
 272    12.625 57353.57438319 34.82  52.128697  65.472154   -100 -100.00 -100.00 -100.00
 272    12.472 57353.57438378 28.12  52.134842  65.471541 18.680 -100.00 -100.00 -100.00
 273    12.914 57363.49002660 30.59  52.122532  65.471907 26.204 -100.00 -100.00 -100.00
 273    13.228 57363.49002720 30.62  52.128677  65.471294 18.590 -100.00 -100.00 -100.00
 273    12.264 57363.49002779 28.91  52.134821  65.470680   -100 -100.00 -100.00 -100.00
 274    12.301 57373.40566702 28.38  52.119809  65.471172   -100 -100.00 -100.00 -100.00
 274    12.473 57373.40566761 28.61  52.125953  65.470559 28.429 -100.00 -100.00 -100.00
 274    12.383 57373.40566820 25.82  52.132098  65.469946 22.801 -100.00 -100.00 -100.00
 274    12.297 57373.40566879 23.32  52.138242  65.469332 16.238 -100.00 -100.00 -100.00
 275    12.589 57383.32130576 17.58  52.118724  65.471496  7.644 -100.00 -100.00 -100.00
 275    12.224 57383.32130635 26.32  52.124869  65.470883 29.822 -100.00 -100.00 -100.00
 275    12.199 57383.32130694 24.35  52.131013  65.470270 22.758 -100.00 -100.00 -100.00
 275    12.090 57383.32130753 19.57  52.137158  65.469656 11.992 -100.00 -100.00 -100.00
 276    12.206 57393.23694419 26.44  52.118857  65.472688 28.429 -100.00 -100.00 -100.00
 276    12.532 57393.23694478 27.49  52.125002  65.472075 22.312 -100.00 -100.00 -100.00
 276    12.004 57393.23694537 29.60  52.131146  65.471462   -100 -100.00 -100.00 -100.00
 276    12.058 57393.23694596 26.39  52.137291  65.470849 29.734 -100.00 -100.00 -100.00
 277    11.946 57403.15258165 26.32  52.118600  65.474319 28.761 -100.00 -100.00 -100.00
 277    12.039 57403.15258224 28.30  52.124745  65.473706   -100 -100.00 -100.00 -100.00
 277    12.100 57403.15258283 29.38  52.130890  65.473093   -100 -100.00 -100.00 -100.00
 277    11.864 57403.15258342 25.01  52.137034  65.472480 27.839 -100.00 -100.00 -100.00
 278    11.989 57413.06822632 25.26  52.118732  65.474909 26.895  246.37  239.27  223.82
 278    12.578 57413.06822691 24.45  52.124877  65.474297 15.179  246.37  239.27  223.82
 278    11.911 57413.06822750 26.28  52.131022  65.473684 29.347  246.37  239.27  223.82
 278    11.838 57413.06822809 28.38  52.137166  65.473071   -100  246.37  239.27  223.82
 279    12.727 57422.98387810 16.47  52.119458  65.474378  6.132 -100.00 -100.00 -100.00
 279    12.150 57422.98387869 16.84  52.125603  65.473765  6.486 -100.00 -100.00 -100.00
 279    12.233 57422.98387928 15.23  52.131747  65.473152  4.632 -100.00 -100.00 -100.00
 279    12.179 57422.98387987 14.85  52.137891  65.472539  4.608 -100.00 -100.00 -100.00
 280    13.394 57432.89952739 16.70  52.123723  65.473537  6.127 -100.00 -100.00 -100.00
 280    15.143 57432.89952798 14.62  52.129867  65.472924  3.569 -100.00 -100.00 -100.00
 280    12.644 57432.89952857 15.02  52.136011  65.472311  3.520 -100.00 -100.00 -100.00
 281    13.378 57442.81517412 14.58  52.120968  65.474219  4.236 -100.00 -100.00 -100.00
 281    14.898 57442.81517471 14.60  52.127113  65.473606  3.453 -100.00 -100.00 -100.00
 281    12.772 57442.81517530 14.09  52.133257  65.472993  3.821 -100.00 -100.00 -100.00
 281    12.250 57442.81517589 14.41  52.139400  65.472379  4.508 -100.00 -100.00 -100.00
 282    13.447 57452.73082014 15.17  52.118736  65.475433  5.426 -100.00 -100.00 -100.00
 282    13.062 57452.73082073 14.12  52.124880  65.474820  4.313 -100.00 -100.00 -100.00
 282    12.792 57452.73082132 13.36  52.131025  65.474207  3.340 -100.00 -100.00 -100.00
 282    12.267 57452.73082192 13.74  52.137169  65.473593  4.130 -100.00 -100.00 -100.00
 283    15.662 57462.64646506 11.64  52.122159  65.475796  3.181 -100.00 -100.00 -100.00
 283    15.088 57462.64646565 11.49  52.128303  65.475183  2.988 -100.00 -100.00 -100.00
 283    14.518 57462.64646624 11.17  52.134448  65.474569  2.502 -100.00 -100.00 -100.00
 283    12.953 57462.64646683 11.18  52.140593  65.473956  2.763 -100.00 -100.00 -100.00
 284    15.769 57472.56210605 12.59  52.121219  65.475603  2.992 -100.00 -100.00 -100.00
 284    15.082 57472.56210664 12.33  52.127365  65.474990  2.760 -100.00 -100.00 -100.00
 284    13.605 57472.56210723 12.30  52.133510  65.474377  2.535 -100.00 -100.00 -100.00
 284    13.832 57472.56210782 12.12  52.139654  65.473763  2.716 -100.00 -100.00 -100.00
 285    11.699 57482.47774325 20.19  52.120337  65.474778 14.963 -100.00 -100.00 -100.00
 285    12.158 57482.47774384 20.24  52.126482  65.474166 14.545 -100.00 -100.00 -100.00
 285    12.184 57482.47774443 25.71  52.132627  65.473552   -100 -100.00 -100.00 -100.00
 285    12.421 57482.47774502 24.93  52.138772  65.472939 27.613 -100.00 -100.00 -100.00
 286    11.988 57492.39337754 15.79  52.120429  65.473842  8.500 -100.00 -100.00 -100.00
 286    11.888 57492.39337813 19.48  52.126574  65.473229 16.020 -100.00 -100.00 -100.00
 286    12.392 57492.39337872 19.44  52.132719  65.472616 13.562 -100.00 -100.00 -100.00
 286    12.292 57492.39337931 19.52  52.138863  65.472003 15.154 -100.00 -100.00 -100.00
 287    13.438 57502.30900990 34.92  52.122075  65.473879   -100 -100.00 -100.00 -100.00
 287    13.412 57502.30901049 37.57  52.128220  65.473267   -100 -100.00 -100.00 -100.00
 287    13.644 57502.30901108 39.63  52.134365  65.472654   -100 -100.00 -100.00 -100.00
 287    13.565 57502.30901167 39.68  52.140509  65.472040   -100 -100.00 -100.00 -100.00
 288    19.325 57512.22466048 48.44  52.123877  65.473675   -100 -100.00 -100.00 -100.00
 288    19.145 57512.22466107 51.99  52.130022  65.473062   -100 -100.00 -100.00 -100.00
 288    19.209 57512.22466166 53.62  52.136166  65.472449  1.946 -100.00 -100.00 -100.00
 289    17.275 57522.14031564 46.98  52.122910  65.473397 27.411 -100.00 -100.00 -100.00
 289    16.985 57522.14031623 51.08  52.129054  65.472784   -100 -100.00 -100.00 -100.00
 289    16.811 57522.14031682 51.84  52.135198  65.472171  3.750 -100.00 -100.00 -100.00
 290    16.613 57532.05596836 45.69  52.121253  65.472687   -100 -100.00 -100.00 -100.00
 290    16.450 57532.05596895 48.80  52.127397  65.472075  6.737 -100.00 -100.00 -100.00
 290    16.452 57532.05596954 47.24  52.133541  65.471461   -100 -100.00 -100.00 -100.00
 290    16.622 57532.05597013 50.70  52.139684  65.470848  1.298 -100.00 -100.00 -100.00
 291    19.046 57541.97161766 22.90  52.118157  65.471992  6.926 -100.00 -100.00 -100.00
 291    18.756 57541.97161825 22.32  52.124301  65.471379  7.456 -100.00 -100.00 -100.00
 291    18.624 57541.97161884 21.82  52.130444  65.470766  6.888 -100.00 -100.00 -100.00
 291    18.384 57541.97161943 20.82  52.136587  65.470153  6.200 -100.00 -100.00 -100.00
 292    18.758 57551.88726474 21.01  52.122375  65.471151  8.817  266.36  265.90  264.14
 292    18.487 57551.88726533 19.78  52.128518  65.470538  7.631  266.36  265.90  264.14
 292    13.876 57551.88726592 24.62  52.134661  65.469925 13.769  266.36  265.90  264.14
 293    15.891 57561.80290945 29.92  52.118010  65.472104  9.020 -100.00 -100.00 -100.00
 293    15.909 57561.80291005 31.83  52.124154  65.471491 13.683 -100.00 -100.00 -100.00
 293    15.748 57561.80291064 36.67  52.130297  65.470878 27.223 -100.00 -100.00 -100.00
 293    15.814 57561.80291123 32.82  52.136440  65.470265 16.507 -100.00 -100.00 -100.00
 294    14.288 57571.71855447 38.38  52.121729  65.472746 21.710 -100.00 -100.00 -100.00
 294    14.397 57571.71855506 41.36  52.127873  65.472133 24.691 -100.00 -100.00 -100.00
 294    14.270 57571.71855565 44.63  52.134017  65.471520   -100 -100.00 -100.00 -100.00
 294    14.095 57571.71855624 42.20  52.140160  65.470906   -100 -100.00 -100.00 -100.00
 295    12.663 57581.63419900 28.40  52.121179  65.473470   -100 -100.00 -100.00 -100.00
 295    12.972 57581.63419959 24.30  52.127324  65.472857 17.464 -100.00 -100.00 -100.00
 295    12.554 57581.63420018 26.78  52.133468  65.472244 27.070 -100.00 -100.00 -100.00
 295    12.487 57581.63420077 25.81  52.139611  65.471630 25.788 -100.00 -100.00 -100.00
 296    12.179 57591.54984171 24.11  52.120158  65.473781 16.654 -100.00 -100.00 -100.00
 296    11.793 57591.54984230 27.05  52.126303  65.473168 30.089 -100.00 -100.00 -100.00
 296    12.074 57591.54984289 28.73  52.132447  65.472555   -100 -100.00 -100.00 -100.00
 296    12.016 57591.54984348 29.41  52.138591  65.471942   -100 -100.00 -100.00 -100.00
 297    12.106 57601.46548167 30.90  52.118233  65.473993 22.287 -100.00 -100.00 -100.00
 297    11.627 57601.46548226 31.71  52.124378  65.473381   -100 -100.00 -100.00 -100.00
 297    11.891 57601.46548285 30.77  52.130523  65.472768   -100 -100.00 -100.00 -100.00
 297    12.019 57601.46548344 35.07  52.136667  65.472154   -100 -100.00 -100.00 -100.00
