# NaN NaN NaN ;Mean Elev.(m), Avg Gradient(m/km), RMS Gradient(m/km) - SRTM1     
#   11.518  -5.384  16.824 ;Mean Elev.(m), Avg Gradient(m/km), RMS Gradient(m/km) - ASTER GDEM
#   30.000   0.799  13.673 ;Mean Elev.(m), Avg Gradient(m/km), RMS Gradient(m/km) - GMTED2010 
   3  55.148862  66.034185    -5.451    -4.509  4 54680.25270342 19.911
   5  55.145907  66.035231   -11.566   -11.566  2 54700.08398659 26.327
   6  55.151191  66.034267   109.976   110.656  3 54709.99963230  4.299
   7  55.149819  66.032688     7.319     7.284  3 54719.91528347 25.559
   8  55.148938  66.031281   105.300   105.565  4 54729.83093208  2.759
   9  55.150011  66.031163   106.075   107.406  4 54739.74657931  7.656
  10  55.149304  66.031704   101.814   100.953  3 54749.66222640  9.623
  11  55.149240  66.032307   102.677   108.129  4 54759.57787334  7.292
  12  55.149559  66.032175   103.052   103.880  4 54769.49351797 10.940
  17  55.149704  66.032472    24.935    24.610  4 54819.07171080 22.398
  18  55.151402  66.033325    25.286    25.739  3 54828.98736324 21.457
  23  55.146813  66.035164   104.311   102.422  3 54878.56559617  0.176
  24  55.149477  66.033622   103.624   101.356  3 54888.48124119  1.331
  28  55.150002  66.032504    98.797    99.354  3 54928.14379708  2.752
  32  55.151565  66.030209    26.041    26.841  3 54967.80635321 18.515
  33  55.148009  66.031091    90.172    91.407  3 54977.72200039 25.198
  34  55.150193  66.032248    88.964    88.991  4 54987.63764812 21.097
  35  55.150131  66.032738   104.323   103.050  4 54997.55329580  6.857
  36  55.149169  66.032944   109.861   109.203  3 55007.46894163  0.672
  38  55.151745  66.034328    29.117    28.994  3 55027.30022818 25.376
  40  55.147100  66.035500    27.056    27.056  2 55047.13151068 23.858
  41  55.150246  66.034268    27.752    27.915  3 55057.04714997 23.825
  42  55.150205  66.031902    27.791    27.862  3 55066.96278669 22.857
  43  55.151436  66.030480    27.608    27.659  3 55076.87843714 25.024
  44  55.148206  66.030531    82.801    82.228  3 55086.79408463  2.362
  45  55.149607  66.031859    95.085    98.120  3 55096.70973094  8.972
  46  55.149421  66.032720   101.929   102.139  4 55106.62537674 10.211
  47  55.151491  66.032268   100.988   100.149  3 55116.54102227  9.784
  48  55.150045  66.030678   102.106   101.002  4 55126.45666513  5.942
  49  55.147566  66.029505    23.312    23.394  3 55136.37230548 46.367
  50  55.150575  66.029892    23.948    23.920  3 55146.28794434 39.938
  51  55.148955  66.031406    24.001    24.001  3 55156.20358206 28.344
  52  55.149537  66.032725    25.959    26.019  4 55166.11922008 25.309
  53  55.148722  66.033207    24.730    23.917  3 55176.03485768 24.181
  54  55.149945  66.032755    26.028    26.050  4 55185.95049958 16.395
  55  55.150140  66.032886    25.859    26.281  4 55195.86615065 15.793
  56  55.150489  66.034010    26.035    25.987  3 55205.78180050 15.718
  64  55.149518  66.033292    96.320    96.204  4 55285.10694211  3.398
  67  55.148575  66.028668    56.868    69.525  3 55314.85386320  9.577
  68  55.148997  66.029724    91.348    90.250  3 55324.76950875 22.863
  69  55.148060  66.031918   101.023    95.643  3 55334.68515294 18.143
  70  55.150221  66.033667   108.182   108.711  3 55344.60079712  3.507
  71  55.147692  66.033622   103.534   104.033  3 55354.51644007 11.276
  72  55.149163  66.033115   103.564   102.436  4 55364.43208132  7.282
  73  55.148253  66.032864   101.645   101.329  3 55374.34772069  6.626
  74  55.148140  66.033665   108.286   108.286  2 55384.26335897  2.777
  75  55.147808  66.034632   105.914   105.914  2 55394.17899639  1.670
  78  55.147686  66.030977    27.210    27.257  3 55423.92593454 24.945
  79  55.148272  66.029183   114.557   119.765  3 55433.84158064  7.323
  80  55.149488  66.029738   109.033   109.267  3 55443.75722525  3.014
  81  55.150424  66.031598   108.271   108.094  3 55453.67286857  5.724
  82  55.148513  66.033109    97.480   100.153  3 55463.58851082 10.532
  83  55.149937  66.032514    89.463    89.030  4 55473.50415106 15.304
  84  55.149904  66.030394   103.514   104.043  4 55483.41978826  9.407
  85  55.150445  66.028624   105.430   106.141  3 55493.33542339  9.727
  86  55.147256  66.029108   107.796   107.343  3 55503.25105687  7.405
  87  55.150373  66.031696    97.768    99.731  3 55513.16670441  5.653
  88  55.147953  66.033812    25.215    25.197  3 55523.08235380 40.668
  89  55.146353  66.034325    25.366    25.365  3 55532.99800167 28.898
  90  55.149745  66.033639    25.375    25.292  4 55542.91364825 24.586
  91  55.147236  66.032938    25.915    25.902  3 55552.82929229 21.077
  92  55.150004  66.033646    26.231    26.206  4 55562.74493562 18.162
  94  55.147303  66.034542    25.276    25.110  3 55582.57621894 18.603
  95  55.148524  66.032877    25.975    26.032  3 55592.49185682 16.974
  96  55.149009  66.030455    26.205    26.300  4 55602.40749131 16.298
 101  55.149769  66.032045    25.966    26.109  3 55651.98570970 15.020
 102  55.151351  66.030292    23.323    23.337  3 55661.90135364 25.157
 103  55.148996  66.029301    95.259    96.059  3 55671.81699410  1.377
 104  55.150800  66.030128    89.560    99.544  3 55681.73263346  7.396
 105  55.148190  66.032037   108.790   108.550  3 55691.64827079 13.257
 106  55.148061  66.033656   104.005   101.352  3 55701.56390671 11.827
 107  55.148728  66.034153   106.938   108.679  3 55711.47954837  4.889
 110  55.149734  66.033687    28.888    28.880  4 55741.22649225 23.189
 111  55.149466  66.033924    23.564    23.707  3 55751.14213736 34.938
 112  55.151364  66.033591    27.890    27.656  3 55761.05778031 22.515
 113  55.148292  66.032322    23.310    22.989  3 55770.97341993 44.326
 114  55.149560  66.030619    27.555    27.457  3 55780.88905649 25.719
 115  55.150639  66.029703    27.249    27.111  3 55790.80469046 25.150
 117  55.151017  66.031273    22.723    22.655  3 55810.63597224 50.221
 119  55.147107  66.031648    84.253    85.297  3 55830.46726485 14.090
 120  55.151441  66.030503   101.649   100.378  3 55840.38290481  3.057
 121  55.149183  66.029618   108.034   108.204  4 55850.29854110  6.052
 122  55.150273  66.030527    25.229    24.901  3 55860.21417573 39.126
 123  55.150651  66.032524    23.505    23.461  3 55870.12982680 41.858
 124  55.149482  66.033986    23.901    23.879  4 55880.04547757 38.296
 125  55.150962  66.034363    24.304    24.276  3 55889.96112188 25.606
 126  55.150521  66.033915    25.237    24.941  3 55899.87676015 21.393
 127  55.150521  66.033596    24.185    23.756  3 55909.79239366 18.481
 128  55.147959  66.033883    24.267    24.480  3 55919.70804514 18.332
 132  55.152999  66.030396    25.139    25.477  3 55959.37063090 17.257
 133  55.147659  66.030391    23.788    23.947  3 55969.28626781 17.257
 138  55.146160  66.030300   110.256   110.256  2 56018.86447957  0.752
 142  55.149440  66.033956    97.236    92.538  3 56058.52704339 18.385
 143  55.147544  66.033645   106.499   107.875  3 56068.44267639 11.374
 144  55.148846  66.033740   107.659   107.750  4 56078.35832781  6.560
 145  55.149054  66.034040   103.868   105.707  3 56088.27397641  7.685
 146  55.148563  66.034374   109.167   109.167  2 56098.18962245  2.690
 148  55.147180  66.032120   110.296   110.662  3 56118.02089547  4.825
 149  55.147976  66.030419   109.861   109.869  3 56127.93653282  1.111
 150  55.148757  66.029622   109.581   109.062  4 56137.85216656  1.398
 152  55.150121  66.032059    25.621    27.006  3 56157.68346231 28.122
 154  55.148112  66.031691    22.373    22.354  3 56177.51475587 29.674
 155  55.149527  66.030553   108.680   108.824  3 56187.43039685  3.798
 156  55.149761  66.030152   100.740   100.104  4 56197.34603414 11.243
 157  55.147808  66.031220    88.214    91.628  3 56207.26166828 13.812
 158  55.149510  66.033122    99.295    99.925  4 56217.17730121  9.595
 159  55.150279  66.034421   104.888   104.790  3 56227.09294400  5.717
 160  55.150069  66.034311    23.253    23.280  3 56237.00859868 39.606
 161  55.149056  66.033557    23.614    23.620  4 56246.92424941 36.059
 162  55.148629  66.033238    24.454    23.988  3 56256.83989515 25.450
 163  55.149960  66.034017    23.711    23.648  3 56266.75553752 21.544
 164  55.147295  66.034539    23.518    23.473  3 56276.67117785 20.651
 165  55.150370  66.034187    24.409    23.637  3 56286.58682534 18.805
 166  55.148548  66.032082    26.010    26.362  3 56296.50247496 17.632
 173  55.148617  66.030175   100.337   100.337  2 56365.91196610  0.173
 174  55.143278  66.030015   105.677   105.677  2 56375.82761431  0.201
 176  55.148418  66.034441   109.999   109.896  3 56395.65890430  1.651
 177  55.146549  66.035340    24.219    24.219  2 56405.57454574 26.505
 178  55.147770  66.034877    96.619    96.500  3 56415.49018414  7.362
 179  55.151261  66.033484    91.879    97.837  3 56425.40581792 22.188
 180  55.147170  66.032789   106.181   108.378  3 56435.32146582 11.567
 181  55.148235  66.033438   107.053   109.032  3 56445.23711786  7.195
 182  55.150133  66.034658   108.973   109.034  3 56455.15276755  7.238
 183  55.147147  66.034287   108.048   109.407  3 56465.06841379  2.209
 185  55.148817  66.030034    23.727    22.922  4 56484.89969609 39.612
 186  55.147215  66.029185    24.216    23.149  3 56494.81533230 27.432
 187  55.147902  66.030624    22.298    22.341  3 56504.73096687 42.158
 188  55.148806  66.032728    25.902    25.771  3 56514.64659992 24.712
 189  55.147915  66.033505    23.330    22.550  3 56524.56225213 26.633
 193  55.148366  66.032407   106.033   107.061  3 56564.22483824  4.494
 194  55.146980  66.034812   108.553   108.553  2 56574.14047962  6.189
 195  55.144122  66.035834    23.342    23.342  2 56584.05611821 37.044
 196  55.146819  66.034971    23.499    23.499  2 56593.97175281 35.860
 197  55.150444  66.033653   109.774   109.873  3 56603.88740650  4.202
 198  55.148056  66.032686    26.216    26.278  3 56613.80305486 42.438
 199  55.149731  66.033268    24.045    24.070  4 56623.71869961 34.534
 200  55.147284  66.033858    24.825    24.776  3 56633.63434116 30.557
 201  55.149372  66.033808    24.761    24.896  3 56643.54997840 23.404
 202  55.149717  66.032311    98.942    99.270  4 56653.46563014  3.887
 209  55.150516  66.031464    95.564    95.813  3 56722.87513318  1.262
 211  55.142463  66.032934   111.838   111.838  2 56742.70643088  0.485
 212  55.147318  66.035242   102.910   102.910  2 56752.62207449  0.823
 213  55.144197  66.035940    23.063    23.063  2 56762.53771206 32.610
 214  55.146554  66.035049    24.434    24.434  2 56772.45334342 18.431
 215  55.148450  66.033859   109.498   110.325  3 56782.36900146  3.257
 216  55.149029  66.033121    77.784    73.128  4 56792.28465570 15.404
 217  55.149032  66.033374   111.588   113.223  3 56802.20030704 19.898
 218  55.147431  66.033809   106.388   108.660  3 56812.11595066 11.200
 219  55.149749  66.033641   107.395   108.533  4 56822.03159065  5.319
 220  55.151094  66.032352    96.044    95.991  3 56831.94722633  9.390
 221  55.147599  66.030623   101.495   101.913  3 56841.86285820  7.142
 222  55.148369  66.030257   101.976   102.042  3 56851.77849657 11.446
 225  55.147817  66.033462   104.004   104.084  3 56881.52545535  7.863
 226  55.149664  66.033137   109.470   108.457  3 56891.44110257  2.659
 227  55.142221  66.032082   111.017   111.017  2 56901.35674595  0.486
 228  55.149992  66.032892   106.343   109.516  3 56911.27238878  4.016
 229  55.148623  66.034054   106.801   108.765  4 56921.18802918  2.838
 230  55.146545  66.035308   100.884   100.813  3 56931.10366734  7.777
 231  55.145482  66.035406   108.046   108.046  2 56941.01930049  2.416
 232  55.146165  66.034652    23.424    23.509  3 56950.93494071 43.026
 233  55.149858  66.033783    24.085    24.069  3 56960.85059259 45.282
 234  55.149281  66.033258    25.231    25.645  3 56970.76623911 21.881
 235  55.149750  66.033228    95.992    96.036  4 56980.68188175  2.418
 245  55.148692  66.032516   103.958   101.872  3 57079.83830846  3.447
 246  55.150400  66.033427    98.668    98.317  3 57089.75394735  3.776
 247  55.147007  66.034807   105.943   105.943  2 57099.66960507  2.416
 248  55.145374  66.035620   106.557   106.557  2 57109.58525992  3.750
 249  55.147286  66.035188    22.732    22.594  3 57119.50090965 13.037
 252  55.146381  66.033415    95.840    95.871  3 57149.24782582  1.047
 253  55.149260  66.033617    84.205    77.441  3 57159.16345780 23.660
 254  55.148437  66.033042    99.342    95.908  3 57169.07910799 14.675
 255  55.150091  66.031995   100.781   107.305  4 57178.99476395 13.773
 256  55.148960  66.030962   106.532   108.037  3 57188.91041560 13.700
 257  55.150050  66.031183   108.272   108.077  4 57198.82606360  5.663
 258  55.144641  66.032009   102.846   102.846  2 57208.74169737  8.881
 260  55.150621  66.033236   109.757   109.698  3 57228.57298565  2.976
 261  55.148833  66.032701   109.932   110.151  4 57238.48862666  3.131
 262  55.148297  66.032351   110.691   110.585  3 57248.40426458  2.533
 264  55.149425  66.034357   109.287   109.578  3 57268.23553447  0.656
 265  55.146466  66.035520   105.830   105.830  2 57278.15118308  7.038
 266  55.143796  66.035477    95.081    95.081  2 57288.06683900  9.288
 267  55.149137  66.034586   104.053    99.786  3 57297.98249277  8.695
 268  55.148305  66.033129    24.696    24.924  3 57307.89814235 46.907
 269  55.150208  66.032873    23.875    23.887  3 57317.81378853 39.899
 270  55.150100  66.033435    23.992    24.040  3 57327.72943136 35.054
 271  55.151771  66.034235    23.859    23.894  3 57337.64507220 25.538
 272  55.151319  66.033667    24.320    23.933  3 57347.56072020 20.149
 276  55.147178  66.032031    25.371    25.724  3 57387.22328812 15.202
 280  55.148699  66.032104    25.943    26.021  4 57426.88586462 14.957
 281  55.142876  66.032845   110.695   110.695  2 57436.80151222  0.954
 282  55.144545  66.035010   101.614   101.614  2 57446.71715899  1.119
 284  55.144966  66.036091   111.148   111.148  2 57466.54844797  2.106
 285  55.151759  66.034172   110.431   110.115  3 57476.46408793  2.034
 287  55.148907  66.031608    22.857    22.896  3 57496.29535738 19.690
 288  55.149184  66.032964    97.390    97.576  4 57506.21099300 12.283
 289  55.151082  66.034230    94.927    95.060  3 57516.12664952  5.823
 290  55.149453  66.033631    99.757   100.428  4 57526.04230304 16.207
 291  55.150534  66.031611    89.040    90.541  3 57535.95795431 18.338
 292  55.148386  66.029967   104.489   102.081  3 57545.87360252 11.730
 293  55.150503  66.030414   105.515   104.793  3 57555.78924930  3.643
 294  55.147425  66.032324   107.957   107.697  3 57565.70489425  3.309
 295  55.149607  66.034084    27.384    27.343  3 57575.62053896 22.203
 297  55.149426  66.033266    23.277    23.213  3 57595.45182415 40.281
