# NaN NaN NaN ;Mean Elev.(m), Avg Gradient(m/km), RMS Gradient(m/km) - SRTM1     
#    7.742   0.498   9.221 ;Mean Elev.(m), Avg Gradient(m/km), RMS Gradient(m/km) - ASTER GDEM
#   39.000   1.016   8.309 ;Mean Elev.(m), Avg Gradient(m/km), RMS Gradient(m/km) - GMTED2010 
   2    23.072 54672.36856532 29.11  54.828090  65.736239 23.376 -100.00 -100.00 -100.00
   2    24.128 54672.36856591 25.89  54.834364  65.735755 12.964 -100.00 -100.00 -100.00
   2    24.006 54672.36856650 26.51  54.840638  65.735271 15.018 -100.00 -100.00 -100.00
   3     7.134 54682.28420909 14.36  54.829747  65.737108  5.723  272.21  270.31  270.36
   3     7.891 54682.28420968 16.48  54.836021  65.736624  8.426  272.21  270.31  270.36
   3     8.383 54682.28421027 16.85  54.842295  65.736140  8.251  272.21  270.31  270.36
   4    22.992 54692.19985193 25.04  54.834455  65.737515 16.642 -100.00 -100.00 -100.00
   4    22.573 54692.19985252 29.81  54.840729  65.737031   -100 -100.00 -100.00 -100.00
   4    25.619 54692.19985311 24.80  54.847003  65.736547 12.387 -100.00 -100.00 -100.00
   5     7.860 54702.11549155 13.46  54.830013  65.737700  3.914  270.52  270.18  268.79
   5     8.405 54702.11549214 14.03  54.836288  65.737216  3.873  270.52  270.18  268.79
   5     8.904 54702.11549273 15.32  54.842562  65.736732  5.442  270.52  270.18  268.79
   6    91.237 54712.03114004  2.72  54.833824  65.735752  4.096  261.30  259.86  260.35
   6   104.007 54712.03114063  1.36  54.840097  65.735269  2.951  261.30  259.86  260.35
   7    12.732 54721.94679110 26.94  54.833205  65.734007 18.174  262.23  261.00  261.20
   7    12.465 54721.94679169 20.65  54.839478  65.733524 13.578  262.23  261.00  261.20
   8    24.486 54731.86243951 24.24  54.832024  65.732889 15.510 -100.00 -100.00 -100.00
   8    22.491 54731.86244010 28.33  54.838296  65.732405 31.398 -100.00 -100.00 -100.00
   9    22.087 54741.77808590 40.82  54.827405  65.733457 19.441  259.13  258.05  258.60
   9    22.104 54741.77808649 41.89  54.833678  65.732974 17.861  259.13  258.05  258.60
   9    21.565 54741.77808708 49.10  54.839951  65.732489   -100  259.13  258.05  258.60
  10    23.120 54751.69373272 29.85  54.828736  65.733856 24.832  256.63  255.23  256.64
  10    23.284 54751.69373331 28.52  54.835009  65.733372 19.214  256.63  255.23  256.64
  10    25.552 54751.69373390 26.65  54.841282  65.732888 13.668  256.63  255.23  256.64
  11    24.506 54761.60937944 27.06  54.831156  65.733695 19.940 -100.00 -100.00 -100.00
  11    25.399 54761.60938003 26.11  54.837430  65.733211 16.226 -100.00 -100.00 -100.00
  12    22.221 54771.52502340 30.23  54.829638  65.732909   -100  257.04  256.93  257.97
  12    25.324 54771.52502399 24.38  54.835911  65.732425 12.698  257.04  256.93  257.97
  13    22.378 54781.44066439 40.93  54.829227  65.732146   -100 -100.00 -100.00 -100.00
  13    22.062 54781.44066498 43.91  54.835501  65.731662  0.882 -100.00 -100.00 -100.00
  14    20.830 54791.35630306 39.79  54.831530  65.731819 32.680  252.27  248.30  238.98
  14    20.815 54791.35630365 41.94  54.837803  65.731335   -100  252.27  248.30  238.98
  15    20.973 54801.27194004 26.95  54.827960  65.733219 17.706 -100.00 -100.00 -100.00
  15    21.139 54801.27194063 27.74  54.834234  65.732736 18.437 -100.00 -100.00 -100.00
  15    21.282 54801.27194122 29.21  54.840507  65.732252 24.026 -100.00 -100.00 -100.00
  16    21.703 54811.18757746 22.36  54.829030  65.734438 11.719 -100.00 -100.00 -100.00
  16    21.834 54811.18757805 23.08  54.835304  65.733955 13.159 -100.00 -100.00 -100.00
  16    21.893 54811.18757865 21.98  54.841577  65.733471 10.519 -100.00 -100.00 -100.00
  17    24.622 54821.10321821 13.99  54.830369  65.735252  4.993  251.76  248.31  238.45
  17    25.135 54821.10321880 15.78  54.836643  65.734768  7.199  251.76  248.31  238.45
  17    25.603 54821.10321939 15.32  54.842916  65.734285  6.431  251.76  248.31  238.45
  18    24.671 54831.01887049 11.87  54.830947  65.734975  3.279  247.95  242.94  233.31
  18    25.260 54831.01887108 12.27  54.837221  65.734491  3.266  247.95  242.94  233.31
  18    25.684 54831.01887167 12.38  54.843494  65.734007  3.056  247.95  242.94  233.31
  19    24.381 54840.93450893 12.74  54.827840  65.735183  4.276 -100.00 -100.00 -100.00
  19    24.874 54840.93450952 12.96  54.834113  65.734699  4.101 -100.00 -100.00 -100.00
  19    25.376 54840.93451011 12.59  54.840387  65.734215  3.125 -100.00 -100.00 -100.00
  20    24.940 54850.85015843 12.83  54.833786  65.735429  2.824 -100.00 -100.00 -100.00
  20    25.588 54850.85015902 13.46  54.840059  65.734945  3.322 -100.00 -100.00 -100.00
  21    24.345 54860.76580678 12.48  54.832309  65.736775  3.807 -100.00 -100.00 -100.00
  21    24.937 54860.76580737 12.25  54.838582  65.736290  3.091 -100.00 -100.00 -100.00
  21    25.645 54860.76580797 12.53  54.844856  65.735806  3.975 -100.00 -100.00 -100.00
  22    24.794 54870.68145554 13.59  54.834045  65.737291  4.402 -100.00 -100.00 -100.00
  22    25.281 54870.68145613 13.61  54.840319  65.736806  3.914 -100.00 -100.00 -100.00
  22    25.705 54870.68145672 13.55  54.846592  65.736322  3.412 -100.00 -100.00 -100.00
  23    25.072 54880.59710261 15.35  54.831880  65.736394  3.458 -100.00 -100.00 -100.00
  23    25.521 54880.59710320 15.31  54.838154  65.735909  3.689 -100.00 -100.00 -100.00
  23    25.814 54880.59710379 15.40  54.844428  65.735425  3.434 -100.00 -100.00 -100.00
  24    24.233 54890.51274627 15.93  54.827214  65.734456  4.597 -100.00 -100.00 -100.00
  24    24.917 54890.51274686 16.12  54.833488  65.733972  4.256 -100.00 -100.00 -100.00
  24    25.338 54890.51274745 16.33  54.839761  65.733488  4.187 -100.00 -100.00 -100.00
  25    24.402 54900.42838778 17.80  54.831700  65.732034  6.707 -100.00 -100.00 -100.00
  25    25.326 54900.42838837 17.50  54.837973  65.731550  6.076 -100.00 -100.00 -100.00
  26    21.454 54910.34402656 19.58  54.829237  65.732209 11.047 -100.00 -100.00 -100.00
  26    24.474 54910.34402715 17.61  54.835510  65.731725  7.738 -100.00 -100.00 -100.00
  27    24.382 54920.25966419 16.66  54.827929  65.733767  7.993 -100.00 -100.00 -100.00
  27    24.777 54920.25966478 18.54  54.834202  65.733283 10.891 -100.00 -100.00 -100.00
  27    25.567 54920.25966537 16.83  54.840475  65.732799  7.595 -100.00 -100.00 -100.00
  28    24.886 54930.17530154 12.60  54.828118  65.734913  2.971 -100.00 -100.00 -100.00
  28    25.304 54930.17530213 12.90  54.834391  65.734429  3.366 -100.00 -100.00 -100.00
  28    25.806 54930.17530272 12.75  54.840664  65.733945  3.142 -100.00 -100.00 -100.00
  29    25.102 54940.09093817 10.58  54.831926  65.734116  3.940 -100.00 -100.00 -100.00
  29    25.523 54940.09093876 11.29  54.838200  65.733632  5.224 -100.00 -100.00 -100.00
  30    25.043 54950.00657270 14.40  54.830326  65.732808  7.917 -100.00 -100.00 -100.00
  30    25.185 54950.00657329 14.54  54.836599  65.732325  8.050 -100.00 -100.00 -100.00
  31    20.128 54959.92221178 24.95  54.830135  65.731754   -100 -100.00 -100.00 -100.00
  31    21.279 54959.92221237 22.03  54.836408  65.731270 22.896 -100.00 -100.00 -100.00
  32    21.489 54969.83786021 33.31  54.828480  65.732398   -100 -100.00 -100.00 -100.00
  32    21.586 54969.83786080 32.28  54.834752  65.731915   -100 -100.00 -100.00 -100.00
  32    21.749 54969.83786139 33.15  54.841025  65.731431   -100 -100.00 -100.00 -100.00
  33    26.947 54979.75350746 37.53  54.827499  65.734006 27.407  248.25  252.74  253.75
  33    26.957 54979.75350805 36.21  54.833772  65.733523 21.071  248.25  252.74  253.75
  33    26.749 54979.75350864 35.05  54.840045  65.733039 20.393  248.25  252.74  253.75
  34    75.276 54989.66915483 22.29  54.829781  65.735060 21.991 -100.00 -100.00 -100.00
  34    75.203 54989.66915542 29.29  54.836054  65.734576   -100 -100.00 -100.00 -100.00
  34    75.426 54989.66915601 23.20  54.842327  65.734092 22.892 -100.00 -100.00 -100.00
  35    28.811 54999.58480216 48.02  54.831346  65.734946   -100 -100.00 -100.00 -100.00
  35    28.889 54999.58480276 49.14  54.837620  65.734462   -100 -100.00 -100.00 -100.00
  35    29.046 54999.58480335 48.15  54.843893  65.733978   -100 -100.00 -100.00 -100.00
  36    25.313 55009.50044747 28.54  54.830166  65.734791 19.143 -100.00 -100.00 -100.00
  36    25.576 55009.50044806 29.40  54.836439  65.734308 21.545 -100.00 -100.00 -100.00
  36    25.579 55009.50044865 32.97  54.842713  65.733824 31.026 -100.00 -100.00 -100.00
  37    25.079 55019.41609147 27.73  54.833249  65.734527 15.048  272.27  270.84  271.30
  37    23.434 55019.41609206 32.24  54.839522  65.734043 28.622  272.27  270.84  271.30
  38    22.365 55029.33173343 48.07  54.828590  65.735931   -100 -100.00 -100.00 -100.00
  38    22.268 55029.33173402 45.06  54.834863  65.735447   -100 -100.00 -100.00 -100.00
  38    22.412 55029.33173461 49.43  54.841137  65.734963   -100 -100.00 -100.00 -100.00
  39    24.796 55039.24737579 22.87  54.834432  65.736799 14.489 -100.00 -100.00 -100.00
  39    25.111 55039.24737638 24.97  54.840706  65.736315 18.853 -100.00 -100.00 -100.00
  39    25.908 55039.24737697 22.70  54.846980  65.735831 11.057 -100.00 -100.00 -100.00
  40    19.827 55049.16301632 31.42  54.834211  65.737564 28.603 -100.00 -100.00 -100.00
  40    22.912 55049.16301691 27.01  54.840485  65.737080 15.050 -100.00 -100.00 -100.00
  40    25.286 55049.16301751 26.90  54.846759  65.736596 15.287 -100.00 -100.00 -100.00
  41    21.628 55059.07865455 28.65  54.830733  65.736724 17.897 -100.00 -100.00 -100.00
  41    22.407 55059.07865514 27.36  54.837007  65.736240 14.805 -100.00 -100.00 -100.00
  41    23.002 55059.07865573 27.76  54.843280  65.735756 14.186 -100.00 -100.00 -100.00
  42    19.854 55068.99429379 35.73  54.827416  65.734526 30.515 -100.00 -100.00 -100.00
  42    19.013 55068.99429438 34.64  54.833689  65.734042 26.704 -100.00 -100.00 -100.00
  42    18.647 55068.99429497 35.40  54.839962  65.733559   -100 -100.00 -100.00 -100.00
  43    20.687 55078.90994351 39.97  54.825904  65.732306 18.942 -100.00 -100.00 -100.00
  43    20.837 55078.90994410 40.95  54.832176  65.731823 16.803 -100.00 -100.00 -100.00
  43    20.295 55078.90994469 47.01  54.838449  65.731339 31.238 -100.00 -100.00 -100.00
  44    20.074 55088.82559114 39.84  54.825934  65.732016   -100 -100.00 -100.00 -100.00
  44    19.540 55088.82559173 39.04  54.832206  65.731533 19.821 -100.00 -100.00 -100.00
  44    23.061 55088.82559232 28.24  54.838478  65.731049 26.053 -100.00 -100.00 -100.00
  45    21.194 55098.74123776 38.08  54.830893  65.733089 20.515  264.65  264.36  264.48
  45    21.006 55098.74123835 40.10  54.837166  65.732605 23.536  264.65  264.36  264.48
  46    21.247 55108.65688363 25.35  54.833460  65.734406 21.787 -100.00 -100.00 -100.00
  46    25.292 55108.65688422 23.28  54.839733  65.733922 14.696 -100.00 -100.00 -100.00
  47    22.738 55118.57252798 35.79  54.830620  65.734286 23.404  258.67  256.95  257.76
  47    22.600 55118.57252857 35.40  54.836893  65.733802 20.575  258.67  256.95  257.76
  47    22.509 55118.57252916 37.32  54.843167  65.733318 31.809  258.67  256.95  257.76
  48    24.656 55128.48817014 27.92  54.829180  65.732392 19.229 -100.00 -100.00 -100.00
  48    25.612 55128.48817073 25.35  54.835453  65.731908 11.322 -100.00 -100.00 -100.00
  49    19.973 55138.40380999 38.16  54.825516  65.730942   -100  254.83  256.66  258.71
  49    19.989 55138.40381058 40.16  54.831789  65.730459   -100  254.83  256.66  258.71
  49    20.082 55138.40381117 40.85  54.838062  65.729975   -100  254.83  256.66  258.71
  50    24.076 55148.31944904 30.71  54.830196  65.731035 21.165  255.78  253.65  248.20
  50    21.009 55148.31944963 30.54  54.836470  65.730552 19.034  255.78  253.65  248.20
  51    21.136 55158.23508716 29.31  54.831182  65.733385 18.012 -100.00 -100.00 -100.00
  51    24.923 55158.23508775 27.29  54.837455  65.732902 14.439 -100.00 -100.00 -100.00
  52    24.081 55168.15072482 23.11  54.829432  65.735726 11.809 -100.00 -100.00 -100.00
  52    24.710 55168.15072541 22.00  54.835706  65.735242  8.301 -100.00 -100.00 -100.00
  52    25.172 55168.15072600 21.00  54.841980  65.734758  8.316 -100.00 -100.00 -100.00
  53    24.667 55178.06636238 19.11  54.833456  65.736116  5.616  249.78  245.20  237.78
  53    25.063 55178.06636297 19.54  54.839730  65.735632  7.944  249.78  245.20  237.78
  53    25.539 55178.06636356 20.36  54.846004  65.735148  8.123  249.78  245.20  237.78
  54    24.390 55187.98200679 18.57  54.829678  65.735425  8.355 -100.00 -100.00 -100.00
  54    24.825 55187.98200738 17.29  54.835952  65.734942  5.666 -100.00 -100.00 -100.00
  54    25.254 55187.98200797 19.15  54.842226  65.734458  8.072 -100.00 -100.00 -100.00
  55    24.710 55197.89765793 18.28  54.833099  65.734523  8.127  249.20  243.38  229.93
  55    25.286 55197.89765852 17.40  54.839372  65.734039  6.508  249.20  243.38  229.93
  56    24.393 55207.81330719 17.18  54.828054  65.735624  6.355 -100.00 -100.00 -100.00
  56    24.724 55207.81330778 17.13  54.834328  65.735140  5.825 -100.00 -100.00 -100.00
  56    25.103 55207.81330837 17.49  54.840601  65.734656  7.055 -100.00 -100.00 -100.00
  57    23.846 55217.72895640 18.19  54.828736  65.737024  6.804 -100.00 -100.00 -100.00
  57    24.519 55217.72895699 17.99  54.835010  65.736540  6.613 -100.00 -100.00 -100.00
  57    24.877 55217.72895758 19.23  54.841284  65.736056  8.014 -100.00 -100.00 -100.00
  58    24.114 55227.64460510 16.92  54.831093  65.737137  5.296 -100.00 -100.00 -100.00
  58    24.700 55227.64460569 17.61  54.837367  65.736653  6.490 -100.00 -100.00 -100.00
  58    24.985 55227.64460629 19.80  54.843641  65.736169  9.277 -100.00 -100.00 -100.00
  59    24.156 55237.56025070 17.67  54.830022  65.735686  6.236 -100.00 -100.00 -100.00
  59    24.529 55237.56025129 17.50  54.836296  65.735202  5.583 -100.00 -100.00 -100.00
  59    25.189 55237.56025188 18.01  54.842570  65.734717  7.300 -100.00 -100.00 -100.00
  60    24.361 55247.47589269 17.33  54.827111  65.733206  5.367 -100.00 -100.00 -100.00
  60    24.936 55247.47589328 17.60  54.833384  65.732722  5.760 -100.00 -100.00 -100.00
  60    25.350 55247.47589387 18.05  54.839658  65.732238  6.658 -100.00 -100.00 -100.00
  61    24.238 55257.39153231 16.80  54.825753  65.731352  5.451 -100.00 -100.00 -100.00
  61    25.015 55257.39153290 16.66  54.832026  65.730868  5.556 -100.00 -100.00 -100.00
  61    25.199 55257.39153349 17.55  54.838299  65.730384  6.812 -100.00 -100.00 -100.00
  62    24.174 55267.30717118 18.88  54.826573  65.731585  7.437 -100.00 -100.00 -100.00
  62    24.661 55267.30717177 19.25  54.832846  65.731101  8.515 -100.00 -100.00 -100.00
  62    25.061 55267.30717236 19.05  54.839118  65.730617  8.191 -100.00 -100.00 -100.00
  63    24.558 55277.22280961 15.63  54.828834  65.733431  5.174 -100.00 -100.00 -100.00
  63    25.038 55277.22281020 15.82  54.835107  65.732947  4.367 -100.00 -100.00 -100.00
  63    25.598 55277.22281079 16.78  54.841380  65.732463  6.178 -100.00 -100.00 -100.00
  64    24.975 55287.13844658 11.93  54.827534  65.735042  2.998 -100.00 -100.00 -100.00
  64    25.457 55287.13844717 12.45  54.833808  65.734559  3.324 -100.00 -100.00 -100.00
  64    25.837 55287.13844776 12.68  54.840081  65.734075  3.392 -100.00 -100.00 -100.00
  65    22.226 55297.05408143 15.39  54.827339  65.734881 12.374  258.00  251.43  239.47
  65    25.032 55297.05408202 12.06  54.833613  65.734397  6.599  258.00  251.43  239.47
  65    25.379 55297.05408261 12.45  54.839886  65.733914  6.810  258.00  251.43  239.47
  66    24.769 55306.96972312 18.67  54.831697  65.732550  9.486 -100.00 -100.00 -100.00
  66    25.468 55306.96972371 20.23  54.837969  65.732066 12.793 -100.00 -100.00 -100.00
  67    22.452 55316.88536942 32.04  54.827210  65.731238 24.270 -100.00 -100.00 -100.00
  67    23.751 55316.88537001 29.73  54.833482  65.730755 18.016 -100.00 -100.00 -100.00
  67    24.621 55316.88537060 30.09  54.839754  65.730271 16.904 -100.00 -100.00 -100.00
  68    26.423 55326.80101510 50.50  54.830245  65.731400   -100 -100.00 -100.00 -100.00
  68    26.379 55326.80101569 51.60  54.836517  65.730916   -100 -100.00 -100.00 -100.00
  69    28.847 55336.71665946 53.58  54.830614  65.733496   -100 -100.00 -100.00 -100.00
  69    28.600 55336.71666005 54.60  54.836887  65.733012 26.630 -100.00 -100.00 -100.00
  70    23.034 55346.63230339 46.32  54.831363  65.735463   -100  267.75  266.63  267.26
  70    22.744 55346.63230398 44.60  54.837636  65.734979  1.109  267.75  266.63  267.26
  70    23.258 55346.63230457 35.60  54.843909  65.734495 21.445  267.75  266.63  267.26
  71    24.454 55356.54794580 36.58  54.830165  65.736134   -100 -100.00 -100.00 -100.00
  71    24.681 55356.54794639 31.87  54.836439  65.735650 21.252 -100.00 -100.00 -100.00
  71    24.633 55356.54794698 31.38  54.842713  65.735166 21.742 -100.00 -100.00 -100.00
  72    23.117 55366.46358663 34.26  54.833051  65.735482 26.916 -100.00 -100.00 -100.00
  72    23.418 55366.46358722 31.71  54.839324  65.734998 17.080 -100.00 -100.00 -100.00
  73    24.753 55376.37922531 27.61  54.828623  65.735360 20.773 -100.00 -100.00 -100.00
  73    25.092 55376.37922590 24.56  54.834896  65.734876 15.631 -100.00 -100.00 -100.00
  73    23.434 55376.37922649 35.00  54.841170  65.734392   -100 -100.00 -100.00 -100.00
  74    22.040 55386.29486378 32.59  54.832070  65.735600   -100 -100.00 -100.00 -100.00
  74    23.039 55386.29486437 31.69  54.838344  65.735117 31.703 -100.00 -100.00 -100.00
  74    23.788 55386.29486496 27.94  54.844617  65.734633 17.093 -100.00 -100.00 -100.00
  75    22.363 55396.21050075 25.01  54.829184  65.736785 16.362 -100.00 -100.00 -100.00
  75    22.903 55396.21050134 26.65  54.835458  65.736302 21.988 -100.00 -100.00 -100.00
  75    23.268 55396.21050193 26.90  54.841732  65.735818 23.268 -100.00 -100.00 -100.00
  76    20.281 55406.12614248 43.03  54.833193  65.736902   -100 -100.00 -100.00 -100.00
  76    20.771 55406.12614307 42.24  54.839467  65.736418 23.588 -100.00 -100.00 -100.00
  76    20.251 55406.12614366 48.37  54.845740  65.735934   -100 -100.00 -100.00 -100.00
  77    19.638 55416.04179381 36.70  54.832735  65.735576   -100  268.92  268.13  267.76
  77    19.639 55416.04179440 31.51  54.839008  65.735092 27.365  268.92  268.13  267.76
  77    22.620 55416.04179499 27.88  54.845281  65.734608 16.056  268.92  268.13  267.76
  78    19.658 55425.95744157 33.19  54.828982  65.733359   -100  263.74  262.64  262.90
  78    21.139 55425.95744216 27.67  54.835254  65.732875 22.568  263.74  262.64  262.90
  78    23.078 55425.95744275 27.61  54.841527  65.732391 22.312  263.74  262.64  262.90
  79    20.502 55435.87308707 37.04  54.830075  65.731397   -100 -100.00 -100.00 -100.00
  79    20.695 55435.87308766 41.07  54.836347  65.730914   -100 -100.00 -100.00 -100.00
  80    21.141 55445.78873060 27.91  54.825558  65.731736 22.744  259.84  258.68  258.72
  80    23.242 55445.78873119 26.91  54.831831  65.731252 18.697  259.84  258.68  258.72
  80    25.578 55445.78873178 24.67  54.838103  65.730768 12.536  259.84  258.68  258.72
  81    21.711 55455.70437409 39.55  54.829133  65.732929   -100 -100.00 -100.00 -100.00
  81    21.987 55455.70437468 41.32  54.835406  65.732446 21.633 -100.00 -100.00 -100.00
  81    21.608 55455.70437527 44.24  54.841679  65.731961   -100 -100.00 -100.00 -100.00
  82    24.672 55465.62001691 25.42  54.833224  65.734160 11.122 -100.00 -100.00 -100.00
  82    25.403 55465.62001750 22.64  54.839497  65.733676  6.038 -100.00 -100.00 -100.00
  83    21.748 55475.53565602 32.29  54.828735  65.734457   -100 -100.00 -100.00 -100.00
  83    23.925 55475.53565661 25.73  54.835008  65.733973 12.382 -100.00 -100.00 -100.00
  83    25.836 55475.53565720 22.41  54.841282  65.733489  7.212 -100.00 -100.00 -100.00
  84    24.450 55485.45129231 24.72  54.826733  65.733100 14.537  254.89  254.18  256.22
  84    25.188 55485.45129290 24.00  54.833007  65.732617 11.835  254.89  254.18  256.22
  84    25.611 55485.45129349 24.30  54.839280  65.732133 10.990  254.89  254.18  256.22
  85    21.653 55495.36692700 44.27  54.830015  65.731402   -100  255.90  254.86  256.31
  85    21.618 55495.36692759 49.72  54.836289  65.730918   -100  255.90  254.86  256.31
  86    21.521 55505.28256064 43.38  54.827295  65.732265 30.529 -100.00 -100.00 -100.00
  86    21.419 55505.28256123 46.53  54.833569  65.731782   -100 -100.00 -100.00 -100.00
  86    21.393 55505.28256182 51.74  54.839842  65.731298   -100 -100.00 -100.00 -100.00
  87    21.712 55515.19821154 41.45  54.831705  65.733760 30.817 -100.00 -100.00 -100.00
  87    21.528 55515.19821213 43.48  54.837979  65.733276   -100 -100.00 -100.00 -100.00
  88    22.381 55525.11386116 39.21  54.832163  65.735663   -100 -100.00 -100.00 -100.00
  88    22.420 55525.11386175 40.31  54.838437  65.735180 32.686 -100.00 -100.00 -100.00
  88    22.236 55525.11386234 43.23  54.844711  65.734696   -100 -100.00 -100.00 -100.00
  89    24.074 55535.02950883 24.12  54.831911  65.736278  8.226 -100.00 -100.00 -100.00
  89    24.751 55535.02950942 24.49  54.838185  65.735794  7.796 -100.00 -100.00 -100.00
  89    22.396 55535.02951001 24.33  54.844459  65.735310  8.503 -100.00 -100.00 -100.00
  90    24.280 55544.94515427 20.41  54.828885  65.735914  5.006 -100.00 -100.00 -100.00
  90    24.708 55544.94515486 20.56  54.835159  65.735430  5.181 -100.00 -100.00 -100.00
  90    25.373 55544.94515545 20.89  54.841432  65.734946  5.444 -100.00 -100.00 -100.00
  91    24.309 55554.86079823 19.35  54.830341  65.735306  4.467 -100.00 -100.00 -100.00
  91    25.039 55554.86079882 19.12  54.836615  65.734822  4.361 -100.00 -100.00 -100.00
  91    25.680 55554.86079941 19.49  54.842888  65.734338  4.963 -100.00 -100.00 -100.00
  92    24.594 55564.77644116 17.96  54.831508  65.735526  3.883  255.61  252.01  245.01
  92    25.095 55564.77644175 17.93  54.837782  65.735042  3.979  255.61  252.01  245.01
  92    25.653 55564.77644234 17.89  54.844055  65.734558  3.904  255.61  252.01  245.01
  93    24.784 55574.69208361 17.90  54.834200  65.735816  4.798  255.04  251.44  244.05
  93    25.363 55574.69208420 17.86  54.840474  65.735332  4.363  255.04  251.44  244.05
  94    24.356 55584.60772374 16.95  54.828434  65.735826  4.869 -100.00 -100.00 -100.00
  94    24.838 55584.60772433 18.10  54.834708  65.735342  5.887 -100.00 -100.00 -100.00
  94    25.405 55584.60772492 17.08  54.840982  65.734858  4.503 -100.00 -100.00 -100.00
  95    24.734 55594.52336104 16.17  54.828072  65.734553  4.268  252.72  246.50  232.72
  95    24.857 55594.52336163 17.93  54.834346  65.734069  6.480  252.72  246.50  232.72
  95    25.446 55594.52336222 17.14  54.840620  65.733585  5.590  252.72  246.50  232.72
  96    24.876 55604.43899521 16.75  54.829387  65.733044  5.300  250.04  242.57  226.14
  96    25.065 55604.43899580 17.87  54.835660  65.732561  6.778  250.04  242.57  226.14
  96    25.696 55604.43899639 16.75  54.841934  65.732077  5.874  250.04  242.57  226.14
  97    24.962 55614.35462719 15.95  54.829800  65.732517  4.052  254.83  248.02  233.35
  97    25.128 55614.35462778 15.87  54.836074  65.732034  4.256  254.83  248.02  233.35
  98    24.532 55624.27026585 16.54  54.830323  65.733024  6.322 -100.00 -100.00 -100.00
  98    25.117 55624.27026644 16.68  54.836596  65.732540  6.255 -100.00 -100.00 -100.00
  99    24.818 55634.18591846 16.36  54.830443  65.733699  5.460 -100.00 -100.00 -100.00
  99    25.129 55634.18591905 17.65  54.836716  65.733215  6.810 -100.00 -100.00 -100.00
  99    25.805 55634.18591964 16.24  54.842989  65.732731  5.135 -100.00 -100.00 -100.00
 100    25.003 55644.10156898 15.81  54.831943  65.733847  4.744  255.50  246.48  227.47
 100    25.228 55644.10156957 16.93  54.838216  65.733364  5.543  255.50  246.48  227.47
 101    24.308 55654.01721632 16.80  54.829492  65.733609  6.729 -100.00 -100.00 -100.00
 101    25.209 55654.01721691 16.71  54.835765  65.733125  6.102 -100.00 -100.00 -100.00
 101    25.800 55654.01721750 15.51  54.842037  65.732642  4.897 -100.00 -100.00 -100.00
 102    20.502 55663.93285963 20.88  54.831714  65.732425 15.178 -100.00 -100.00 -100.00
 102    23.089 55663.93286023 21.60  54.837986  65.731941 16.031 -100.00 -100.00 -100.00
 103    22.078 55673.84849929 30.40  54.826988  65.732342 24.179 -100.00 -100.00 -100.00
 103    22.080 55673.84849988 31.53  54.833260  65.731858 26.293 -100.00 -100.00 -100.00
 103    22.097 55673.84850047 28.76  54.839532  65.731374 19.545 -100.00 -100.00 -100.00
 104    25.205 55683.76413817 30.44  54.831244  65.732665 24.191  258.86  257.14  254.14
 104    25.184 55683.76413876 33.65  54.837516  65.732181   -100  258.86  257.14  254.14
 105    26.201 55693.67977516 29.58  54.829642  65.734424 13.613 -100.00 -100.00 -100.00
 105    26.316 55693.67977575 28.76  54.835915  65.733940 13.344 -100.00 -100.00 -100.00
 105    26.404 55693.67977634 32.12  54.842188  65.733456 22.705 -100.00 -100.00 -100.00
 106    24.660 55703.59541077 45.50  54.828893  65.736113   -100 -100.00 -100.00 -100.00
 106    24.529 55703.59541136 47.04  54.835166  65.735630   -100 -100.00 -100.00 -100.00
 106    24.610 55703.59541195 45.99  54.841440  65.735146   -100 -100.00 -100.00 -100.00
 107    27.018 55713.51105615 51.85  54.833005  65.736344 15.313  266.66  265.50  266.20
 107    27.218 55713.51105674 51.50  54.839279  65.735861   -100  266.66  265.50  266.20
 107    26.990 55713.51105733 54.93  54.845553  65.735377   -100  266.66  265.50  266.20
 108    26.099 55723.42670531 30.29  54.832483  65.736091 19.059  261.49  259.45  260.74
 108    26.514 55723.42670591 30.59  54.838757  65.735607 20.659  261.49  259.45  260.74
 108    26.828 55723.42670650 29.68  54.845031  65.735123 17.603  261.49  259.45  260.74
 109    22.178 55733.34235255 37.30  54.832207  65.735905   -100  272.76  271.13  271.93
 109    23.049 55733.34235314 34.37  54.838480  65.735421 31.925  272.76  271.13  271.93
 109    23.101 55733.34235373 33.91  54.844754  65.734937 30.872  272.76  271.13  271.93
 110    21.110 55743.25799869 46.65  54.833679  65.735831   -100 -100.00 -100.00 -100.00
 110    21.183 55743.25799928 45.78  54.839952  65.735347   -100 -100.00 -100.00 -100.00
 111    19.818 55753.17364283 32.03  54.828376  65.736042 21.469 -100.00 -100.00 -100.00
 111    22.827 55753.17364342 29.94  54.834650  65.735558 15.425 -100.00 -100.00 -100.00
 111    22.793 55753.17364401 31.88  54.840923  65.735074 21.515 -100.00 -100.00 -100.00
 112    19.336 55763.08928531 38.41  54.829324  65.735020 18.514 -100.00 -100.00 -100.00
 112    19.238 55763.08928590 37.71  54.835597  65.734536 10.946 -100.00 -100.00 -100.00
 112    22.823 55763.08928649 32.62  54.841871  65.734052   -100 -100.00 -100.00 -100.00
 113    19.305 55773.00492510 34.93  54.831421  65.733495   -100 -100.00 -100.00 -100.00
 113    22.359 55773.00492569 26.81  54.837694  65.733012 19.048 -100.00 -100.00 -100.00
 114    19.179 55782.92056116 31.76  54.830870  65.732311 28.059 -100.00 -100.00 -100.00
 114    18.863 55782.92056175 34.35  54.837142  65.731828   -100 -100.00 -100.00 -100.00
 115    19.037 55792.83619461 31.43  54.830479  65.732595   -100 -100.00 -100.00 -100.00
 115    18.911 55792.83619520 35.90  54.836752  65.732112   -100 -100.00 -100.00 -100.00
 116    19.359 55802.75182911 36.03  54.830037  65.733745 27.032 -100.00 -100.00 -100.00
 116    19.958 55802.75182970 38.30  54.836310  65.733262 20.346 -100.00 -100.00 -100.00
 116    20.416 55802.75183029 40.35  54.842582  65.732778 15.876 -100.00 -100.00 -100.00
 117    19.111 55812.66747904 33.25  54.830902  65.734295 27.845 -100.00 -100.00 -100.00
 117    19.038 55812.66747963 34.47  54.837175  65.733811   -100 -100.00 -100.00 -100.00
 117    18.996 55812.66748022 35.62  54.843448  65.733327   -100 -100.00 -100.00 -100.00
 118    19.168 55822.58312705 39.53  54.829181  65.734137   -100  267.69  267.13  267.69
 118    19.255 55822.58312764 37.15  54.835455  65.733653   -100  267.69  267.13  267.69
 118    19.243 55822.58312823 40.21  54.841728  65.733169   -100  267.69  267.13  267.69
 119    19.511 55832.49877068 39.58  54.831562  65.733079 23.526 -100.00 -100.00 -100.00
 119    19.211 55832.49877127 40.44  54.837836  65.732595 30.604 -100.00 -100.00 -100.00
 120    90.073 55842.41440956  5.28  54.830349  65.732514  4.222 -100.00 -100.00 -100.00
 120    92.616 55842.41441015  4.07  54.836623  65.732030  4.105 -100.00 -100.00 -100.00
 121    82.643 55852.33004531  8.86  54.828549  65.733037  4.645 -100.00 -100.00 -100.00
 121    81.834 55852.33004590  8.29  54.834823  65.732553  5.282 -100.00 -100.00 -100.00
 121    81.316 55852.33004649  7.57  54.841096  65.732070  5.790 -100.00 -100.00 -100.00
 122    22.196 55862.24567961 42.75  54.829049  65.734589 12.437 -100.00 -100.00 -100.00
 122    22.465 55862.24568020 41.38  54.835323  65.734106   -100 -100.00 -100.00 -100.00
 122    22.236 55862.24568079 35.90  54.841597  65.733622   -100 -100.00 -100.00 -100.00
 123    20.441 55872.16133403 32.19  54.828832  65.735642 25.409 -100.00 -100.00 -100.00
 123    20.427 55872.16133462 36.83  54.835106  65.735159   -100 -100.00 -100.00 -100.00
 123    20.471 55872.16133521 36.81  54.841380  65.734675   -100 -100.00 -100.00 -100.00
 124    20.929 55882.07698390 29.09  54.831389  65.735964 22.735 -100.00 -100.00 -100.00
 124    20.859 55882.07698449 32.39  54.837663  65.735481   -100 -100.00 -100.00 -100.00
 124    21.059 55882.07698508 29.16  54.843937  65.734997 23.652 -100.00 -100.00 -100.00
 125    24.300 55891.99262695 21.97  54.830694  65.735972  8.849 -100.00 -100.00 -100.00
 125    24.885 55891.99262754 21.43  54.836968  65.735488  7.294 -100.00 -100.00 -100.00
 125    25.142 55891.99262813 21.78  54.843242  65.735004  9.010 -100.00 -100.00 -100.00
 126    24.933 55901.90826449 15.88  54.832546  65.735882  4.319  259.60  259.90  260.32
 126    25.282 55901.90826509 16.10  54.838820  65.735398  4.328  259.60  259.90  260.32
 126    25.700 55901.90826568 16.72  54.845093  65.734914  5.016  259.60  259.90  260.32
 127    24.213 55911.82389868 15.93  54.829141  65.736712  5.979  254.49  251.00  245.58
 127    24.594 55911.82389927 16.29  54.835414  65.736229  5.426  254.49  251.00  245.58
 127    25.177 55911.82389986 16.59  54.841688  65.735745  6.132  254.49  251.00  245.58
 128    24.245 55921.73955316 16.95  54.829726  65.736820  6.234 -100.00 -100.00 -100.00
 128    24.364 55921.73955375 17.96  54.836000  65.736336  7.490 -100.00 -100.00 -100.00
 128    25.381 55921.73955434 17.26  54.842274  65.735852  7.248 -100.00 -100.00 -100.00
 129    24.250 55931.65520488 17.60  54.829257  65.736233  6.780 -100.00 -100.00 -100.00
 129    24.225 55931.65520547 19.05  54.835531  65.735750  9.029 -100.00 -100.00 -100.00
 129    25.171 55931.65520606 18.47  54.841805  65.735266  7.515 -100.00 -100.00 -100.00
 130    24.182 55941.57085247 18.54  54.827934  65.734533  7.532 -100.00 -100.00 -100.00
 130    24.754 55941.57085306 18.87  54.834208  65.734049  9.441 -100.00 -100.00 -100.00
 130    24.922 55941.57085365 20.76  54.840482  65.733565 12.011 -100.00 -100.00 -100.00
 131    24.040 55951.48649590 21.95  54.829541  65.732311 15.078 -100.00 -100.00 -100.00
 131    24.399 55951.48649649 19.71  54.835815  65.731828 11.110 -100.00 -100.00 -100.00
 132    20.748 55961.40213507 18.74  54.825430  65.731891  9.607 -100.00 -100.00 -100.00
 132    20.301 55961.40213566 19.32  54.831704  65.731408 10.918 -100.00 -100.00 -100.00
 132    24.492 55961.40213625 17.60  54.837977  65.730924  8.163 -100.00 -100.00 -100.00
 133    23.821 55971.31777276 19.20  54.829420  65.732573  7.897 -100.00 -100.00 -100.00
 133    24.088 55971.31777335 19.26  54.835693  65.732090  8.742 -100.00 -100.00 -100.00
 134    24.270 55981.23340883 17.70  54.829206  65.734390  6.024 -100.00 -100.00 -100.00
 134    24.305 55981.23340942 18.17  54.835480  65.733906  6.709 -100.00 -100.00 -100.00
 134    24.602 55981.23341001 17.37  54.841753  65.733422  5.108 -100.00 -100.00 -100.00
 135    24.331 55991.14904370 16.39  54.828885  65.735101  5.340 -100.00 -100.00 -100.00
 135    24.072 55991.14904429 16.85  54.835159  65.734617  7.043 -100.00 -100.00 -100.00
 135    25.102 55991.14904488 16.99  54.841432  65.734133  6.277 -100.00 -100.00 -100.00
 136    24.090 56001.06468993 18.67  54.833189  65.733879  7.154 -100.00 -100.00 -100.00
 136    24.470 56001.06469052 18.18  54.839462  65.733396  6.805 -100.00 -100.00 -100.00
 137    23.973 56010.98034004 18.97  54.830029  65.732453  6.514 -100.00 -100.00 -100.00
 137    24.529 56010.98034063 18.56  54.836302  65.731970  5.638 -100.00 -100.00 -100.00
 138    23.739 56020.89598623 17.11  54.826869  65.732208  5.912 -100.00 -100.00 -100.00
 138    24.834 56020.89598682 16.65  54.833142  65.731724  5.221 -100.00 -100.00 -100.00
 138    25.135 56020.89598741 16.24  54.839414  65.731241  4.662 -100.00 -100.00 -100.00
 139    25.943 56030.81162981  8.22  54.828183  65.733103  2.590 -100.00 -100.00 -100.00
 139    25.931 56030.81163040  8.64  54.834455  65.732619  2.813 -100.00 -100.00 -100.00
 139    25.909 56030.81163100  8.92  54.840727  65.732135  3.239 -100.00 -100.00 -100.00
 140    18.927 56040.72727124 25.29  54.828424  65.735033 19.484 -100.00 -100.00 -100.00
 140    18.819 56040.72727183 24.61  54.834697  65.734549 21.847 -100.00 -100.00 -100.00
 140    19.075 56040.72727242 25.65  54.840970  65.734065 21.041 -100.00 -100.00 -100.00
 141    23.553 56050.64291042 46.08  54.828112  65.736375 15.682 -100.00 -100.00 -100.00
 141    23.543 56050.64291101 39.81  54.834385  65.735892   -100 -100.00 -100.00 -100.00
 141    23.482 56050.64291161 34.64  54.840659  65.735408   -100 -100.00 -100.00 -100.00
 142    24.873 56060.55854757 27.48  54.834191  65.736346 12.280  248.90  248.73  251.04
 142    24.769 56060.55854816 28.99  54.840465  65.735862 16.216  248.90  248.73  251.04
 143    27.015 56070.47418437 30.12  54.832812  65.735895 16.156 -100.00 -100.00 -100.00
 143    27.273 56070.47418496 30.23  54.839086  65.735411 15.277 -100.00 -100.00 -100.00
 143    27.615 56070.47418555 31.30  54.845359  65.734928 14.757 -100.00 -100.00 -100.00
 144    24.983 56080.38983507 48.11  54.831413  65.735460 14.705 -100.00 -100.00 -100.00
 144    25.155 56080.38983566 47.14  54.837687  65.734976   -100 -100.00 -100.00 -100.00
 144    25.272 56080.38983625 49.08  54.843960  65.734492   -100 -100.00 -100.00 -100.00
 145    23.499 56090.30548298 31.95  54.829064  65.735948 28.579 -100.00 -100.00 -100.00
 145    24.625 56090.30548357 29.80  54.835338  65.735464 22.863 -100.00 -100.00 -100.00
 145    24.242 56090.30548416 29.05  54.841612  65.734980 22.386 -100.00 -100.00 -100.00
 146    24.596 56100.22112917 25.34  54.834481  65.736340 15.200 -100.00 -100.00 -100.00
 146    24.800 56100.22112976 25.63  54.840754  65.735856 16.626 -100.00 -100.00 -100.00
 147    23.035 56110.13676060 26.49  54.832274  65.736147 16.870  270.09  270.48  269.60
 147    24.802 56110.13676119 24.60  54.838548  65.735663 11.118  270.09  270.48  269.60
 147    23.687 56110.13676178 30.75  54.844821  65.735179 24.704  270.09  270.48  269.60
 148    20.564 56120.05240061 40.41  54.830812  65.734454 26.459  270.50  270.73  269.63
 148    20.354 56120.05240120 41.79  54.837085  65.733970 30.858  270.50  270.73  269.63
 148    20.158 56120.05240179 43.71  54.843358  65.733487   -100  270.50  270.73  269.63
 149    19.907 56129.96803693 37.12  54.829056  65.732456  4.517 -100.00 -100.00 -100.00
 149    19.868 56129.96803752 33.95  54.835329  65.731972   -100 -100.00 -100.00 -100.00
 150    21.166 56139.88367015 40.49  54.828091  65.731774 21.262 -100.00 -100.00 -100.00
 150    20.672 56139.88367074 45.87  54.834363  65.731291   -100 -100.00 -100.00 -100.00
 150    20.230 56139.88367133 52.12  54.840635  65.730807 31.199 -100.00 -100.00 -100.00
 151    20.210 56149.79932041 38.57  54.827475  65.732920   -100 -100.00 -100.00 -100.00
 151    20.421 56149.79932100 38.77  54.833747  65.732437   -100 -100.00 -100.00 -100.00
 151    21.334 56149.79932159 41.74  54.840020  65.731953 19.111 -100.00 -100.00 -100.00
 152    20.295 56159.71496961 38.86  54.830052  65.734668   -100 -100.00 -100.00 -100.00
 152    20.137 56159.71497020 29.91  54.836325  65.734184 23.425 -100.00 -100.00 -100.00
 152    20.043 56159.71497079 33.78  54.842598  65.733700   -100 -100.00 -100.00 -100.00
 153    24.310 56169.63061737 23.40  54.831858  65.735265 18.561 -100.00 -100.00 -100.00
 153    25.332 56169.63061796 19.89  54.838132  65.734781  9.410 -100.00 -100.00 -100.00
 153    25.628 56169.63061855 23.39  54.844405  65.734297 15.718 -100.00 -100.00 -100.00
 154    19.861 56179.54626114 28.91  54.827747  65.734307 16.479  268.85  267.95  267.41
 154    19.045 56179.54626173 32.92  54.834021  65.733823 29.945  268.85  267.95  267.41
 154    19.042 56179.54626232 30.44  54.840294  65.733339 19.800  268.85  267.95  267.41
 155    21.535 56189.46190113 35.95  54.827516  65.732552 18.793 -100.00 -100.00 -100.00
 155    20.869 56189.46190172 39.93  54.833790  65.732069   -100 -100.00 -100.00 -100.00
 155    20.767 56189.46190231 45.94  54.840063  65.731585  3.728 -100.00 -100.00 -100.00
 156    21.413 56199.37753841 40.81  54.831870  65.731737 32.698  265.46  265.35  266.19
 156    21.287 56199.37753900 44.79  54.838144  65.731253   -100  265.46  265.35  266.19
 157    21.732 56209.29317227 41.79  54.828610  65.733818 30.978  262.77  261.55  262.94
 157    22.216 56209.29317286 44.86  54.834884  65.733335 20.997  262.77  261.55  262.94
 157    21.604 56209.29317345 50.24  54.841158  65.732851   -100  262.77  261.55  262.94
 158    24.316 56219.20880467 22.86  54.828871  65.736501 10.179 -100.00 -100.00 -100.00
 158    24.801 56219.20880526 22.70  54.835146  65.736018 11.830 -100.00 -100.00 -100.00
 158    25.380 56219.20880585 21.22  54.841420  65.735534  9.338 -100.00 -100.00 -100.00
 159    24.426 56229.12445259 19.63  54.833647  65.737554  8.495  258.24  256.40  257.08
 159    24.745 56229.12445318 19.92  54.839921  65.737070  8.597  258.24  256.40  257.08
 159    24.967 56229.12445377 23.00  54.846195  65.736587 15.816  258.24  256.40  257.08
 160    20.098 56239.04010628 32.26  54.832854  65.736945 28.676  259.26  257.77  256.45
 160    20.120 56239.04010687 34.91  54.839128  65.736462   -100  259.26  257.77  256.45
 160    20.437 56239.04010746 36.12  54.845402  65.735978 31.403  259.26  257.77  256.45
 161    20.241 56248.95575612 30.71  54.832282  65.735701 25.136 -100.00 -100.00 -100.00
 161    20.354 56248.95575671 31.92  54.838556  65.735217 29.856 -100.00 -100.00 -100.00
 161    20.495 56248.95575730 30.21  54.844829  65.734733 18.988 -100.00 -100.00 -100.00
 162    23.503 56258.87140065 20.57  54.827529  65.735246  8.811  237.05  230.52  222.12
 162    24.121 56258.87140124 20.16  54.833802  65.734762  7.451  237.05  230.52  222.12
 162    24.779 56258.87140183 20.28  54.840076  65.734278  7.616  237.05  230.52  222.12
 163    21.620 56268.78704273 20.54  54.828663  65.735785 10.293 -100.00 -100.00 -100.00
 163    24.384 56268.78704332 19.60  54.834937  65.735301  8.531 -100.00 -100.00 -100.00
 163    24.755 56268.78704391 19.50  54.841210  65.734817  7.931 -100.00 -100.00 -100.00
 164    23.793 56278.70268299 18.65  54.828811  65.736520  5.995 -100.00 -100.00 -100.00
 164    24.417 56278.70268358 18.33  54.835085  65.736036  6.069 -100.00 -100.00 -100.00
 164    20.340 56278.70268417 20.90  54.841359  65.735552 10.264 -100.00 -100.00 -100.00
 165    24.232 56288.61833314 18.17  54.833833  65.735957  5.759 -100.00 -100.00 -100.00
 165    24.684 56288.61833373 18.95  54.840107  65.735473  8.070 -100.00 -100.00 -100.00
 166    23.705 56298.53398164 19.17  54.831007  65.734187  7.645 -100.00 -100.00 -100.00
 166    24.492 56298.53398223 18.88  54.837281  65.733703  6.829 -100.00 -100.00 -100.00
 166    25.221 56298.53398282 19.14  54.843555  65.733218  6.803 -100.00 -100.00 -100.00
 167    24.281 56308.44962633 18.39  54.829179  65.731975  5.466  243.84  235.68  216.91
 167    24.849 56308.44962692 18.10  54.835453  65.731491  5.948  243.84  235.68  216.91
 168    23.945 56318.36526876 20.36  54.830587  65.730856  8.725 -100.00 -100.00 -100.00
 168    24.606 56318.36526935 19.93  54.836860  65.730372  7.529 -100.00 -100.00 -100.00
 169    20.801 56328.28090961 23.61  54.828827  65.732456 16.734 -100.00 -100.00 -100.00
 169    24.318 56328.28091020 20.76  54.835100  65.731972 10.782 -100.00 -100.00 -100.00
 169    24.840 56328.28091080 19.17  54.841373  65.731488  7.491 -100.00 -100.00 -100.00
 170    21.230 56338.19654960 22.92  54.828130  65.734777 11.002  250.39  243.08  226.34
 170    18.497 56338.19655019 29.21  54.834404  65.734293 29.002  250.39  243.08  226.34
 170    20.041 56338.19655078 25.08  54.840677  65.733809 15.923  250.39  243.08  226.34
 171    24.200 56348.11218827 20.19  54.833262  65.735598  6.994 -100.00 -100.00 -100.00
 171    24.521 56348.11218886 20.25  54.839535  65.735114  7.423 -100.00 -100.00 -100.00
 172    24.413 56358.02782372 17.15  54.832957  65.734679  5.772 -100.00 -100.00 -100.00
 172    24.959 56358.02782431 16.96  54.839230  65.734195  4.426 -100.00 -100.00 -100.00
 173    24.406 56367.94347313 16.64  54.828431  65.732847  5.180 -100.00 -100.00 -100.00
 173    24.497 56367.94347372 16.60  54.834704  65.732363  5.745 -100.00 -100.00 -100.00
 173    25.133 56367.94347431 17.15  54.840976  65.731879  5.775 -100.00 -100.00 -100.00
 175    24.766 56387.77476677 15.22  54.828340  65.733682  4.500 -100.00 -100.00 -100.00
 175    24.701 56387.77476736 15.84  54.834612  65.733198  5.516 -100.00 -100.00 -100.00
 175    25.132 56387.77476795 15.77  54.840885  65.732714  5.079 -100.00 -100.00 -100.00
 176    25.268 56397.69041010 10.65  54.828814  65.736285  2.382 -100.00 -100.00 -100.00
 176    25.812 56397.69041069 10.79  54.835087  65.735801  2.272 -100.00 -100.00 -100.00
 176    25.971 56397.69041128 11.04  54.841361  65.735317  2.582 -100.00 -100.00 -100.00
 177    18.644 56407.60605158 29.82  54.833939  65.737487 23.814 -100.00 -100.00 -100.00
 177    18.988 56407.60605217 31.65  54.840212  65.737003 26.618 -100.00 -100.00 -100.00
 177    18.937 56407.60605276 30.49  54.846486  65.736519 25.382 -100.00 -100.00 -100.00
 178    21.874 56417.52168860 31.58  54.832852  65.737336 19.498 -100.00 -100.00 -100.00
 178    21.785 56417.52168919 32.25  54.839127  65.736853 20.836 -100.00 -100.00 -100.00
 178    21.986 56417.52168979 32.93  54.845400  65.736368 21.542 -100.00 -100.00 -100.00
 179    25.772 56427.43732079 50.45  54.829613  65.736344  0.544 -100.00 -100.00 -100.00
 179    25.646 56427.43732138 53.24  54.835887  65.735861 16.180 -100.00 -100.00 -100.00
 179    25.587 56427.43732197 53.33  54.842161  65.735377 25.013 -100.00 -100.00 -100.00
 180    23.927 56437.35297373 44.11  54.832278  65.734895   -100 -100.00 -100.00 -100.00
 180    24.065 56437.35297432 44.96  54.838552  65.734411   -100 -100.00 -100.00 -100.00
 181    24.536 56447.26862488 24.99  54.828437  65.735189 16.995 -100.00 -100.00 -100.00
 181    25.146 56447.26862547 26.05  54.834711  65.734705 19.744 -100.00 -100.00 -100.00
 181    25.300 56447.26862606 29.71  54.840984  65.734221 30.349 -100.00 -100.00 -100.00
 182    82.529 56457.18427432 10.13  54.830441  65.735814  6.213  264.80  263.29  264.70
 182    82.198 56457.18427491  9.34  54.836715  65.735330  5.130  264.80  263.29  264.70
 182    81.531 56457.18427550  8.13  54.842988  65.734845  5.714  264.80  263.29  264.70
 183    23.835 56467.09992046 48.20  54.831025  65.735538   -100 -100.00 -100.00 -100.00
 183    23.839 56467.09992105 49.24  54.837298  65.735054   -100 -100.00 -100.00 -100.00
 183    23.745 56467.09992164 53.37  54.843571  65.734570   -100 -100.00 -100.00 -100.00
 184    21.370 56477.01556249 46.30  54.830335  65.734157   -100 -100.00 -100.00 -100.00
 184    21.414 56477.01556308 46.26  54.836608  65.733673   -100 -100.00 -100.00 -100.00
 184    21.308 56477.01556367 47.91  54.842881  65.733189   -100 -100.00 -100.00 -100.00
 185    20.292 56486.93120054 37.09  54.826385  65.732557 31.596  261.89  260.82  260.59
 185    19.866 56486.93120113 35.95  54.832657  65.732073   -100  261.89  260.82  260.59
 185    23.514 56486.93120172 27.36  54.838929  65.731589 19.525  261.89  260.82  260.59
 186    19.051 56496.84683666 39.86  54.831046  65.731662   -100 -100.00 -100.00 -100.00
 186    19.083 56496.84683725 43.26  54.837318  65.731179   -100 -100.00 -100.00 -100.00
 187    18.589 56506.76247093 29.48  54.831407  65.732922 22.613 -100.00 -100.00 -100.00
 187    18.598 56506.76247152 28.81  54.837679  65.732438 18.225 -100.00 -100.00 -100.00
 188    21.776 56516.67810591 27.09  54.829710  65.735268 20.063 -100.00 -100.00 -100.00
 188    22.631 56516.67810650 24.60  54.835984  65.734785 13.021 -100.00 -100.00 -100.00
 188    22.879 56516.67810709 24.35  54.842257  65.734301 11.118 -100.00 -100.00 -100.00
 189    21.627 56526.59376066 25.93  54.833323  65.735614 16.513  273.51  272.82  272.44
 189    25.074 56526.59376125 22.15  54.839597  65.735130  7.708  273.51  272.82  272.44
 190    19.261 56536.50941052 32.54  54.828615  65.735123 32.437 -100.00 -100.00 -100.00
 190    19.191 56536.50941111 31.01  54.834889  65.734640 26.153 -100.00 -100.00 -100.00
 190    19.404 56536.50941170 28.71  54.841163  65.734156 17.582 -100.00 -100.00 -100.00
 192    19.488 56556.34070079 39.91  54.827886  65.733097   -100 -100.00 -100.00 -100.00
 192    19.719 56556.34070138 39.42  54.834159  65.732613   -100 -100.00 -100.00 -100.00
 192    20.066 56556.34070197 42.86  54.840433  65.732129 26.846 -100.00 -100.00 -100.00
 193    92.043 56566.25634377  3.86  54.831335  65.734177  4.258  261.42  259.61  260.55
 193   111.091 56566.25634436  3.14  54.837609  65.733693  3.729  261.42  259.61  260.55
 194    19.411 56576.17198486 36.30  54.829365  65.736647   -100 -100.00 -100.00 -100.00
 194    19.310 56576.17198545 36.51  54.835639  65.736163 12.323 -100.00 -100.00 -100.00
 194    19.154 56576.17198604 31.29  54.841913  65.735679   -100 -100.00 -100.00 -100.00
 195    19.946 56586.08762344 39.93  54.835197  65.737729   -100  262.22  260.47  260.28
 195    20.705 56586.08762403 40.97  54.841472  65.737245 20.579  262.22  260.47  260.28
 195    20.448 56586.08762462 42.86  54.847746  65.736761 30.424  262.22  260.47  260.28
 196    21.753 56596.00326131 31.96  54.830165  65.737941 22.066 -100.00 -100.00 -100.00
 196    21.458 56596.00326190 35.82  54.836440  65.737457   -100 -100.00 -100.00 -100.00
 196    21.676 56596.00326249 37.24  54.842714  65.736973   -100 -100.00 -100.00 -100.00
 197    79.965 56605.91891372  9.08  54.830405  65.736313  9.484 -100.00 -100.00 -100.00
 197   101.274 56605.91891431 16.35  54.836679  65.735829 17.701 -100.00 -100.00 -100.00
 197   107.886 56605.91891490 16.47  54.842952  65.735345 11.765 -100.00 -100.00 -100.00
 198    22.923 56615.83456141 40.94  54.832467  65.734966   -100  258.24  256.29  254.10
 198    23.231 56615.83456200 40.98  54.838741  65.734482   -100  258.24  256.29  254.10
 199    20.759 56625.75020521 37.00  54.832042  65.734916   -100 -100.00 -100.00 -100.00
 199    21.284 56625.75020580 39.09  54.838316  65.734432 29.028 -100.00 -100.00 -100.00
 199    21.065 56625.75020639 40.70  54.844589  65.733948   -100 -100.00 -100.00 -100.00
 200    23.809 56635.66584632 21.70  54.832631  65.735225  8.690  241.80  236.12  227.19
 200    24.574 56635.66584691 22.18  54.838904  65.734741  9.424  241.80  236.12  227.19
 201    24.331 56645.58148534 18.15  54.832518  65.735287  7.399  244.03  238.77  229.45
 201    24.849 56645.58148593 17.69  54.838792  65.734803  6.133  244.03  238.77  229.45
 201    25.496 56645.58148652 17.40  54.845065  65.734319  5.261  244.03  238.77  229.45
 202    24.924 56655.49713778  5.38  54.831471  65.734110  4.955 -100.00 -100.00 -100.00
 202    25.382 56655.49713837  6.62  54.837745  65.733626  6.638 -100.00 -100.00 -100.00
 203    24.845 56665.41278609 12.67  54.832046  65.732487  6.064  240.96  233.30  217.22
 203    25.400 56665.41278668 12.71  54.838320  65.732003  5.570  240.96  233.30  217.22
 204    24.153 56675.32843139 14.47  54.829114  65.732172  7.546  239.91  230.91  215.67
 204    24.982 56675.32843198 12.25  54.835387  65.731688  4.821  239.91  230.91  215.67
 205    24.060 56685.24407577 14.36  54.828192  65.733121  5.017 -100.00 -100.00 -100.00
 205    24.583 56685.24407636 14.76  54.834466  65.732637  5.505 -100.00 -100.00 -100.00
 205    25.170 56685.24407695 13.88  54.840739  65.732153  4.900 -100.00 -100.00 -100.00
 206    23.711 56695.15971841 15.60  54.830289  65.734422  7.219 -100.00 -100.00 -100.00
 206    24.619 56695.15971900 14.42  54.836563  65.733938  5.265 -100.00 -100.00 -100.00
 206    25.254 56695.15971959 14.91  54.842836  65.733454  5.183 -100.00 -100.00 -100.00
 207    23.821 56705.07535633 15.35  54.829597  65.735394  5.239 -100.00 -100.00 -100.00
 207    24.143 56705.07535692 15.38  54.835870  65.734910  5.321 -100.00 -100.00 -100.00
 207    24.855 56705.07535751 15.04  54.842144  65.734426  5.270 -100.00 -100.00 -100.00
 208    25.505 56714.99098925  7.23  54.833266  65.734875  3.066 -100.00 -100.00 -100.00
 208    25.741 56714.99098984  7.51  54.839539  65.734391  3.338 -100.00 -100.00 -100.00
 209    83.326 56724.90664115  1.49  54.831432  65.733878  6.403 -100.00 -100.00 -100.00
 209    82.351 56724.90664174  1.97  54.837705  65.733394  6.581 -100.00 -100.00 -100.00
 210    24.968 56734.82229081 10.18  54.828690  65.733916  2.965 -100.00 -100.00 -100.00
 210    25.222 56734.82229140 10.73  54.834962  65.733432  3.414 -100.00 -100.00 -100.00
 210    25.653 56734.82229199 10.95  54.841235  65.732948  3.570 -100.00 -100.00 -100.00
 211    25.161 56744.73793719  9.56  54.827600  65.735386  2.826 -100.00 -100.00 -100.00
 211    25.030 56744.73793778  9.66  54.833873  65.734903  2.434 -100.00 -100.00 -100.00
 211    25.851 56744.73793837  9.71  54.840146  65.734418  2.650 -100.00 -100.00 -100.00
 212    25.013 56754.65357972 10.68  54.831116  65.736805  2.438 -100.00 -100.00 -100.00
 212    25.077 56754.65358031 10.86  54.837389  65.736321  2.530 -100.00 -100.00 -100.00
 212    25.356 56754.65358090 11.22  54.843663  65.735837  3.145 -100.00 -100.00 -100.00
 213    20.764 56764.56921627 29.81  54.829670  65.737772 26.316 -100.00 -100.00 -100.00
 213    20.595 56764.56921686 31.95  54.835945  65.737288   -100 -100.00 -100.00 -100.00
 213    20.504 56764.56921745 30.77  54.842219  65.736804 31.492 -100.00 -100.00 -100.00
 214    20.494 56774.48485313 28.17  54.833130  65.737021   -100 -100.00 -100.00 -100.00
 214    20.513 56774.48485372 29.07  54.839404  65.736537   -100 -100.00 -100.00 -100.00
 214    20.532 56774.48485431 27.60  54.845678  65.736053   -100 -100.00 -100.00 -100.00
 215    22.379 56784.40050974 37.89  54.828239  65.736126   -100 -100.00 -100.00 -100.00
 215    22.476 56784.40051033 39.64  54.834513  65.735643   -100 -100.00 -100.00 -100.00
 215    22.405 56784.40051092 39.28  54.840787  65.735159   -100 -100.00 -100.00 -100.00
 216    27.662 56794.31616315 42.99  54.828035  65.735363   -100 -100.00 -100.00 -100.00
 216    27.658 56794.31616374 45.19  54.834309  65.734879   -100 -100.00 -100.00 -100.00
 216    27.707 56794.31616433 45.02  54.840582  65.734395   -100 -100.00 -100.00 -100.00
 217    30.083 56804.23181336 35.07  54.830510  65.734931 18.275 -100.00 -100.00 -100.00
 217    29.897 56804.23181395 34.56  54.836783  65.734447 14.416 -100.00 -100.00 -100.00
 217    29.616 56804.23181454 34.95  54.843056  65.733963 16.050 -100.00 -100.00 -100.00
 218    25.653 56814.14745577 41.64  54.827680  65.734963   -100 -100.00 -100.00 -100.00
 218    25.755 56814.14745636 42.30  54.833954  65.734479   -100 -100.00 -100.00 -100.00
 218    26.007 56814.14745695 33.07  54.840227  65.733995 18.898 -100.00 -100.00 -100.00
 219    25.512 56824.06309514 26.46  54.829392  65.734149 13.091 -100.00 -100.00 -100.00
 219    25.645 56824.06309573 27.26  54.835665  65.733665 15.431 -100.00 -100.00 -100.00
 219    26.085 56824.06309633 28.88  54.841937  65.733181 16.628 -100.00 -100.00 -100.00
 220    81.939 56833.97873031 12.54  54.828950  65.733449  9.501 -100.00 -100.00 -100.00
 220    81.476 56833.97873090  9.10  54.835222  65.732965  5.305 -100.00 -100.00 -100.00
 220    80.813 56833.97873149  7.89  54.841495  65.732481  3.853 -100.00 -100.00 -100.00
 221    23.965 56843.89436238 34.02  54.832551  65.733048 22.797 -100.00 -100.00 -100.00
 221    24.103 56843.89436297 34.91  54.838823  65.732564 23.908 -100.00 -100.00 -100.00
 222    23.212 56853.81000502 27.98  54.828961  65.733768 18.349  266.36  266.96  268.69
 222    25.022 56853.81000561 26.01  54.835234  65.733284 14.797  266.36  266.96  268.69
 222    25.751 56853.81000620 25.26  54.841506  65.732801 11.647  266.36  266.96  268.69
 223    19.961 56863.72565898 37.40  54.830578  65.734139   -100  267.11  266.41  266.34
 223    21.115 56863.72565957 29.91  54.836851  65.733655 20.251  267.11  266.41  266.34
 223    19.836 56863.72566016 38.29  54.843123  65.733171   -100  267.11  266.41  266.34
 224    20.716 56873.64131242 41.00  54.832934  65.734270   -100 -100.00 -100.00 -100.00
 224    20.926 56873.64131301 43.00  54.839207  65.733786 25.316 -100.00 -100.00 -100.00
 225    20.014 56883.55696245 36.50  54.832536  65.734164   -100 -100.00 -100.00 -100.00
 225    22.225 56883.55696304 27.77  54.838809  65.733680 15.726 -100.00 -100.00 -100.00
 226    20.145 56893.47260907 38.21  54.831230  65.733975   -100 -100.00 -100.00 -100.00
 226    20.350 56893.47260966 33.67  54.837503  65.733491   -100 -100.00 -100.00 -100.00
 227    19.995 56903.38825243 37.12  54.829160  65.734091   -100  268.78  267.44  267.77
 227    21.032 56903.38825302 37.35  54.835434  65.733607 17.408  268.78  267.44  267.77
 227    21.043 56903.38825361 41.14  54.841707  65.733123 19.252  268.78  267.44  267.77
 228    21.491 56913.30389409 41.12  54.830142  65.734890   -100 -100.00 -100.00 -100.00
 228    21.356 56913.30389468 40.20  54.836416  65.734406   -100 -100.00 -100.00 -100.00
 228    20.971 56913.30389527 45.49  54.842690  65.733922 30.215 -100.00 -100.00 -100.00
 229    21.667 56923.21953433 38.32  54.833992  65.735838 23.225 -100.00 -100.00 -100.00
 229    22.747 56923.21953492 42.30  54.840266  65.735354 18.200 -100.00 -100.00 -100.00
 230    22.066 56933.13517139 24.77  54.829592  65.737267 19.538 -100.00 -100.00 -100.00
 230    24.664 56933.13517198 23.81  54.835867  65.736783 15.442 -100.00 -100.00 -100.00
 230    25.507 56933.13517257 22.66  54.842141  65.736299 12.323 -100.00 -100.00 -100.00
 231    21.315 56943.05080383 28.34  54.831971  65.737310 21.912 -100.00 -100.00 -100.00
 231    21.353 56943.05080442 28.54  54.838246  65.736827 21.482 -100.00 -100.00 -100.00
 231    22.030 56943.05080501 27.78  54.844519  65.736343 19.336 -100.00 -100.00 -100.00
 232    20.551 56952.96644901 38.32  54.829834  65.736615   -100 -100.00 -100.00 -100.00
 232    20.369 56952.96644960 39.11  54.836108  65.736132   -100 -100.00 -100.00 -100.00
 232    20.471 56952.96645019 38.68  54.842382  65.735648   -100 -100.00 -100.00 -100.00
 233    20.739 56962.88209951 36.97  54.828738  65.735691   -100  254.92  251.28  245.67
 233    20.939 56962.88210010 34.28  54.835012  65.735207 21.882  254.92  251.28  245.67
 233    20.714 56962.88210069 38.36  54.841285  65.734723   -100  254.92  251.28  245.67
 234    20.977 56972.79774517 34.32  54.828254  65.735575   -100  260.09  262.06  263.13
 234    21.095 56972.79774576 31.46  54.834528  65.735091 26.147  260.09  262.06  263.13
 234    20.829 56972.79774635 31.70  54.840801  65.734607   -100  260.09  262.06  263.13
 235    21.026 56982.71338656 33.86  54.827982  65.735899   -100 -100.00 -100.00 -100.00
 235    20.952 56982.71338715 36.55  54.834255  65.735415   -100 -100.00 -100.00 -100.00
 235    20.821 56982.71338774 37.62  54.840529  65.734931   -100 -100.00 -100.00 -100.00
 236    20.617 56992.62902341 23.66  54.828252  65.735720 10.081 -100.00 -100.00 -100.00
 236    20.603 56992.62902400 24.74  54.834526  65.735236 11.755 -100.00 -100.00 -100.00
 236    20.558 56992.62902459 27.80  54.840800  65.734752 20.821 -100.00 -100.00 -100.00
 237    20.413 57002.54465843 24.22  54.830361  65.734523 12.655 -100.00 -100.00 -100.00
 237    20.255 57002.54465903 25.51  54.836635  65.734040 14.970 -100.00 -100.00 -100.00
 237    20.126 57002.54465962 25.44  54.842909  65.733556 15.333 -100.00 -100.00 -100.00
 238    20.611 57012.46031512 25.71  54.826631  65.733232 14.992 -100.00 -100.00 -100.00
 238    20.183 57012.46031571 25.52  54.832905  65.732749 15.124 -100.00 -100.00 -100.00
 238    19.870 57012.46031630 26.89  54.839178  65.732265 18.807 -100.00 -100.00 -100.00
 239    19.819 57022.37596667 23.46  54.828338  65.732608 11.062 -100.00 -100.00 -100.00
 239    19.887 57022.37596726 24.44  54.834611  65.732125 13.594 -100.00 -100.00 -100.00
 239    19.554 57022.37596785 25.92  54.840885  65.731641 17.735 -100.00 -100.00 -100.00
 240    23.611 57032.29161529 18.22  54.828290  65.733754  6.397  242.76  236.81  224.52
 240    23.934 57032.29161588 19.85  54.834564  65.733271  9.783  242.76  236.81  224.52
 240    24.519 57032.29161647 18.19  54.840837  65.732786  6.184  242.76  236.81  224.52
 241    23.069 57042.20726188 18.13  54.829019  65.734943  6.284 -100.00 -100.00 -100.00
 241    24.041 57042.20726247 17.80  54.835293  65.734460  5.956 -100.00 -100.00 -100.00
 241    24.728 57042.20726306 17.94  54.841567  65.733975  5.895 -100.00 -100.00 -100.00
 242    24.047 57052.12290626 16.31  54.828872  65.735380  5.805  249.63  244.24  232.84
 242    24.054 57052.12290685 16.59  54.835146  65.734896  5.589  249.63  244.24  232.84
 242    24.954 57052.12290744 16.40  54.841420  65.734412  4.926  249.63  244.24  232.84
 243    24.119 57062.03854650 15.46  54.830032  65.734605  4.570 -100.00 -100.00 -100.00
 243    24.159 57062.03854709 16.52  54.836305  65.734122  5.657 -100.00 -100.00 -100.00
 243    24.762 57062.03854768 17.22  54.842578  65.733638  7.742 -100.00 -100.00 -100.00
 244    21.790 57071.95418096 18.68  54.827158  65.734380 10.155 -100.00 -100.00 -100.00
 244    24.652 57071.95418156 16.13  54.833431  65.733896  5.786 -100.00 -100.00 -100.00
 244    24.933 57071.95418215 16.06  54.839704  65.733413  6.180 -100.00 -100.00 -100.00
 245    24.856 57081.86981196 15.07  54.831939  65.734795  3.677  246.54  241.45  232.20
 245    25.166 57081.86981255 15.95  54.838213  65.734312  4.399  246.54  241.45  232.20
 245    25.921 57081.86981315 16.00  54.844486  65.733828  4.190  246.54  241.45  232.20
 246    24.689 57091.78545631 17.18  54.829078  65.736666  4.659 -100.00 -100.00 -100.00
 246    24.827 57091.78545690 16.86  54.835352  65.736183  3.971 -100.00 -100.00 -100.00
 246    25.073 57091.78545749 17.24  54.841625  65.735699  4.953 -100.00 -100.00 -100.00
 247    24.450 57101.70111395 10.96  54.832878  65.737720  3.478 -100.00 -100.00 -100.00
 247    24.933 57101.70111454 10.93  54.839152  65.737236  3.349 -100.00 -100.00 -100.00
 247    24.812 57101.70111513 11.42  54.845426  65.736752  3.752 -100.00 -100.00 -100.00
 248    25.099 57111.61676803 11.99  54.834424  65.737678  2.682  240.23  235.31  221.98
 248    25.420 57111.61676862 12.18  54.840698  65.737194  2.764  240.23  235.31  221.98
 248    26.093 57111.61676921 12.31  54.846972  65.736710  2.732  240.23  235.31  221.98
 249    20.960 57121.53241586 18.25  54.830715  65.736663 10.140 -100.00 -100.00 -100.00
 249    24.997 57121.53241645 17.23  54.836989  65.736179  7.184 -100.00 -100.00 -100.00
 249    25.340 57121.53241705 18.39  54.843263  65.735695  9.811 -100.00 -100.00 -100.00
 250    24.595 57131.44805848 10.13  54.831281  65.735058  2.959 -100.00 -100.00 -100.00
 250    25.100 57131.44805907 10.91  54.837554  65.734575  3.834 -100.00 -100.00 -100.00
 250    25.724 57131.44805966 11.07  54.843828  65.734090  3.778 -100.00 -100.00 -100.00
 251    20.583 57141.36369580 27.83  54.829682  65.734929 18.089 -100.00 -100.00 -100.00
 251    19.078 57141.36369640 33.68  54.835956  65.734445   -100 -100.00 -100.00 -100.00
 251    19.271 57141.36369699 27.85  54.842229  65.733961 22.084 -100.00 -100.00 -100.00
 252    24.344 57151.27933038 15.63  54.833712  65.735655  5.093 -100.00 -100.00 -100.00
 252    22.437 57151.27933097 17.41  54.839986  65.735171  7.108 -100.00 -100.00 -100.00
 253    76.033 57161.19496110 21.74  54.831738  65.736758 15.557  248.21  248.72  250.52
 253    73.303 57161.19496169 27.05  54.838012  65.736274 20.411  248.21  248.72  250.52
 253    73.389 57161.19496228 27.05  54.844286  65.735790 21.184  248.21  248.72  250.52
 254    31.738 57171.11061677 54.33  54.832036  65.735776   -100  243.80  246.61  245.11
 254    31.634 57171.11061736 52.45  54.838310  65.735292   -100  243.80  246.61  245.11
 254    31.461 57171.11061795 54.70  54.844583  65.734808 23.551  243.80  246.61  245.11
 255    29.643 57181.02627167 49.76  54.830654  65.733827 23.205 -100.00 -100.00 -100.00
 255    29.757 57181.02627226 47.42  54.836927  65.733344   -100 -100.00 -100.00 -100.00
 255    29.744 57181.02627285 49.39  54.843200  65.732860   -100 -100.00 -100.00 -100.00
 256    25.642 57190.94192283 28.47  54.831446  65.732059 14.933 -100.00 -100.00 -100.00
 256    26.408 57190.94192342 28.31  54.837718  65.731575 11.945 -100.00 -100.00 -100.00
 257    23.043 57200.85757017 45.01  54.826671  65.732576   -100  270.26  271.14  269.90
 257    22.926 57200.85757076 45.14  54.832943  65.732092   -100  270.26  271.14  269.90
 257    22.863 57200.85757135 42.34  54.839215  65.731608 32.350  270.26  271.14  269.90
 258    22.999 57210.77320469 29.29  54.831811  65.733797 19.516 -100.00 -100.00 -100.00
 258    25.344 57210.77320528 26.88  54.838083  65.733313 13.811 -100.00 -100.00 -100.00
 259    20.751 57220.68884862 40.62  54.833254  65.735289  4.272 -100.00 -100.00 -100.00
 259    20.755 57220.68884921 39.43  54.839527  65.734805  0.520 -100.00 -100.00 -100.00
 260    22.981 57230.60449126 27.19  54.833136  65.735450 15.930 -100.00 -100.00 -100.00
 260    23.051 57230.60449185 29.50  54.839409  65.734966 24.826 -100.00 -100.00 -100.00
 261    23.967 57240.52013107 25.87  54.827626  65.735151 20.513 -100.00 -100.00 -100.00
 261    24.676 57240.52013166 25.00  54.833899  65.734667 19.003 -100.00 -100.00 -100.00
 261    23.344 57240.52013225 25.86  54.840173  65.734183 19.428 -100.00 -100.00 -100.00
 262    24.691 57250.43576906 25.51  54.831931  65.734108 18.458  268.28  267.94  267.78
 262    23.283 57250.43576965 25.26  54.838205  65.733624 18.837  268.28  267.94  267.78
 263    21.440 57260.35140462 32.29  54.833607  65.734803 20.463 -100.00 -100.00 -100.00
 263    22.953 57260.35140521 30.33  54.839880  65.734319 12.934 -100.00 -100.00 -100.00
 264    21.758 57270.26703843 27.13  54.830579  65.737026 28.434 -100.00 -100.00 -100.00
 264    22.620 57270.26703902 25.12  54.836853  65.736543 20.222 -100.00 -100.00 -100.00
 264    25.512 57270.26703961 25.15  54.843128  65.736059 20.313 -100.00 -100.00 -100.00
 265    22.328 57280.18269230 25.37  54.834589  65.738274 16.150 -100.00 -100.00 -100.00
 265    24.830 57280.18269289 24.39  54.840863  65.737790 11.401 -100.00 -100.00 -100.00
 265    25.093 57280.18269348 25.54  54.847138  65.737306 14.761 -100.00 -100.00 -100.00
 266    21.728 57290.09834747 43.28  54.831126  65.738406 25.831  266.69  266.35  266.92
 266    21.572 57290.09834806 44.33  54.837400  65.737922 27.672  266.69  266.35  266.92
 266    21.481 57290.09834865 48.58  54.843675  65.737438   -100  266.69  266.35  266.92
 267    21.278 57300.01399992 36.49  54.829378  65.736816   -100  258.85  257.53  258.93
 267    21.076 57300.01400051 37.45  54.835652  65.736332   -100  258.85  257.53  258.93
 267    20.948 57300.01400110 33.34  54.841926  65.735848   -100  258.85  257.53  258.93
 268    21.021 57309.92964887 43.52  54.829307  65.734605   -100  257.92  256.05  255.89
 268    21.459 57309.92964946 43.25  54.835580  65.734121 27.639  257.92  256.05  255.89
 268    20.797 57309.92965005 47.67  54.841853  65.733637  8.538  257.92  256.05  255.89
 269    20.063 57319.84529448 35.52  54.830999  65.733610 27.720 -100.00 -100.00 -100.00
 269    19.760 57319.84529507 38.46  54.837272  65.733126 23.429 -100.00 -100.00 -100.00
 270    20.043 57329.76093706 37.69  54.831738  65.734342   -100 -100.00 -100.00 -100.00
 270    20.579 57329.76093765 38.28  54.838011  65.733858 24.067 -100.00 -100.00 -100.00
 271    20.455 57339.67657733 34.55  54.831385  65.735875   -100 -100.00 -100.00 -100.00
 271    20.520 57339.67657792 35.58  54.837659  65.735391   -100 -100.00 -100.00 -100.00
 271    20.576 57339.67657851 37.58  54.843933  65.734906   -100 -100.00 -100.00 -100.00
 272    20.003 57349.59222684 33.59  54.830541  65.735644   -100 -100.00 -100.00 -100.00
 272    20.164 57349.59222743 32.86  54.836815  65.735160   -100 -100.00 -100.00 -100.00
 272    20.128 57349.59222802 33.75  54.843089  65.734676   -100 -100.00 -100.00 -100.00
 273    20.787 57359.50787253 20.66  54.831501  65.733656 11.284  253.38  249.57  240.93
 273    20.443 57359.50787312 21.27  54.837775  65.733172 11.404  253.38  249.57  240.93
 274    24.178 57369.42351478 17.97  54.829555  65.731725  8.251  248.46  244.06  235.53
 274    20.544 57369.42351537 18.39  54.835829  65.731241  9.366  248.46  244.06  235.53
 275    24.519 57379.33915483 17.12  54.831673  65.731568  6.764 -100.00 -100.00 -100.00
 275    24.985 57379.33915542 17.14  54.837946  65.731084  6.727 -100.00 -100.00 -100.00
 276    24.300 57389.25479330 17.54  54.831806  65.733816  8.174 -100.00 -100.00 -100.00
 276    24.939 57389.25479389 17.28  54.838080  65.733332  7.540 -100.00 -100.00 -100.00
 277    22.983 57399.17043050 17.17  54.828280  65.736493  5.907 -100.00 -100.00 -100.00
 277    23.977 57399.17043109 17.06  54.834554  65.736010  5.183 -100.00 -100.00 -100.00
 277    24.315 57399.17043168 17.47  54.840828  65.735526  6.412 -100.00 -100.00 -100.00
 278    23.138 57409.08606834 16.87  54.831634  65.736907  5.439 -100.00 -100.00 -100.00
 278    24.134 57409.08606893 17.17  54.837908  65.736423  5.879 -100.00 -100.00 -100.00
 278    24.745 57409.08606952 17.01  54.844182  65.735939  6.136 -100.00 -100.00 -100.00
 279    23.457 57419.00172138 16.50  54.832681  65.735273  5.795 -100.00 -100.00 -100.00
 279    24.452 57419.00172197 16.05  54.838954  65.734790  5.385 -100.00 -100.00 -100.00
 280    24.399 57428.91737134 16.76  54.828787  65.734297  6.392 -100.00 -100.00 -100.00
 280    24.707 57428.91737193 16.70  54.835060  65.733813  6.273 -100.00 -100.00 -100.00
 280    25.508 57428.91737252 15.98  54.841333  65.733329  4.895 -100.00 -100.00 -100.00
 281    24.384 57438.83301952 17.86  54.832263  65.734547  6.668 -100.00 -100.00 -100.00
 281    25.005 57438.83302011 18.13  54.838536  65.734063  8.053 -100.00 -100.00 -100.00
 282    20.859 57448.74866592 19.40  54.830734  65.736705  9.965  256.67  250.45  237.84
 282    24.037 57448.74866651 20.04  54.837008  65.736221 10.297  256.67  250.45  237.84
 282    19.182 57448.74866710 21.14  54.843281  65.735737 12.905  256.67  250.45  237.84
 283    25.253 57458.66431124 11.76  54.830956  65.738315  2.500  255.27  252.81  248.75
 283    25.336 57458.66431183 12.20  54.837230  65.737831  2.944  255.27  252.81  248.75
 283    25.733 57458.66431243 12.35  54.843504  65.737346  3.213  255.27  252.81  248.75
 284    24.705 57468.57995383 14.36  54.832666  65.738103  3.328  242.89  234.94  221.10
 284    25.005 57468.57995442 14.89  54.838940  65.737619  3.852  242.89  234.94  221.10
 284    25.616 57468.57995501 15.29  54.845214  65.737135  4.204  242.89  234.94  221.10
 285    25.397 57478.49559216  7.16  54.831134  65.736450  2.806 -100.00 -100.00 -100.00
 285    25.656 57478.49559275  7.48  54.837408  65.735966  2.929 -100.00 -100.00 -100.00
 285    25.703 57478.49559334  8.22  54.843682  65.735482  3.991 -100.00 -100.00 -100.00
 286    19.129 57488.41122771 22.39  54.833034  65.734453 18.908 -100.00 -100.00 -100.00
 286    18.998 57488.41122831 26.42  54.839307  65.733969   -100 -100.00 -100.00 -100.00
 287    19.313 57498.32686064 27.12  54.828985  65.734329 25.414 -100.00 -100.00 -100.00
 287    19.158 57498.32686123 29.44  54.835259  65.733846   -100 -100.00 -100.00 -100.00
 287    19.460 57498.32686182 28.82  54.841532  65.733362 27.140 -100.00 -100.00 -100.00
 288    26.661 57508.24250185 47.67  54.832647  65.735177   -100 -100.00 -100.00 -100.00
 288    26.712 57508.24250244 47.67  54.838921  65.734694   -100 -100.00 -100.00 -100.00
 289    25.429 57518.15815757 25.96  54.828493  65.736142  9.459 -100.00 -100.00 -100.00
 289    25.606 57518.15815816 26.29  54.834767  65.735658  9.496 -100.00 -100.00 -100.00
 289    25.439 57518.15815875 28.55  54.841041  65.735174 14.041 -100.00 -100.00 -100.00
 290    23.619 57528.07381087 50.87  54.828902  65.735885  6.504 -100.00 -100.00 -100.00
 290    23.899 57528.07381146 48.78  54.835175  65.735402   -100 -100.00 -100.00 -100.00
 290    23.745 57528.07381205 52.09  54.841449  65.734918   -100 -100.00 -100.00 -100.00
 291    26.167 57537.98946155 27.53  54.831363  65.733913 10.933 -100.00 -100.00 -100.00
 291    26.395 57537.98946214 29.28  54.837635  65.733429 15.228 -100.00 -100.00 -100.00
 292    23.467 57547.90510942 42.53  54.832096  65.732127 17.945 -100.00 -100.00 -100.00
 292    22.737 57547.90511001 48.68  54.838368  65.731643   -100 -100.00 -100.00 -100.00
 293    23.345 57557.82075528 44.53  54.827512  65.732152 21.798 -100.00 -100.00 -100.00
 293    22.798 57557.82075587 46.44  54.833784  65.731668   -100 -100.00 -100.00 -100.00
 293    22.501 57557.82075646 51.61  54.840056  65.731184   -100 -100.00 -100.00 -100.00
 294    24.920 57567.73640066 26.43  54.829603  65.733657 20.048 -100.00 -100.00 -100.00
 294    24.974 57567.73640125 25.00  54.835876  65.733173 14.123 -100.00 -100.00 -100.00
 294    25.549 57567.73640184 24.93  54.842148  65.732689 13.625 -100.00 -100.00 -100.00
 295    22.863 57577.65204542 26.92  54.832507  65.735365 11.217 -100.00 -100.00 -100.00
 295    23.007 57577.65204601 29.62  54.838780  65.734882 17.174 -100.00 -100.00 -100.00
 295    23.349 57577.65204660 28.70  54.845053  65.734397 15.662 -100.00 -100.00 -100.00
 296    19.639 57587.56768827 41.00  54.828495  65.736545   -100 -100.00 -100.00 -100.00
 296    20.818 57587.56768886 42.50  54.834769  65.736061 17.059 -100.00 -100.00 -100.00
 296    20.634 57587.56768945 43.57  54.841042  65.735577 19.201 -100.00 -100.00 -100.00
 297    22.126 57597.48332939 26.03  54.831575  65.735728 13.302 -100.00 -100.00 -100.00
 297    21.542 57597.48332998 27.91  54.837849  65.735244 16.645 -100.00 -100.00 -100.00
 297    22.864 57597.48333057 29.81  54.844123  65.734760 19.410 -100.00 -100.00 -100.00
