-100547.967    44.208     0.00    6.58
-100261.748    44.210     0.01    6.48
 -99975.535    44.214     0.02    6.28
 -99689.327    43.810    -1.41    5.66
 -99403.126    44.393     2.04    5.21
 -99116.931    44.699     1.07    4.69
 -98830.742    44.226    -1.65    5.01
 -98544.559    43.319    -3.17    6.03
 -98258.383    42.500    -2.86    6.65
 -97972.212    40.858    -5.74    7.40
 -97686.048    38.965    -6.62    7.64
 -97399.889    37.746    -4.26    7.30
 -97113.737    37.439    -1.08    6.33
 -96827.591    37.784     1.21    5.49
 -96541.450    38.586     2.80    4.66
 -96255.316    39.245     2.30    3.88
 -95969.188    39.791     1.91    2.98
 -95683.067    40.000     0.73    2.41
 -95396.951    38.972    -3.59    3.78
 -95110.841    36.895    -7.26    5.92
 -94824.738    33.884   -10.52    8.00
 -94538.640    30.319   -12.46    8.99
 -94252.549    26.252   -14.22    9.35
 -93966.463    22.717   -12.35    8.36
 -93680.384    19.167   -12.41    7.06
 -93394.311    16.433    -9.56    6.55
 -93108.244    14.294    -7.48    6.89
 -92822.183    12.326    -6.88    7.80
 -92536.128    10.607    -6.01    8.50
 -92250.079     8.645    -6.86    8.60
 -91964.037     6.810    -6.42    8.19
 -91678.000     5.357    -5.08    7.77
 -91391.969     4.437    -3.22    6.96
 -91105.945     3.442    -3.48    5.96
 -90819.927     2.613    -2.90    5.06
 -90533.914     2.849     0.83    5.47
 -90247.908     3.944     3.83    6.83
 -89961.908     6.561     9.15   10.72
 -89675.914    10.295    13.06   14.01
 -89389.926    13.782    12.19   16.01
 -89103.944    17.497    12.99   16.78
 -88817.969    20.935    12.02   16.19
 -88531.999    25.145    14.72   14.78
 -88246.035    28.261    10.90   12.74
 -87960.078    31.119    10.00   10.98
 -87674.126    34.072    10.33    9.58
 -87388.181    37.324    11.37    7.63
 -87102.242    40.077     9.63    5.67
 -86816.308    41.850     6.20    4.77
 -86530.381    43.413     5.47    3.95
 -86244.460    44.514     3.85    3.03
 -85958.545    44.938     1.48    2.22
 -85672.636    45.268     1.15    1.95
 -85386.733    45.986     2.51    2.77
 -85100.837    47.558     5.50    4.84
 -84814.946    49.859     8.05    6.93
 -84529.061    52.161     8.05    7.87
 -84243.183    54.486     8.13    8.21
 -83957.310    56.164     5.87    7.50
 -83671.444    57.986     6.37    6.96
 -83385.584    58.286     1.05    7.07
 -83099.729    58.415     0.45    7.72
 -82813.881    58.174    -0.85    8.60
 -82528.039    58.669     1.73    9.37
 -82242.203    58.285    -1.34   10.60
 -81956.373    59.077     2.77   10.59
 -81670.549    59.864     2.75   10.12
 -81384.731    61.518     5.79    9.08
 -81098.920    62.866     4.72    7.84
 -80813.114    64.465     5.59    6.07
 -80527.314    66.043     5.52    4.49
 -80241.521    66.879     2.92    3.98
 -79955.547    67.497     2.16    4.17
 -79668.364    68.207     2.47    4.90
 -79381.187    68.855     2.26    5.31
 -79094.017    69.920     3.71    5.46
 -78806.854    70.683     2.66    5.48
 -78519.698    72.014     4.64    4.67
 -78232.549    72.971     3.33    3.58
 -77945.406    73.388     1.45    2.83
 -77658.271    73.270    -0.41    2.77
 -77371.142    73.496     0.79    2.55
 -77084.021    73.674     0.62    2.00
 -76796.906    73.641    -0.12    1.68
 -76509.798    73.280    -1.26    1.89
 -76222.697    72.797    -1.68    2.23
 -75935.603    72.087    -2.47    2.73
 -75648.516    70.883    -4.19    3.38
 -75361.436    69.434    -5.04    3.98
 -75074.362    68.043    -4.85    4.39
 -74787.296    66.609    -5.00    4.50
 -74500.236    65.282    -4.62    4.75
 -74213.184    63.303    -6.89    5.02
 -73926.138    60.913    -8.33    5.24
 -73639.099    58.662    -7.84    5.09
 -73352.067    57.168    -5.21    4.68
 -73065.042    56.702    -1.62    4.50
 -72778.023    57.180     1.66    4.68
 -72491.012    58.875     5.91    5.30
 -72204.007    60.905     7.07    5.71
 -71917.010    63.435     8.82    5.52
 -71630.019    65.913     8.64    4.38
 -71343.035    67.825     6.66    3.38
 -71056.058    69.154     4.63    2.37
 -70769.088    69.568     1.44    1.88
 -70482.125    69.406    -0.57    2.02
 -70195.168    69.107    -1.04    2.24
 -69908.219    68.662    -1.55    2.28
 -69621.276    67.800    -3.00    2.50
 -69334.341    66.725    -3.75    2.65
 -69047.412    65.507    -4.25    3.06
 -68760.490    64.596    -3.18    3.37
 -68473.575    63.819    -2.71    3.48
 -68186.666    63.507    -1.09    3.39
 -67899.765    63.833     1.14    3.49
 -67612.871    65.159     4.62    3.45
 -67325.983    66.478     4.60    3.47
 -67039.102    67.901     4.96    2.94
 -66752.228    69.211     4.57    2.39
 -66465.361    69.797     2.04    1.95
 -66178.501    69.942     0.51    2.36
 -65891.648    68.895    -3.65    4.28
 -65604.802    67.028    -6.51    6.34
 -65317.962    65.194    -6.39    7.34
 -65031.130    63.820    -4.79    8.09
 -64744.304    63.068    -2.62    8.20
 -64457.485    63.165     0.34    8.09
 -64170.673    64.871     5.95    8.29
 -63883.868    67.000     7.42    8.11
 -63597.069    69.479     8.64    6.87
 -63310.278    71.348     6.52    4.73
 -63023.493    72.667     4.60    3.22
 -62736.716    73.056     1.36    3.07
 -62449.945    72.866    -0.66    3.36
 -62163.181    72.254    -2.14    3.16
 -61876.424    71.827    -1.49    3.17
 -61589.673    71.308    -1.81    2.95
 -61302.930    71.191    -0.41    2.64
 -61016.193    71.370     0.62    2.54
 -60729.464    71.711     1.19    2.49
 -60442.741    71.986     0.96    2.45
 -60156.025    72.007     0.07    2.35
 -59869.316    71.522    -1.69    2.48
 -59582.613    70.333    -4.15    3.25
 -59295.918    69.049    -4.48    3.78
 -59009.229    67.511    -5.37    4.29
 -58722.547    65.616    -6.61    4.51
 -58435.873    63.395    -7.75    4.15
 -58149.205    61.697    -5.92    3.28
 -57862.543    60.295    -4.89    2.89
 -57575.889    59.093    -4.19    2.87
 -57289.242    57.818    -4.45    2.95
 -57002.601    56.679    -3.98    3.45
 -56715.967    55.511    -4.07    3.59
 -56429.340    54.199    -4.58    3.06
 -56142.720    53.444    -2.63    2.51
 -55856.107    53.623     0.63    3.05
 -55569.501    54.580     3.34    4.10
 -55282.901    55.734     4.03    4.91
 -54996.308    56.407     2.35    5.81
 -54709.723    55.594    -2.84    7.42
 -54423.144    51.225   -15.25   13.40
 -54136.571    44.433   -23.70   18.97
 -53850.006    36.553   -27.50   20.61
 -53563.448    30.116   -22.46   18.35
 -53276.896    24.194   -20.67   14.38
 -52990.351    21.490    -9.44   11.24
 -52703.813    23.937     8.54   13.40
 -52417.282    29.536    19.54   15.84
 -52130.758    38.261    30.45   17.86
 -51844.240    45.449    25.09   17.66
 -51557.730    52.633    25.07   15.75
 -51271.226    59.504    23.98   12.50
 -50984.729    63.091    12.52   10.18
 -50698.239    64.852     6.15    9.33
 -50411.756    64.413    -1.53    9.67
 -50125.279    63.374    -3.63    9.69
 -49838.810    63.227    -0.51   10.39
 -49552.347    63.655     1.49   10.78
 -49265.891    63.797     0.50   10.18
 -48979.442    65.021     4.27   10.12
 -48693.000    66.717     5.92    8.45
 -48406.564    67.745     3.59    7.83
 -48120.136    67.797     0.18    8.27
 -47833.714    66.923    -3.05    8.78
 -47547.299    65.078    -6.44    8.91
 -47260.891    62.514    -8.95    8.73
 -46974.490    61.514    -3.49    8.19
 -46688.095    61.357    -0.55    7.39
 -46401.707    61.986     2.20    7.47
 -46115.327    63.275     4.50    8.39
 -45828.953    64.616     4.68    7.61
 -45542.585    66.286     5.83    7.27
 -45256.225    68.896     9.11    7.29
 -44969.872    72.493    12.56    7.25
 -44683.525    75.007     8.78    7.56
 -44397.185    77.000     6.96    8.37
 -44110.852    77.371     1.30    8.93
 -43824.526    78.044     2.35    8.76
 -43538.206    77.580    -1.62    8.29
 -43251.894    76.722    -3.00    7.99
 -42965.588    76.000    -2.52    7.44
 -42679.289    74.986    -3.54    6.87
 -42392.997    74.785    -0.70    6.34
 -42106.712    73.444    -4.68    5.57
 -41820.433    71.518    -6.73    6.26
 -41534.161    69.442    -7.25    6.71
 -41247.896    67.035    -8.41    6.19
 -40961.638    65.536    -5.24    5.62
 -40675.387    64.710    -2.88    5.86
 -40389.143    63.872    -2.93    5.89
 -40102.905    62.715    -4.04    5.56
 -39816.674    61.986    -2.55    5.72
 -39530.450    61.529    -1.60    6.04
 -39244.233    62.042     1.79    6.44
 -38958.023    62.840     2.79    7.14
 -38671.819    63.406     1.98    7.14
 -38385.622    63.203    -0.71    6.75
 -38099.432    63.824     2.17    6.95
 -37813.249    64.352     1.85    7.36
 -37527.073    63.507    -2.95    6.77
 -37240.903    62.942    -1.98    7.04
 -36954.741    62.836    -0.37    7.04
 -36668.585    63.036     0.70    6.59
 -36382.436    62.942    -0.33    6.01
 -36096.293    62.390    -1.93    5.54
 -35810.158    61.448    -3.29    5.12
 -35524.029    61.400    -0.17    4.80
 -35237.907    61.708     1.08    4.72
 -34951.792    61.943     0.82    4.49
 -34665.684    62.186     0.85    5.04
 -34379.582    63.630     5.05    5.36
 -34093.487    64.529     3.14    5.74
 -33807.400    64.993     1.62    5.76
 -33521.318    65.622     2.20    5.17
 -33235.244    66.522     3.14    5.34
 -32949.177    67.348     2.89    5.54
 -32663.116    66.496    -2.98    6.62
 -32377.062    66.871     1.31    6.85
 -32091.015    68.321     5.07    6.71
 -31804.974    69.191     3.04    5.98
 -31518.941    70.266     3.76    5.84
 -31232.914    70.518     0.88    5.79
 -30946.894    68.993    -5.33    7.37
 -30660.881    66.186    -9.81    9.84
 -30374.875    62.090   -14.32   11.97
 -30088.875    57.638   -15.57   13.43
 -29802.882    53.445   -14.66   13.63
 -29516.896    48.965   -15.67   11.72
 -29230.917    45.380   -12.53    9.91
 -28944.944    43.204    -7.61    8.75
 -28658.979    43.435     0.81    9.41
 -28373.020    44.465     3.60   10.34
 -28087.068    47.064     9.09   10.34
 -27801.123    49.797     9.56    9.52
 -27515.184    52.376     9.02    9.43
 -27229.252    54.420     7.15    8.87
 -26943.327    55.879     5.11    7.56
 -26657.409    57.066     4.15    6.37
 -26371.498    57.957     3.12    6.84
 -26085.593    57.589    -1.29    7.89
 -25799.695    55.442    -7.51    8.54
 -25513.804    52.913    -8.85    8.24
 -25227.920    50.636    -7.96    8.70
 -24942.043    49.042    -5.58    9.52
 -24656.172    46.145   -10.13   10.19
 -24370.308    42.788   -11.74    8.64
 -24084.451    40.100    -9.40    6.97
 -23798.600    39.021    -3.77    5.85
 -23512.757    38.759    -0.92    4.84
 -23226.920    38.807     0.17    4.46
 -22941.090    38.782    -0.09    4.57
 -22655.267    38.814     0.11    4.28
 -22369.450    39.413     2.09    3.90
 -22083.640    38.972    -1.54    3.72
 -21797.837    38.413    -1.96    3.49
 -21512.041    38.297    -0.40    3.24
 -21226.252    38.788     1.72    3.13
 -20940.469    39.085     1.04    2.78
 -20654.693    38.801    -0.99    2.56
 -20368.924    38.584    -0.76    2.33
 -20083.162    38.819     0.82    2.33
 -19797.406    39.407     2.06    3.10
 -19511.657    40.277     3.04    3.52
 -19225.915    41.565     4.51    3.47
 -18940.180    41.936     1.30    3.48
 -18654.452    41.860    -0.27    3.65
 -18368.730    41.695    -0.58    3.89
 -18082.698    41.693    -0.01    4.31
 -17795.435    40.692    -3.49    4.22
 -17508.180    39.331    -4.74    4.21
 -17220.933    37.761    -5.47    5.70
 -16933.693    37.123    -2.22    6.32
 -16646.461    36.786    -1.17    6.76
 -16359.236    35.764    -3.56    6.91
 -16072.019    34.094    -5.82    6.54
 -15784.809    31.922    -7.56    5.89
 -15497.608    30.063    -6.47    5.55
 -15210.413    29.241    -2.86    6.61
 -14923.227    27.542    -5.91    8.37
 -14636.048    25.923    -5.64    8.76
 -14348.876    25.065    -2.99    7.89
 -14061.713    23.826    -4.32    7.49
 -13774.556    22.660    -4.06    6.69
 -13487.408    21.106    -5.41    6.01
 -13200.267    19.341    -6.15    5.95
 -12913.134    17.199    -7.46    5.22
 -12626.008    14.780    -8.42    4.96
 -12338.890    12.569    -7.70    5.14
 -12051.779    10.364    -7.68    5.77
 -11764.676     7.902    -8.58    6.41
 -11477.581     5.554    -8.18    6.90
 -11190.493     3.348    -7.68    7.20
 -10903.413     1.007    -8.15    6.28
 -10616.341    -1.028    -7.09    5.11
 -10329.276    -2.416    -4.84    4.49
 -10042.218    -2.300     0.40    4.44
  -9755.169    -1.532     2.68    4.42
  -9468.127    -0.594     3.27    3.91
  -9181.092     0.000     2.07    3.42
  -8894.065     0.510     1.78    2.91
  -8607.046     0.907     1.38    0.82
  -8320.034     1.007     0.35    0.09
  -8033.030     1.000    -0.03    0.00
  -7746.034     1.000     0.00    0.00
  -7459.045     1.000     0.00    0.00
  -7172.063     1.000     0.00    0.00
  -6885.090     1.000     0.00    0.00
  -6598.123     1.000     0.00    0.00
  -6311.165     1.000     0.00    0.00
  -6024.214     1.000     0.00    0.00
  -5737.271     1.000     0.00    0.00
  -5450.335     1.000     0.00    0.00
  -5163.407     0.972    -0.10    0.17
  -4876.486     0.943    -0.10    0.23
  -4589.573     0.912    -0.11    0.28
  -4302.667     0.876    -0.12    0.33
  -4015.770     0.861    -0.05    0.35
  -3728.879     0.886     0.09    0.32
  -3441.997     0.920     0.12    0.27
  -3155.121     0.936     0.06    0.25
  -2868.254     0.958     0.08    0.20
  -2581.394     1.000     0.15    0.00
  -2294.542     1.000     0.00    0.00
  -2007.697     0.909    -0.32    0.29
  -1720.860     0.754    -0.54    0.43
  -1434.030     0.587    -0.58    0.49
  -1147.208     0.408    -0.62    0.49
   -860.393     0.239    -0.59    0.43
   -573.586     0.087    -0.53    0.28
   -286.787     0.000    -0.30    0.00
      0.005     0.121     0.42    0.53
    286.789     1.623     5.24    4.01
    573.565     5.696    14.20   10.31
    860.335    14.140    29.45   19.55
   1147.096    25.871    40.91   26.56
   1433.850    37.848    41.77   27.94
   1720.596    48.239    36.24   23.94
   2007.335    56.028    27.16   17.04
   2294.066    60.365    15.13   10.75
   2580.790    61.116     2.62    9.91
   2867.506    59.206    -6.66   14.14
   3154.214    55.703   -12.22   18.49
   3440.915    56.181     1.67   21.72
   3727.609    61.945    20.11   27.41
   4014.295    69.564    26.58   31.72
   4300.973    78.732    31.98   33.34
   4587.644    86.577    27.37   30.19
   4874.307    92.179    19.54   23.23
   5160.962    93.072     3.12   15.70
   5447.610    93.109     0.13   13.27
   5734.251    91.254    -6.47   12.59
   6020.884    88.624    -9.17   12.48
   6307.509    85.464   -11.03   12.73
   6594.127    83.732    -6.04   13.34
   6880.737    85.296     5.45   14.86
   7167.340    87.882     9.02   16.13
   7453.935    89.496     5.63   16.82
   7740.523    90.865     4.78   17.30
   8027.103    92.645     6.21   15.78
   8313.675    94.928     7.97   14.09
   8600.240    94.193    -2.56   13.27
   8886.797    91.464    -9.52   11.61
   9173.347    88.486   -10.40    9.74
   9459.889    87.866    -2.16    9.98
   9746.424    86.443    -4.97   10.22
  10032.951    82.210   -14.77   12.30
  10319.471    76.664   -19.36   18.53
  10605.983    66.465   -35.60   25.16
  10892.488    58.657   -27.25   25.86
  11178.985    55.761   -10.11   25.19
  11465.474    55.000    -2.66   25.90
  11751.956    57.817     9.83   27.80
  12038.431    64.949    24.90   30.60
  12324.897    74.413    33.04   27.97
  12611.357    81.376    24.31   20.77
  12897.808    77.348   -14.06   25.40
  13184.253    68.326   -31.50   32.03
  13470.689    52.772   -54.30   37.17
  13757.119    38.901   -48.43   34.69
  14043.540    23.507   -53.74   25.35
  14329.954    14.437   -31.67   16.51
  14616.361     9.407   -17.56    9.26
  14902.760     8.203    -4.20    7.68
  15189.151    10.109     6.66   10.73
  15475.535    14.839    16.52   15.02
  15761.912    20.007    18.05   19.14
  16048.281    22.986    10.40   20.28
  16334.642    25.965    10.40   21.92
  16620.996    26.301     1.17   22.65
  16907.342    26.022    -0.97   22.85
  17193.681    26.928     3.16   25.16
  17480.012    29.392     8.60   27.69
  17766.336    32.626    11.30   27.35
  18052.652    38.667    21.10   27.27
  18338.961    44.200    19.33   25.87
  18625.262    48.957    16.62   23.28
  18911.556    52.725    13.16   20.49
  19197.842    55.191     8.62   19.79
  19484.120    56.157     3.37   18.86
  19770.392    55.766    -1.36   16.57
  20056.655    54.543    -4.27   16.57
  20342.911    47.160   -25.79   21.63
  20629.160    38.384   -30.66   23.45
  20915.401    30.109   -28.91   24.15
  21201.634    22.462   -26.72   23.05
  21487.860    15.440   -24.53   19.62
  21774.079    12.920    -8.80   16.89
  22060.290    18.255    18.64   23.84
  22346.493    29.867    40.57   30.64
  22632.689    39.623    34.09   32.20
  22918.877    50.652    38.54   30.33
  23205.058    57.620    24.35   26.48
  23491.232    57.359    -0.91   25.86
  23777.397    49.562   -27.25   28.67
  24063.556    41.471   -28.27   28.04
  24349.707    35.079   -22.34   25.15
  24635.850    29.234   -20.43   23.32
  24921.986    25.710   -12.31   20.69
  25208.114    26.062     1.23   21.88
  25494.235    31.350    18.48   24.03
  25780.348    36.684    18.64   23.83
  26066.454    37.829     4.00   24.30
  26352.553    41.707    13.56   24.57
  26638.643    47.596    20.58   22.76
  26924.727    52.467    17.03   20.48
  27210.803    51.424    -3.65   21.73
  27496.871    48.179   -11.34   22.08
  27782.932    45.601    -9.01   22.60
  28068.985    42.119   -12.17   25.20
  28355.031    38.437   -12.87   27.37
  28641.069    37.314    -3.93   28.98
  28927.100    38.529     4.25   31.37
  29213.123    40.211     5.88   32.46
  29499.139    42.326     7.39   30.51
  29785.148    49.862    26.35   28.10
  30071.149    56.775    24.17   25.04
  30357.142    66.563    34.23   21.90
  30643.128    72.515    20.81   20.43
  30929.106    76.307    13.26   18.77
  31215.077    73.794    -8.79   22.29
  31501.041    66.855   -24.27   26.87
  31786.996    60.986   -20.53   27.43
  32072.945    54.126   -23.99   24.81
  32358.886    50.730   -11.87   21.15
  32644.819    50.153    -2.02   18.88
  32930.745    54.401    14.86   17.38
  33216.664    62.816    29.43   12.32
  33502.575    69.145    22.14   10.65
  33788.478    74.326    18.12   12.57
  34074.374    80.655    22.14   15.10
  34360.263    89.094    29.52   16.13
  34646.144    96.934    27.42   14.12
  34932.018   102.199    18.41   10.94
  35217.884   104.170     6.90    8.46
  35503.742   103.693    -1.67    8.10
  35789.594   100.971    -9.52    9.32
  36075.437    98.205    -9.68    8.66
  36361.274    95.377    -9.90    5.81
  36647.102    94.380    -3.49    5.36
  36932.924    94.057    -1.13    7.12
  37218.737    94.629     2.00    8.17
  37504.544    94.511    -0.41    8.19
  37790.343    93.154    -4.75    9.48
  38076.134    91.396    -6.15   10.76
  38361.918    87.942   -12.09   12.95
  38647.694    84.058   -13.59   14.17
  38933.463    78.613   -19.06   12.75
  39219.225    73.950   -16.32    9.21
  39504.979    71.314    -9.22    7.33
  39790.725    67.135   -14.63   10.73
  40076.465    62.761   -15.31   14.24
  40362.196    58.145   -16.15   15.85
  40647.920    52.893   -18.38   18.33
  40933.637    46.099   -23.78   20.45
  41219.346    39.212   -24.10   20.40
  41505.048    34.304   -17.18   19.58
  41790.742    28.093   -21.74   20.13
  42076.429    22.168   -20.74   18.96
  42362.109    16.362   -20.32   16.08
  42647.781    12.431   -13.76   13.81
  42933.445     9.229   -11.21   11.33
  43219.102     5.431   -13.30    6.08
  43504.752     4.080    -4.73    4.51
  43790.867     3.386    -2.43    3.85
  44078.207     2.439    -3.30    1.93
  44365.540     2.029    -1.43    0.21
  44652.863     2.000    -0.10    0.00
  44940.179     2.000     0.00    0.00
  45227.486     2.000     0.00    0.00
  45514.785     2.000     0.00    0.00
  45802.075     2.000     0.00    0.00
  46089.357     2.000     0.00    0.00
  46376.631     2.000     0.00    0.00
  46663.896     2.000     0.00    0.00
  46951.153     2.000     0.00    0.00
  47238.402     2.000     0.00    0.00
  47525.643     2.000     0.00    0.00
  47812.875     2.000     0.00    0.00
  48100.098     2.000     0.00    0.00
  48387.314     2.000     0.00    0.00
  48674.521     2.000     0.00    0.00
  48961.720     2.000     0.00    0.00
  49248.910     2.000     0.00    0.00
  49536.093     2.000     0.00    0.00
  49823.266     2.000     0.00    0.00
  50110.432     2.000     0.00    0.00
  50397.589     2.000     0.00    0.00
  50684.738     2.000     0.00    0.00
  50971.879     2.000     0.00    0.00
  51259.011     2.000     0.00    0.00
  51546.135     2.000     0.00    0.00
  51833.251     2.000     0.00    0.00
  52120.358     2.000     0.00    0.00
  52407.457     2.000     0.00    0.00
  52694.548     2.000     0.00    0.00
  52981.630     2.000     0.00    0.00
  53268.704     2.000     0.00    0.00
  53555.770     2.000     0.00    0.00
  53842.827     2.000     0.00    0.00
  54129.876     2.000     0.00    0.00
  54416.917     2.000     0.00    0.00
  54703.950     2.000     0.00    0.00
  54990.974     2.000     0.00    0.00
  55277.990     2.000     0.00    0.00
  55564.998     2.000     0.00    0.00
  55851.997     2.000     0.00    0.00
  56138.988     2.000     0.00    0.00
  56425.971     2.050     0.18    0.33
  56712.945     2.132     0.29    0.44
  56999.911     2.207     0.26    0.49
  57286.869     2.247     0.14    0.51
  57573.819     2.314     0.23    0.54
  57860.760     2.360     0.16    0.55
  58147.693     2.400     0.14    0.56
  58434.618     2.324    -0.27    0.49
  58721.534     2.292    -0.11    0.46
  59008.442     2.266    -0.09    0.44
  59295.342     2.254    -0.04    0.44
  59582.234     2.217    -0.13    0.41
  59869.117     2.150    -0.23    0.36
  60155.992     2.121    -0.10    0.33
  60442.858     2.044    -0.27    0.21
  60729.717     2.197     0.53    0.98
  61016.567     2.478     0.98    2.00
  61303.409     2.949     1.64    2.77
  61590.242     4.021     3.74    4.59
  61877.067     5.631     5.61    6.97
  62163.884     6.721     3.80    7.72
  62450.693     9.894    11.06   11.61
  62737.494    13.275    11.79   14.54
  63024.286    17.355    14.23   17.69
  63311.070    21.696    15.14   20.27
  63597.845    25.514    13.31   21.45
  63884.612    29.515    13.95   21.46
  64171.371    31.152     5.71   20.89
  64458.122    33.386     7.79   20.50
  64744.865    35.471     7.27   19.98
  65031.599    35.384    -0.30   19.74
  65318.325    35.688     1.06   19.61
  65605.043    37.562     6.54   18.70
  65891.752    37.715     0.53   17.87
  66178.453    39.307     5.55   17.40
  66465.146    42.257    10.29   15.18
  66751.831    43.358     3.84   14.66
  67038.507    44.904     5.39   13.72
  67325.175    48.424    12.28   10.16
  67611.835    49.474     3.66    8.84
  67898.486    50.529     3.68    8.17
  68185.130    51.393     3.02    8.00
  68471.765    51.471     0.27    7.76
  68758.391    51.652     0.63    8.15
  69045.010    51.799     0.51    8.65
  69331.620    51.913     0.40    7.20
  69618.222    52.000     0.30    6.03
  69904.816    52.162     0.57    3.78
  70191.401    51.715    -1.56    3.47
  70477.979    50.866    -2.96    3.46
  70764.548    50.322    -1.90    3.14
  71051.108    50.312    -0.04    2.59
  71337.661    50.317     0.02    2.90
  71624.205    50.336     0.07    3.56
  71910.741    49.362    -3.40    5.67
  72197.269    48.913    -1.57    6.54
  72483.788    49.106     0.67    7.12
  72770.300    49.667     1.96    7.27
  73056.803    49.562    -0.37    7.29
  73343.297    49.817     0.89    6.94
  73629.784    51.257     5.03    4.89
  73916.262    51.603     1.21    3.76
  74202.732    51.307    -1.03    3.98
  74489.194    51.007    -1.05    3.82
  74775.647    51.196     0.66    3.65
  75062.093    51.812     2.15    3.50
  75348.530    52.617     2.81    2.84
  75634.959    53.022     1.41    3.31
  75921.379    52.879    -0.50    4.02
  76207.792    52.634    -0.86    4.10
  76494.196    52.536    -0.34    4.27
  76780.592    52.071    -1.62    4.40
  77066.979    52.191     0.42    3.85
  77353.359    52.265     0.26    3.34
  77639.730    51.721    -1.90    3.14
  77926.093    51.371    -1.22    3.46
  78212.448    50.819    -1.93    4.07
  78498.794    50.820     0.00    4.14
  78785.132    51.215     1.38    4.36
  79071.462    51.926     2.48    4.18
  79357.784    52.482     1.94    4.08
  79644.098    53.106     2.18    3.71
  79930.403    53.161     0.19    3.68
  80216.700    52.788    -1.30    3.65
  80502.989    52.217    -2.00    3.19
  80789.270    51.826    -1.36    2.48
  81075.543    51.533    -1.02    2.09
  81361.807    51.671     0.48    2.11
  81648.063    51.936     0.92    2.17
  81934.311    52.101     0.58    2.26
  82220.550    51.881    -0.77    2.64
  82506.782    51.453    -1.49    3.04
  82793.005    50.625    -2.89    4.15
  83079.220    50.197    -1.49    4.41
  83365.427    50.248     0.18    4.53
  83651.625    49.993    -0.89    4.27
  83937.816    49.770    -0.78    3.93
  84223.998    50.248     1.67    3.59
  84510.172    50.869     2.17    3.55
  84796.337    51.186     1.11    3.72
  85082.495    50.457    -2.55    5.43
  85368.644    46.200   -14.88   13.01
  85654.785    43.144   -10.68   15.08
  85940.918    41.648    -5.23   16.25
  86227.043    39.154    -8.72   17.62
  86513.160    38.215    -3.28   17.54
  86799.268    39.036     2.87   17.37
  87085.368    39.926     3.11   17.55
  87371.460    39.728    -0.69   16.77
  87657.544    36.882    -9.95   17.01
  87943.619    33.525   -11.73   18.19
  88229.686    28.824   -16.44   19.88
  88515.745    23.179   -19.73   18.82
  88801.796    18.543   -16.21   15.28
  89087.839    17.323    -4.27   13.30
  89373.874    16.234    -3.81   12.45
  89659.900    17.000     2.68   14.50
