# NaN NaN NaN ;Mean Elev.(m), Avg Gradient(m/km), RMS Gradient(m/km) - SRTM1     
#  -11.866  -4.155   8.894 ;Mean Elev.(m), Avg Gradient(m/km), RMS Gradient(m/km) - ASTER GDEM
#   30.000  -6.671  11.698 ;Mean Elev.(m), Avg Gradient(m/km), RMS Gradient(m/km) - GMTED2010 
   2  52.211519  65.718325    13.325    12.020  4 54669.40170001 32.740
   3  52.210505  65.719101     4.492     4.630  4 54679.31734401 20.343
   4  52.203046  65.721130    12.763    11.817  5 54689.23298623 29.563
   5  52.202260  65.722145     5.947     6.028  5 54699.14862700 25.691
   6  52.201731  65.721319    80.011    78.913  4 54709.06427094  3.773
   7  52.209300  65.718589    12.865    12.961  4 54718.97992327 28.533
   8  52.208229  65.716440    78.984    79.814  4 54728.89557217 26.382
   9  52.205050  65.715918    79.330    78.119  3 54738.81121922  4.327
  10  52.209702  65.716173    28.279    18.865  5 54748.72686685 18.069
  11  52.201835  65.717733    82.499    82.499  2 54758.64251301  1.463
  12  52.209032  65.717362    63.588    65.147  4 54768.55815837 20.463
  13  52.211262  65.716231    13.546    13.559  4 54778.47379995 44.041
  14  52.209583  65.715153    77.307    76.900  5 54788.38943873 17.286
  15  52.208865  65.715067    76.779    76.316  4 54798.30507657 16.102
  16  52.209726  65.716458    78.386    79.084  5 54808.22071450  6.190
  17  52.209246  65.718393    12.192    12.193  4 54818.13635177 29.941
  18  52.210640  65.719124    12.231    12.313  5 54828.05200275 21.697
  19  52.209882  65.718953    13.987    13.901  4 54837.96764166 16.053
  20  52.215751  65.718367    13.583    13.583  2 54847.88329151 15.465
  23  52.219266  65.719133    15.373    15.373  2 54877.63023742 14.710
  24  52.211076  65.718642    14.374    14.757  3 54887.54588174 15.640
  25  52.212237  65.716661    13.046    13.253  3 54897.46152362 16.145
  26  52.210326  65.715640    12.936    12.999  5 54907.37716259 18.646
  28  52.213082  65.716477    32.226    22.323  3 54927.20843850  6.192
  29  52.210603  65.717148    11.220    10.324  5 54937.12407541 19.338
  31  52.209480  65.716394    38.411    39.930  5 54956.95534462  7.816
  32  52.216117  65.715240    70.526    70.526  2 54966.87099386  7.908
  33  52.207569  65.716242    66.071    66.623  4 54976.78664064 25.325
  34  52.211236  65.716944    17.522    17.425  4 54986.70228854 31.207
  37  52.210878  65.718616    15.773    15.669  4 55016.44922606 28.214
  38  52.210184  65.719099    12.165    12.087  4 55026.36486845 49.451
  39  52.205821  65.720343    12.083    11.951  5 55036.28051004 45.735
  40  52.204291  65.720917    11.695    11.706  4 55046.19615104 30.612
  41  52.208789  65.719922    13.046    11.670  4 55056.11179084 29.527
  42  52.210176  65.718038    10.424    10.404  4 55066.02742806 31.110
  43  52.208701  65.716425    10.790    10.654  4 55075.94307714 35.804
  44  52.210085  65.715743    10.624    10.557  5 55085.85872510 46.023
  45  52.209920  65.716356    11.867    12.165  5 55095.77437122 28.775
  46  52.210686  65.716871    77.804    77.509  5 55105.69001716  7.454
  48  52.203784  65.716190    79.076    79.076  2 55125.52130536  6.274
  49  52.208705  65.715069    10.860    10.862  4 55135.43694650 39.654
  50  52.209808  65.715080    10.634    10.599  4 55145.35258514 43.167
  51  52.207616  65.716501    11.287    11.289  4 55155.26822275 38.339
  52  52.209601  65.717606    11.492    11.493  5 55165.18386101 31.701
  53  52.209835  65.718607    12.146    11.991  4 55175.09949890 24.687
  54  52.210558  65.718656    13.122    13.008  4 55185.01513937 17.993
  55  52.210464  65.718599    13.029    13.101  5 55194.93079052 17.756
  56  52.208084  65.719291    12.980    12.980  4 55204.84644011 17.762
  57  52.207345  65.720369    13.214    13.187  6 55214.76208917 17.550
  58  52.205135  65.720714    15.784    15.819  5 55224.67773760 18.361
  59  52.210221  65.718833    13.139    12.799  4 55234.59338492 17.598
  60  52.209443  65.716470    13.298    13.275  5 55244.50902847 18.029
  61  52.209812  65.714638    13.195    13.034  4 55254.42466916 16.376
  62  52.208879  65.714966    14.111    13.392  5 55264.34030787 16.870
  63  52.209199  65.716800    13.138    13.007  5 55274.25594573 16.163
  64  52.208123  65.718123    13.471    13.502  4 55284.17158293 15.460
  65  52.208162  65.717531     9.776     9.776  4 55294.08721879 25.968
  66  52.209904  65.715655     9.921     9.906  4 55304.00285659 23.296
  67  52.209874  65.714364    12.648    12.607  4 55313.91850411 39.914
  69  52.211653  65.716922   100.709   104.017  4 55333.74979375 12.834
  70  52.210271  65.718504    16.748    16.742  5 55343.66543752 25.311
  71  52.211221  65.718498    15.353    15.279  4 55353.58108106 30.028
  72  52.208258  65.718335    80.706    79.913  4 55363.49672213 20.550
  73  52.208655  65.718363    12.820    12.844  4 55373.41236172 51.095
  74  52.210672  65.719273    79.699    80.709  5 55383.32800015 23.829
  75  52.203625  65.721041    11.710    11.640  5 55393.24363695 34.689
  76  52.204314  65.721403    11.425    11.383  4 55403.15927334 42.052
  77  52.208073  65.719282    11.370    11.293  4 55413.07492573 44.766
  78  52.209981  65.716383    14.117    14.887  5 55422.99057512 36.165
  79  52.208659  65.714508    10.790    10.687  5 55432.90622151 38.420
  80  52.208450  65.714927    11.477    11.501  4 55442.82186605 34.420
  81  52.208918  65.716576    11.288    11.239  5 55452.73750912 46.583
  82  52.210692  65.717958    79.334    79.119  5 55462.65315152  8.259
  85  52.209964  65.714201    78.492    78.553  4 55492.40006496 16.765
  87  52.210819  65.717313    11.870    11.863  4 55512.23134420 46.920
  88  52.211987  65.719093    12.611    12.455  4 55522.14699384 46.279
  89  52.209511  65.719608    13.150    13.129  5 55532.06264187 28.495
  90  52.208639  65.718699    13.283    13.331  4 55541.97828844 23.009
  91  52.212099  65.717736    12.918    12.834  4 55551.89393334 22.135
  92  52.207765  65.718664    13.431    13.476  4 55561.80957602 20.284
  93  52.210464  65.719769    13.242    13.211  5 55571.72521860 19.590
  94  52.210528  65.720103    13.119    13.145  5 55581.64085980 19.593
  95  52.207899  65.718713    13.431    13.338  4 55591.55649766 17.938
  96  52.208981  65.716145    13.286    13.178  5 55601.47213266 17.173
  97  52.208866  65.714707    13.269    13.160  4 55611.38776538 16.521
  98  52.208586  65.715631    15.406    15.500  5 55621.30339793 15.447
  99  52.210411  65.717357    15.787    15.554  4 55631.21905094 15.831
 100  52.209422  65.718537    13.383    13.320  4 55641.13470165 15.846
 101  52.208024  65.717809    15.691    15.837  4 55651.05034969 15.551
 102  52.210120  65.715378    10.749    10.766  4 55660.96599439 40.179
 103  52.209671  65.714193    83.828    81.637  5 55670.88163547  3.316
 104  52.201533  65.715792    64.544    64.544  2 55680.79727401  3.347
 105  52.211182  65.717615    69.378    64.644  4 55690.71291233 23.997
 106  52.204519  65.720259    76.955    76.734  4 55700.62854753  0.730
 108  52.208858  65.719365    17.301    17.391  4 55720.45983798 46.086
 109  52.208359  65.718737    13.590    13.598  4 55730.37548582 41.823
 110  52.211318  65.718620    11.667    11.741  4 55740.29113268 34.978
 111  52.209277  65.719295    11.323    11.298  5 55750.20677782 32.536
 112  52.211428  65.719057    11.423    11.406  4 55760.12242101 33.192
 113  52.210865  65.718032    11.034    11.089  4 55770.03806114 37.930
 114  52.208532  65.716294    10.631    10.606  4 55779.95369777 33.076
 115  52.209145  65.715087    10.970    10.981  4 55789.86933206 31.522
 116  52.208323  65.715723    10.835    10.908  4 55799.78496494 30.284
 117  52.207936  65.717156    10.376    10.424  4 55809.70061212 43.612
 118  52.208340  65.718331    12.929    13.471  4 55819.61626097 27.850
 119  52.211574  65.717812    10.174    10.003  4 55829.53190567 31.791
 120  52.207578  65.716574    12.480    12.583  4 55839.44754527 25.181
 122  52.211114  65.715965    13.313    13.209  4 55859.27881739 25.088
 123  52.208933  65.718170    11.247    11.197  4 55869.19446617 41.940
 124  52.207283  65.720082    11.519    11.521  5 55879.11011729 40.864
 125  52.205898  65.720634    12.019    11.925  4 55889.02576184 30.601
 126  52.206860  65.719956    13.626    13.668  5 55898.94140083 20.856
 127  52.210331  65.719227    13.236    13.367  5 55908.85703513 19.015
 128  52.209433  65.719191    13.354    13.244  4 55918.77268470 17.562
 129  52.210166  65.719097    13.357    13.359  5 55928.68833765 17.319
 130  52.209939  65.718494    13.410    13.496  4 55938.60398695 18.023
 131  52.211528  65.716779    13.121    13.171  4 55948.51963158 16.924
 132  52.210542  65.715487    12.824    12.852  4 55958.43527149 16.566
 133  52.208047  65.715406    13.172    13.234  5 55968.35090880 16.824
 134  52.208644  65.716323    13.232    13.283  4 55978.26654552 16.807
 135  52.209799  65.717372    15.823    15.747  4 55988.18218163 17.095
 136  52.211221  65.717654    16.473    16.463  4 55998.09782217 17.855
 137  52.208983  65.717072    15.740    15.905  4 56008.01347321 16.910
 138  52.208620  65.716109    13.138    13.090  4 56017.92912022 17.028
 140  52.210274  65.716796    10.381    10.118  4 56037.76040680 25.291
 141  52.208227  65.718482    68.536    67.917  4 56047.67604697  6.790
 142  52.209679  65.719669    54.644    64.905  5 56057.59168470 16.323
 143  52.205526  65.720551    85.466    86.323  5 56067.50731759  2.090
 145  52.207928  65.719538    14.304    14.309  4 56087.33861623 38.409
 146  52.209578  65.719302    86.805    86.828  4 56097.25426276 20.413
 147  52.212017  65.718671    11.877    11.897  4 56107.16990721 35.167
 148  52.209511  65.717776    78.300    76.974  5 56117.08553682 10.243
 149  52.210356  65.716599    11.217    11.223  5 56127.00117462 40.243
 150  52.210588  65.715904    10.906    10.960  4 56136.91680853 37.679
 151  52.209277  65.716241    10.992    11.023  5 56146.83245297 46.486
 152  52.210957  65.716853    11.194    11.229  4 56156.74810245 47.614
 153  52.208462  65.717610    10.922    10.934  4 56166.66375061 39.860
 154  52.210165  65.717159    10.755    10.815  5 56176.57939679 42.449
 156  52.210769  65.715983    71.053    70.725  4 56196.41067541  3.218
 157  52.210731  65.716768    78.613    77.871  5 56206.32630980 16.848
 158  52.201545  65.719228    60.447    60.447  2 56216.24194182 13.693
 159  52.206948  65.720345    66.683    70.337  5 56226.15758275 13.692
 160  52.206770  65.720419    10.913    10.883  4 56236.07323791 39.930
 161  52.209557  65.719523    10.230    10.446  5 56245.98888950 40.695
 162  52.212108  65.718812    11.702    11.698  4 56255.90453594 44.891
 163  52.210505  65.719307    11.537    11.596  5 56265.82017812 35.957
 164  52.204683  65.720237    10.972    11.014  4 56275.73581819 32.676
 165  52.210109  65.719211    10.872    10.881  5 56285.65146480 30.357
 166  52.210593  65.717245    10.654    10.644  4 56295.56711525 25.614
 167  52.210287  65.715181    10.987    11.161  5 56305.48276151 23.204
 168  52.207641  65.714883    11.525    11.039  4 56315.39840405 23.643
 169  52.208036  65.716256    11.599    11.239  4 56325.31404496 22.691
 170  52.209875  65.717881    11.087    10.993  5 56335.22968516 26.042
 171  52.209431  65.718354    11.268    11.087  5 56345.14532417 24.660
 172  52.210075  65.717373    13.023    13.032  4 56355.06096101 18.992
 173  52.210051  65.715979    12.919    12.801  4 56364.97660646 18.162
 174  52.216742  65.715251    14.687    15.681  3 56374.89225597 17.369
 178  52.210551  65.720098    62.293    61.955  5 56414.55482551 23.050
 179  52.209930  65.719371    65.526    65.606  4 56424.47045939 25.516
 181  52.210429  65.718852    15.202    15.163  4 56444.30175781 46.354
 182  52.210005  65.719555    14.353    14.370  4 56454.21740739 42.777
 184  52.211615  65.717131    12.381    12.329  4 56474.04869781 53.697
 185  52.209854  65.715187    11.152    11.106  5 56483.96433766 47.418
 186  52.207135  65.714950    10.810    10.885  4 56493.87997408 40.587
 187  52.208219  65.716539    10.870    10.872  4 56503.79560856 38.056
 188  52.209010  65.718928    10.942    10.886  4 56513.71124137 35.124
 189  52.210552  65.719350    10.183    10.198  4 56523.62689167 44.256
 190  52.212217  65.717768    10.499    10.572  4 56533.54254363 36.214
 192  52.209319  65.715777    10.596    10.701  5 56553.37383616 44.533
 194  52.199281  65.720959    78.831    78.831  2 56573.20511929  1.291
 195  52.202383  65.722112    10.876    10.840  5 56583.12075879 40.646
 196  52.202950  65.721540    10.281    10.239  5 56593.03639362 38.309
 197  52.209962  65.719127    12.502    12.495  4 56602.95204622 47.200
 198  52.210529  65.717978    14.258    14.248  4 56612.86769541 47.886
 199  52.211749  65.718503    14.697    14.706  4 56622.78334034 45.290
 200  52.209236  65.719574    13.019    13.086  5 56632.69898200 28.473
 201  52.209336  65.719619    13.710    13.680  4 56642.61461947 20.683
 202  52.210352  65.717532    13.751    13.754  5 56652.53026973 18.849
 203  52.207976  65.715464    13.097    13.060  5 56662.44591911 13.752
 204  52.208948  65.714586    13.170    13.177  4 56672.36156588 12.603
 205  52.209532  65.716214    13.177    13.082  5 56682.27721094 13.293
 206  52.207864  65.718384    13.895    13.575  4 56692.19285374 13.612
 207  52.209329  65.719305    13.054    13.149  5 56702.10849289 13.680
 208  52.208229  65.718390    15.036    15.409  4 56712.02412688 13.933
 209  52.209311  65.716722    15.055    15.524  4 56721.93977285 11.439
 210  52.208757  65.716255    12.885    12.955  5 56731.85542424 15.903
 213  52.203299  65.722151    79.573    79.350  4 56761.60235295  4.021
 214  52.203433  65.721632    11.579    11.541  5 56771.51798451 31.651
 215  52.208674  65.719165    12.669    12.689  4 56781.43364062 33.981
 216  52.209722  65.717694    66.225    65.818  4 56791.34929542 11.882
 217  52.210515  65.717618    71.240    71.413  5 56801.26494715  9.523
 219  52.208362  65.718832    77.241    78.030  4 56821.09623149 18.229
 220  52.209270  65.717580    16.389    16.388  4 56831.01186756 54.997
 222  52.210932  65.715449    17.277    17.430  4 56850.84313665 25.703
 223  52.209643  65.716508    11.540    11.458  4 56860.75879089 49.581
 224  52.209221  65.718275    12.908    11.344  4 56870.67444445 34.511
 225  52.211641  65.718772    12.506    11.159  4 56880.59009555 35.968
 226  52.211806  65.717954    10.882    10.964  4 56890.50574285 38.468
 227  52.208066  65.716836    11.077    11.115  4 56900.42138696 33.737
 228  52.210356  65.716715    10.946    10.951  4 56910.33702952 34.747
 229  52.209670  65.718352    12.803    11.520  5 56920.25267012 36.105
 231  52.195212  65.722665    67.026    58.941  3 56940.08394102 13.240
 232  52.205196  65.721287    10.977    11.005  4 56949.99957983 41.933
 233  52.211719  65.718951    10.874    10.842  4 56959.91523263 48.607
 234  52.209394  65.718042    11.433    10.960  4 56969.83087949 29.637
 235  52.210616  65.717998    11.216    11.222  5 56979.74652270 32.209
 236  52.210498  65.718588    11.020    11.005  4 56989.66216132 34.517
 237  52.208418  65.718900    10.955    10.929  4 56999.57779349 26.439
 238  52.210742  65.717597    12.392    12.547  5 57009.49344666 25.464
 239  52.209144  65.716282    10.919    10.846  4 57019.40909899 27.016
 240  52.207509  65.716009    13.129    13.114  4 57029.32474826 21.761
 241  52.207624  65.716810    13.369    13.205  4 57039.24039597 20.439
 242  52.209815  65.717946    15.556    15.325  4 57049.15604157 19.869
 243  52.211314  65.718585    16.099    16.322  4 57059.07168317 18.399
 244  52.209593  65.718605    14.924    16.045  5 57068.98731881 17.746
 245  52.209810  65.718396    19.016    18.787  5 57078.90295031 11.182
 246  52.210074  65.718872    18.472    18.505  4 57088.81858637 11.956
 247  52.208727  65.719886    24.004    20.761  5 57098.73424449 12.150
 248  52.204860  65.721180    26.379    19.956  4 57108.64989939  8.971
 249  52.205163  65.721148    10.399     9.957  4 57118.56554951 15.397
 250  52.208556  65.719875     9.809     9.774  4 57128.48119390 23.021
 251  52.212384  65.718577     9.958    10.017  3 57138.39683285 19.843
 253  52.210955  65.718943    65.262    64.794  4 57158.22809966 27.908
 254  52.209415  65.718819    87.014    86.610  4 57168.14374740  7.165
 255  52.212131  65.717638    88.428    88.472  4 57178.05940390 23.054
 257  52.207803  65.716379    79.439    78.669  4 57197.89070371 24.794
 258  52.208923  65.716746    16.660    17.656  4 57207.80633815 27.938
 259  52.209818  65.717594    11.450    11.465  4 57217.72198278 38.379
 260  52.208818  65.718231    13.085    11.708  4 57227.63762622 33.728
 261  52.211907  65.718109    13.786    12.577  4 57237.55326794 28.383
 262  52.208557  65.718378    14.010    12.635  4 57247.46890568 26.899
 263  52.210778  65.718675    14.637    15.146  5 57257.38454140 26.470
 264  52.207282  65.720234    12.655    11.361  5 57267.30017534 31.694
 265  52.203273  65.721583    12.154    12.186  4 57277.21582168 34.588
 266  52.203887  65.721567    11.745    11.784  5 57287.13147829 45.744
 267  52.209840  65.720049    61.905    63.188  5 57297.04713256 27.985
 268  52.212037  65.718538    12.156    12.155  4 57306.96278285 50.829
 269  52.207937  65.718170    10.622    10.623  4 57316.87842872 38.234
 270  52.209757  65.718101    10.423    10.491  5 57326.79407186 36.785
 271  52.212126  65.718386    10.738    10.714  4 57336.70971292 40.739
 272  52.210455  65.718024    11.017    10.965  5 57346.62536009 31.906
 273  52.210801  65.716716    10.855    10.807  4 57356.54100720 25.861
 274  52.208346  65.715838    12.752    12.302  5 57366.45665045 20.388
 275  52.210875  65.715753    13.253    13.245  4 57376.37229088 16.560
 276  52.209464  65.717295    15.168    15.275  4 57386.28792905 16.918
 277  52.209155  65.718719    13.266    13.244  4 57396.20356675 17.312
 278  52.210685  65.719229    12.970    12.768  4 57406.11920358 17.907
 279  52.207774  65.718687    13.404    13.491  4 57416.03485334 16.546
 280  52.207738  65.718075    12.841    12.619  4 57425.95050459 18.076
 281  52.211758  65.718250     9.687     9.711  4 57435.86615320 27.839
 282  52.216546  65.719496    12.099    12.099  2 57445.78180015 18.446
 283  52.206081  65.721627    15.011    15.313  4 57455.69744483 17.067
 285  52.208557  65.719740    38.148    39.131  5 57475.52872858 10.319
 286  52.210200  65.717998     9.836     9.748  5 57485.44436520 25.698
 287  52.208724  65.717914    10.032    10.026  4 57495.35999888 27.237
 288  52.211212  65.719158    13.905    13.948  4 57505.27563217 40.321
 289  52.210555  65.719737    68.150    67.870  5 57515.19128856 24.280
 290  52.210558  65.718839    64.844    64.469  4 57525.10694268 23.156
 292  52.210254  65.715132    14.587    14.568  5 57544.93824334 37.974
 293  52.209009  65.715577    12.330    12.291  4 57554.85388980 50.134
 294  52.211452  65.717306    16.041    16.599  4 57564.76953502 23.778
 295  52.210748  65.718950    13.128    11.986  4 57574.68517931 31.821
 296  52.211484  65.718989    14.187    14.077  4 57584.60082326 30.362
 297  52.208357  65.718370    10.536    10.416  4 57594.51646486 35.981
