 -98235.179    91.789     0.00   13.86
 -97949.130    90.758    -3.61   15.15
 -97663.076    91.236     1.67   16.45
 -97377.019    91.594     1.25   16.49
 -97090.957    91.490    -0.37   16.41
 -96804.892    90.803    -2.40   15.68
 -96518.823    91.199     1.38   15.32
 -96232.750    92.629     5.00   15.64
 -95946.674    95.713    10.78   16.21
 -95660.593    98.384     9.33   16.23
 -95374.509   101.342    10.34   15.40
 -95088.421   105.583    14.82   13.42
 -94802.328   109.379    13.27   11.33
 -94516.233   110.486     3.87   10.85
 -94230.133   111.122     2.23    9.81
 -93944.029   112.035     3.19    8.07
 -93657.922   112.388     1.23    7.21
 -93371.811   112.320    -0.24    6.59
 -93085.696   111.090    -4.30    6.53
 -92799.577   108.417    -9.34    6.77
 -92513.454   104.700   -12.99    7.46
 -92227.327   101.106   -12.56    9.00
 -91941.197    98.315    -9.75   10.71
 -91655.062    95.000   -11.59   11.48
 -91368.924    91.349   -12.76   11.22
 -91082.782    87.935   -11.93   10.94
 -90796.636    85.207    -9.53   10.90
 -90510.487    83.993    -4.24   10.88
 -90224.333    82.959    -3.61   11.93
 -89938.176    83.245     1.00   11.30
 -89652.015    83.531     1.00    9.96
 -89365.850    83.310    -0.77    8.49
 -89079.681    83.388     0.27    7.93
 -88793.508    82.943    -1.56    7.80
 -88507.331    81.671    -4.44    7.87
 -88221.151    79.628    -7.14    7.67
 -87934.967    78.434    -4.17    7.02
 -87648.779    77.800    -2.22    6.33
 -87362.587    78.259     1.60    7.14
 -87076.391    80.209     6.81   10.04
 -86790.191    84.748    15.86   13.26
 -86503.988    90.090    18.66   13.95
 -86217.780    95.585    19.20   12.95
 -85931.569   101.442    20.46   11.25
 -85645.354   107.781    22.15    8.90
 -85359.135   112.799    17.53    9.35
 -85072.912   117.121    15.10   10.82
 -84786.686   121.257    14.45   11.25
 -84500.455   123.393     7.46   10.12
 -84214.221   123.428     0.12   10.94
 -83927.983   121.924    -5.25   12.14
 -83641.741   118.191   -13.04   13.48
 -83355.495   113.688   -15.73   12.89
 -83069.245   109.522   -14.56   10.42
 -82782.992   106.472   -10.65    8.12
 -82496.734   104.844    -5.69    8.52
 -82210.473   104.408    -1.52    8.68
 -81924.208   103.932    -1.66    8.25
 -81637.939   104.136     0.71    7.38
 -81351.666   106.179     7.14    7.57
 -81065.389   108.921     9.58    8.28
 -80779.109   111.090     7.57    7.67
 -80492.825   112.218     3.94    6.82
 -80206.536   111.673    -1.90    7.22
 -79920.244   110.105    -5.48    8.12
 -79633.948   106.754   -11.71    9.95
 -79347.649   101.862   -17.08   10.43
 -79061.345    96.741   -17.89    9.64
 -78775.037    92.088   -16.25    8.48
 -78488.726    88.646   -12.02    7.04
 -78202.411    85.931    -9.48    6.19
 -77916.092    82.793   -10.96    6.00
 -77629.769    80.207    -9.03    6.53
 -77343.442    77.257   -10.30    7.07
 -77057.112    73.653   -12.59    7.66
 -76770.777    69.905   -13.09    8.29
 -76484.439    66.456   -12.05    8.06
 -76198.097    63.476   -10.41    7.18
 -75911.751    61.580    -6.62    6.32
 -75625.401    60.471    -3.87    6.00
 -75339.047    59.972    -1.74    6.68
 -75052.690    59.979     0.03    7.48
 -74766.328    60.959     3.42    7.90
 -74479.963    61.655     2.43    7.58
 -74193.594    61.264    -1.36    6.54
 -73907.221    61.186    -0.27    6.20
 -73620.844    60.129    -3.69    5.67
 -73334.463    59.107    -3.57    5.15
 -73048.079    57.884    -4.27    4.47
 -72761.690    56.871    -3.54    3.99
 -72475.298    55.834    -3.62    3.61
 -72188.902    55.087    -2.61    3.44
 -71902.502    54.971    -0.40    3.47
 -71616.098    55.277     1.07    3.58
 -71329.690    55.186    -0.32    3.24
 -71043.279    54.793    -1.37    2.92
 -70756.863    54.055    -2.58    2.71
 -70470.444    53.321    -2.56    2.98
 -70184.021    52.743    -2.02    2.97
 -69897.594    52.331    -1.44    2.80
 -69611.163    52.308    -0.08    2.74
 -69324.728    52.109    -0.70    2.76
 -69038.290    51.857    -0.88    2.61
 -68751.847    51.841    -0.06    2.18
 -68465.401    52.165     1.13    2.15
 -68178.951    52.748     2.03    4.19
 -67892.497    54.121     4.79    7.60
 -67606.039    55.786     5.81    9.62
 -67319.577    57.683     6.62   10.58
 -67033.112    59.048     4.77   10.85
 -66746.642    59.943     3.12   10.63
 -66460.169    60.396     1.58   10.39
 -66173.692    59.144    -4.37    9.94
 -65887.211    56.625    -8.79    8.28
 -65600.726    53.687   -10.26    5.51
 -65314.237    51.619    -7.22    3.01
 -65027.744    50.510    -3.87    2.27
 -64741.248    49.647    -3.01    2.20
 -64454.747    49.058    -2.06    2.27
 -64168.243    48.475    -2.03    2.31
 -63881.735    47.822    -2.28    2.47
 -63595.223    47.274    -1.91    2.48
 -63308.707    47.110    -0.57    2.55
 -63022.188    47.163     0.18    2.56
 -62735.664    47.493     1.15    2.80
 -62449.137    47.971     1.67    2.99
 -62162.605    48.566     2.07    3.24
 -61876.070    49.082     1.80    2.96
 -61589.531    49.599     1.80    2.69
 -61302.988    49.793     0.68    2.69
 -61016.442    49.302    -1.71    3.58
 -60729.891    47.184    -7.39    6.26
 -60443.337    44.482    -9.43    8.17
 -60156.778    43.472    -3.52    9.02
 -59870.216    43.082    -1.36    9.12
 -59583.650    43.370     1.00    8.85
 -59297.080    44.573     4.20    8.78
 -59010.506    45.857     4.48    8.70
 -58723.929    47.504     5.75    6.97
 -58437.347    47.451    -0.18    6.89
 -58150.762    46.082    -4.78    7.32
 -57864.173    44.151    -6.74    6.73
 -57577.579    41.014   -10.95    5.91
 -57290.982    39.029    -6.93    4.53
 -57004.382    37.986    -3.64    3.98
 -56717.777    37.557    -1.50    4.09
 -56431.168    37.444    -0.39    3.77
 -56144.556    37.308    -0.48    3.70
 -55857.939    36.762    -1.91    4.25
 -55571.319    35.601    -4.05    4.94
 -55284.695    34.645    -3.34    5.33
 -54998.067    33.461    -4.13    5.47
 -54711.435    32.275    -4.14    5.43
 -54424.800    31.145    -3.94    5.18
 -54138.160    30.541    -2.11    4.45
 -53851.517    30.444    -0.34    3.49
 -53564.869    31.071     2.19    3.84
 -53278.218    31.336     0.92    4.07
 -52991.563    31.574     0.83    4.14
 -52704.904    31.755     0.63    4.26
 -52418.241    32.386     2.20    4.16
 -52131.575    33.228     2.94    4.14
 -51844.904    33.514     1.00    4.11
 -51558.230    33.141    -1.30    3.98
 -51271.552    32.986    -0.54    4.10
 -50984.869    33.423     1.52    4.40
 -50698.183    33.938     1.80    4.89
 -50411.494    35.090     4.02    5.98
 -50124.800    37.451     8.24    7.03
 -49838.102    41.113    12.77    7.99
 -49551.401    43.993    10.04    8.17
 -49264.695    45.451     5.08    7.66
 -48977.986    47.000     5.40    8.57
 -48691.273    47.833     2.91    9.30
 -48404.556    48.455     2.17    9.48
 -48117.835    49.188     2.56    9.37
 -47831.110    49.211     0.08    9.32
 -47544.382    50.560     4.70   10.64
 -47257.649    53.550    10.43   11.98
 -46970.913    55.618     7.21   12.02
 -46684.173    57.326     5.96   11.43
 -46397.428    58.500     4.09   11.10
 -46110.680    59.894     4.86   10.07
 -45823.928    62.050     7.52    8.09
 -45537.173    64.043     6.95    8.47
 -45250.413    66.174     7.43   10.63
 -44963.650    68.732     8.92   11.58
 -44676.882    72.577    13.41   12.32
 -44390.111    76.889    15.03   12.94
 -44103.336    80.500    12.59   12.18
 -43816.557    83.852    11.69   11.92
 -43529.774    87.536    12.84   13.64
 -43242.987    91.795    14.85   15.08
 -42956.196    95.459    12.78   14.36
 -42669.402    96.986     5.33   13.78
 -42382.604    98.779     6.25   13.07
 -42095.801    99.858     3.76   13.00
 -41808.995    99.816    -0.15   12.73
 -41522.185    99.084    -2.55   11.84
 -41235.371   100.514     4.99   12.32
 -40948.553   104.028    12.25   13.03
 -40661.732   109.245    18.19   11.96
 -40374.906   114.801    19.37   11.57
 -40088.077   118.220    11.92   10.63
 -39801.243   118.596     1.31    9.82
 -39514.406   118.979     1.34    9.33
 -39227.565   119.215     0.82    8.59
 -38940.720   119.152    -0.22    8.19
 -38653.871   117.782    -4.78    7.53
 -38367.018   115.951    -6.38    7.19
 -38080.162   114.620    -4.64    8.24
 -37793.496   112.162    -8.57   10.42
 -37507.387   108.257   -13.65   11.35
 -37221.275   104.245   -14.02   10.80
 -36935.160   101.055   -11.15   10.91
 -36649.041    97.930   -10.92   10.86
 -36362.919    95.780    -7.51   10.93
 -36076.795    94.621    -4.05   11.14
 -35790.667    92.901    -6.01   11.54
 -35504.536    90.524    -8.30   10.67
 -35218.401    88.103    -8.46    9.01
 -34932.264    86.190    -6.69    8.25
 -34646.124    83.844    -8.20    8.57
 -34359.980    80.669   -11.09    8.11
 -34073.834    78.393    -7.95    6.69
 -33787.684    77.504    -3.11    6.26
 -33501.531    77.151    -1.23    5.89
 -33215.375    78.174     3.57    7.04
 -32929.216    80.136     6.86    8.12
 -32643.053    81.938     6.30    8.78
 -32356.888    83.531     5.56    9.43
 -32070.719    84.117     2.05    9.77
 -31784.548    84.410     1.02    9.71
 -31498.373    83.671    -2.58   10.39
 -31212.195    82.439    -4.31   10.35
 -30926.014    80.854    -5.54    9.67
 -30639.829    79.648    -4.21    8.65
 -30353.642    80.279     2.20    7.66
 -30067.452    80.054    -0.78    7.52
 -29781.258    78.500    -5.43    8.12
 -29495.061    76.214    -7.99    8.57
 -29208.861    74.286    -6.74    8.13
 -28922.658    72.964    -4.62    7.82
 -28636.452    72.000    -3.37    7.21
 -28350.243    69.710    -8.00    6.24
 -28064.030    68.521    -4.16    6.17
 -27777.815    68.034    -1.70    6.34
 -27491.596    67.535    -1.74    6.91
 -27205.374    66.719    -2.85    6.78
 -26919.149    66.766     0.16    6.91
 -26632.921    66.986     0.77    6.68
 -26346.690    67.294     1.08    6.82
 -26060.456    66.972    -1.12    7.03
 -25774.218    66.555    -1.46    6.98
 -25487.978    64.986    -5.48    7.42
 -25201.734    63.007    -6.92    7.11
 -24915.487    62.093    -3.19    6.86
 -24629.237    60.723    -4.78    7.21
 -24342.984    59.528    -4.18    7.85
 -24056.728    58.528    -3.49    8.25
 -23770.468    57.764    -2.67    8.76
 -23484.206    56.428    -4.67    9.02
 -23197.940    54.241    -7.64    8.85
 -22911.671    52.091    -7.51    7.99
 -22625.400    50.418    -5.84    6.46
 -22339.124    49.567    -2.97    4.66
 -22052.846    50.021     1.58    4.83
 -21766.565    52.085     7.21    7.15
 -21480.280    55.271    11.13    8.84
 -21193.993    59.103    13.39    9.10
 -20907.702    62.915    13.32    8.50
 -20621.408    65.375     8.59    7.45
 -20335.111    66.440     3.72    6.58
 -20048.811    65.310    -3.95    7.02
 -19762.508    63.050    -7.89    7.25
 -19476.201    61.106    -6.79    6.09
 -19189.892    60.048    -3.69    4.83
 -18903.579    59.552    -1.73    4.47
 -18617.263    58.028    -5.32    5.73
 -18330.944    54.979   -10.65    9.08
 -18044.622    51.674   -11.54   11.66
 -17758.297    50.362    -4.58   12.39
 -17471.969    51.169     2.82   14.01
 -17185.637    52.303     3.96   15.17
 -16899.303    54.340     7.12   15.78
 -16612.965    59.333    17.44   15.17
 -16326.624    64.862    19.31   11.10
 -16040.280    68.378    12.28    6.80
 -15753.933    68.979     2.10    5.95
 -15467.582    68.319    -2.30    5.36
 -15181.229    67.873    -1.56    4.54
 -14894.872    67.021    -2.98    3.96
 -14608.513    65.819    -4.20    4.22
 -14322.150    65.863     0.15    4.77
 -14035.784    66.939     3.76    6.27
 -13749.414    68.771     6.40    7.41
 -13463.042    71.471     9.43    7.93
 -13176.667    73.433     6.85    7.72
 -12890.288    75.284     6.46    6.69
 -12603.906    75.864     2.03    6.14
 -12317.522    74.849    -3.54    7.40
 -12031.134    72.218    -9.19    8.56
 -11744.743    68.823   -11.85    9.05
 -11458.348    65.088   -13.04    9.56
 -11171.951    61.993   -10.81    9.05
 -10885.550    59.714    -7.96    8.71
 -10599.147    58.719    -3.47    9.11
 -10312.740    58.021    -2.44    9.42
 -10026.330    59.207     4.14   10.04
  -9739.917    60.782     5.50    9.58
  -9453.501    62.823     7.13    7.86
  -9167.081    63.130     1.07    7.41
  -8880.659    63.021    -0.38    7.97
  -8594.233    61.193    -6.38    8.67
  -8307.804    59.786    -4.91    9.02
  -8021.372    59.079    -2.47    9.93
  -7734.937    58.448    -2.20   10.98
  -7448.499    58.592     0.50   11.73
  -7162.058    59.565     3.40   12.21
  -6875.613    62.868    11.53   10.60
  -6589.165    65.829    10.34    8.46
  -6302.715    68.255     8.47    8.23
  -6016.261    70.560     8.05    9.60
  -5729.804    74.660    14.31   10.74
  -5443.343    79.715    17.65   10.15
  -5156.880    83.870    14.50    9.27
  -4870.413    87.090    11.24    9.04
  -4583.944    89.083     6.96    9.74
  -4297.471    90.631     5.40   10.98
  -4010.995    91.021     1.36   11.84
  -3724.516    90.482    -1.88   12.35
  -3438.034    89.617    -3.02   12.36
  -3151.548    88.678    -3.28   11.85
  -2865.060    87.201    -5.16   10.76
  -2578.568    85.357    -6.44    9.68
  -2292.074    82.462   -10.10    9.15
  -2005.576    78.907   -12.41    9.39
  -1719.075    74.444   -15.58    9.48
  -1432.570    67.423   -24.51   15.41
  -1146.063    56.305   -38.80   25.40
   -859.552    44.236   -42.12   30.34
   -573.039    30.538   -47.81   31.16
   -286.522    18.201   -43.06   27.31
     -0.002    10.215   -27.87   20.28
    286.521     5.865   -15.18   11.41
    573.047     6.211     1.21    8.01
    859.577     8.930     9.49    8.28
   1146.109    12.560    12.67    8.54
   1432.645    16.549    13.92    7.66
   1719.184    19.327     9.69    5.11
   2005.726    19.890     1.97    4.90
   2292.271    20.611     2.52    4.66
   2578.819    21.271     2.30    4.30
   2865.370    21.156    -0.40    4.38
   3151.925    20.142    -3.54    4.32
   3438.483    19.207    -3.26    3.61
   3725.044    19.697     1.71    3.88
   4011.607    19.599    -0.34    4.62
   4298.175    19.497    -0.36    4.70
   4584.745    19.932     1.52    4.67
   4871.318    20.275     1.20    4.56
   5157.895    20.612     1.18    4.03
   5444.475    20.435    -0.62    4.20
   5731.057    19.614    -2.86    4.48
   6017.643    19.204    -1.43    4.13
   6304.233    18.293    -3.18    3.76
   6590.825    16.102    -7.64    4.38
   6877.420    13.932    -7.57    5.06
   7164.019    11.858    -7.23    5.60
   7450.621     9.993    -6.51    5.73
   7737.226     8.085    -6.66    5.08
   8023.834     6.279    -6.30    3.51
   8310.445     5.132    -4.00    0.80
   8597.059     5.000    -0.46    0.00
   8883.677     6.445     5.04    6.42
   9170.297    10.062    12.62   10.92
   9456.921    15.411    18.66   14.35
   9743.548    22.423    24.46   17.39
  10030.178    30.261    27.35   18.50
  10316.812    38.518    28.81   16.70
  10603.448    45.762    25.27   11.16
  10890.087    49.217    12.05    8.41
  11176.730    51.166     6.80    6.19
  11463.376    52.342     4.11    5.24
  11750.025    52.587     0.85    5.15
  12036.677    52.648     0.21    4.96
  12323.332    53.147     1.74    5.02
  12609.991    54.042     3.12    5.20
  12896.652    54.708     2.32    5.85
  13183.317    54.951     0.85    6.94
  13469.985    54.390    -1.96    9.09
  13756.656    53.167    -4.27   11.21
  14043.330    51.514    -5.76   11.63
  14330.008    50.239    -4.45   10.65
  14616.688    50.135    -0.37    9.70
  14903.372    51.057     3.22    8.84
  15190.059    52.552     5.22    8.41
  15476.749    55.096     8.87    7.26
  15763.442    57.164     7.22    5.44
  16050.138    58.104     3.28    4.55
  16336.837    58.176     0.25    4.67
  16623.540    58.255     0.28    4.63
  16910.246    58.199    -0.20    4.45
  17196.955    57.707    -1.71    3.81
  17483.667    57.772     0.23    3.33
  17770.382    58.150     1.32    2.93
  18057.100    57.959    -0.66    3.16
  18343.822    57.000    -3.35    3.50
  18630.546    55.408    -5.55    4.19
  18917.274    54.471    -3.27    4.74
  19204.005    53.693    -2.72    4.85
  19490.739    53.957     0.92    5.27
  19777.476    55.143     4.14    6.76
  20064.217    57.190     7.14    7.52
  20350.960    60.782    12.53    8.58
  20637.707    65.116    15.11   10.28
  20924.457    68.844    13.00   11.57
  21211.210    72.078    11.28   11.31
  21497.966    74.709     9.18   10.49
  21784.726    77.191     8.66    9.09
  22071.488    78.944     6.11    6.86
  22358.254    79.568     2.18    5.09
  22645.022    79.393    -0.61    4.02
  22931.794    79.597     0.71    3.72
  23218.570    80.259     2.31    3.67
  23505.348    81.317     3.69    3.90
  23792.129    82.830     5.28    4.89
  24078.704    84.641     6.32    5.80
  24364.889    86.451     6.33    5.81
  24651.077    88.637     7.64    5.45
  24937.268    90.396     6.15    4.96
  25223.460    90.890     1.73    5.00
  25509.655    90.815    -0.26    5.05
  25795.853    90.319    -1.73    5.06
  26082.053    89.348    -3.40    4.91
  26368.255    88.261    -3.80    5.24
  26654.460    87.326    -3.26    5.05
  26940.667    86.542    -2.74    4.76
  27226.876    86.091    -1.58    5.10
  27513.088    86.188     0.34    5.08
  27799.303    86.841     2.28    4.90
  28085.519    88.007     4.07    4.54
  28371.738    88.736     2.55    4.05
  28657.960    89.132     1.38    3.46
  28944.184    88.867    -0.93    3.19
  29230.410    88.022    -2.95    3.16
  29516.639    87.085    -3.27    3.49
  29802.871    86.129    -3.34    3.91
  30089.104    85.350    -2.72    4.13
  30375.340    85.322    -0.10    4.29
  30661.579    85.993     2.34    4.71
  30947.820    86.980     3.45    4.92
  31234.063    87.633     2.28    4.61
  31520.309    87.538    -0.33    4.86
  31806.557    85.621    -6.70    7.16
  32092.807    83.043    -9.01    8.37
  32379.060    80.574    -8.62    8.13
  32665.316    79.170    -4.91    7.19
  32951.573    78.816    -1.24    6.73
  33237.834    79.986     4.09    7.76
  33524.096    82.701     9.49    8.40
  33810.361    85.980    11.45    7.66
  34096.629    88.517     8.86    6.21
  34382.898    89.434     3.20    5.68
  34669.171    89.427    -0.03    6.44
  34955.445    88.418    -3.52    7.33
  35241.722    87.373    -3.65    7.51
  35528.002    86.606    -2.68    7.65
  35814.284    86.014    -2.07    7.72
  36100.568    85.671    -1.20    7.96
  36386.855    85.986     1.10    7.94
  36673.144    85.973    -0.05    7.81
  36959.436    85.007    -3.37    8.13
  37245.730    83.186    -6.36    8.25
  37532.026    81.966    -4.26    7.86
  37818.325    80.944    -3.57    7.16
  38104.626    80.440    -1.76    5.76
  38390.930    79.627    -2.84    5.26
  38677.236    79.254    -1.30    5.35
  38963.544    78.050    -4.20    5.90
  39249.855    76.338    -5.98    6.16
  39536.169    74.222    -7.39    5.24
  39822.484    73.068    -4.03    4.84
  40108.802    71.918    -4.02    4.50
  40395.123    71.422    -1.73    4.54
  40681.446    71.861     1.53    4.44
  40967.771    72.950     3.80    4.90
  41254.099    74.108     4.04    5.20
  41540.429    75.279     4.09    5.20
  41826.762    76.536     4.39    4.86
  42113.097    77.858     4.62    4.14
  42399.434    79.211     4.72    3.54
  42685.774    79.857     2.26    2.89
  42972.117    79.904     0.16    2.37
  43258.461    79.735    -0.59    2.31
  43544.808    79.890     0.54    3.16
  43831.158    80.287     1.39    4.03
  44117.510    81.028     2.59    4.66
  44403.864    81.631     2.11    4.65
  44690.221    82.162     1.85    4.42
  44976.580    81.831    -1.16    4.08
  45262.942    80.681    -4.02    4.64
  45549.306    78.690    -6.95    5.25
  45835.672    76.785    -6.65    5.52
  46122.041    74.603    -7.62    5.46
  46408.413    73.212    -4.86    4.95
  46694.786    72.833    -1.32    4.81
  46981.162    73.049     0.75    5.11
  47267.541    74.563     5.29    5.84
  47553.922    75.972     4.92    5.73
  47840.305    77.461     5.20    4.87
  48126.691    78.782     4.61    3.48
  48413.079    79.604     2.87    2.83
  48699.470    79.662     0.20    3.37
  48985.863    78.231    -5.00    4.48
  49272.259    76.883    -4.71    5.29
  49558.656    75.125    -6.14    5.75
  49845.057    73.556    -5.48    5.66
  50131.459    72.035    -5.31    4.94
  50417.865    71.043    -3.47    4.30
  50704.272    70.942    -0.35    4.61
  50990.682    71.614     2.35    5.23
  51277.095    71.789     0.61    5.47
  51563.509    71.719    -0.24    4.71
  51849.927    71.633    -0.30    3.81
  52136.346    71.293    -1.19    3.36
  52422.768    71.014    -0.97    3.35
  52709.193    70.586    -1.49    3.19
  52995.620    69.741    -2.95    2.98
  53282.049    68.681    -3.70    3.21
  53568.481    67.794    -3.10    3.23
  53854.915    67.021    -2.70    3.40
  54141.352    66.776    -0.86    3.55
  54427.791    66.938     0.56    3.91
  54714.232    67.327     1.36    4.18
  55000.676    68.000     2.35    4.33
  55287.122    68.806     2.81    4.34
  55573.571    69.208     1.41    4.33
  55860.022    69.525     1.10    4.12
  56146.475    69.690     0.58    4.03
  56432.931    70.211     1.82    4.03
  56719.390    70.810     2.09    4.15
  57005.850    72.036     4.28    4.99
  57292.314    73.583     5.40    5.01
  57578.779    75.535     6.81    5.05
  57865.247    78.096     8.94    6.62
  58151.718    80.188     7.30    6.39
  58438.191    81.562     4.80    5.91
  58724.666    82.531     3.38    5.50
  59011.144    83.348     2.85    5.25
  59297.624    83.887     1.88    5.30
  59584.106    83.688    -0.69    5.56
  59870.591    83.007    -2.38    4.92
  60157.079    82.833    -0.61    5.04
  60443.569    82.884     0.18    4.76
  60730.061    82.803    -0.28    4.64
  61016.556    82.707    -0.33    4.28
  61303.053    82.683    -0.09    3.88
  61589.552    82.497    -0.65    3.67
  61876.054    82.250    -0.86    4.06
  62162.558    82.475     0.78    4.18
  62449.065    83.149     2.35    4.29
  62735.574    83.791     2.24    4.26
  63022.086    84.035     0.85    4.00
  63308.600    83.759    -0.96    3.95
  63595.117    83.264    -1.73    3.72
  63881.635    82.755    -1.77    3.33
  64168.157    81.786    -3.38    3.44
  64454.680    80.545    -4.33    3.91
  64741.207    78.986    -5.44    4.74
  65027.735    77.134    -6.46    5.22
  65314.266    74.655    -8.65    6.69
  65600.800    71.979    -9.34    8.15
  65887.335    69.085   -10.10    9.49
  66173.874    65.931   -11.01   10.54
  66460.414    62.397   -12.33   11.40
  66746.958    58.490   -13.64   11.09
  67033.503    54.834   -12.76   10.60
  67320.051    50.952   -13.55   11.13
  67606.601    45.441   -19.23   13.96
  67893.154    37.085   -29.16   18.30
  68179.709    28.528   -29.86   20.67
  68466.267    20.191   -29.09   20.46
  68752.827    12.433   -27.08   17.62
  69039.390     6.615   -20.30   11.83
  69325.955     4.336    -7.96    7.22
  69612.522     5.082     2.60    6.99
  69899.092     5.966     3.09    6.92
  70185.664     6.370     1.41    6.91
  70472.239     6.248    -0.42    6.81
  70758.816     5.564    -2.39    6.71
  71045.395     4.468    -3.83    5.83
  71331.977     3.348    -3.91    4.81
  71618.561     3.288    -0.21    4.76
  71905.148     4.262     3.40    5.19
  72191.737     5.724     5.10    5.57
  72478.329     6.721     3.48    5.31
  72764.923     7.354     2.21    4.87
  73051.519     7.709     1.24    4.31
  73338.118     8.160     1.57    3.88
  73624.719     8.434     0.96    3.59
  73911.323     8.648     0.75    3.24
  74197.929     8.894     0.86    3.00
  74484.538     9.199     1.06    3.27
  74771.149     9.531     1.16    3.46
  75057.762     9.729     0.69    3.53
  75344.378    10.096     1.28    3.86
  75630.996    11.240     3.99    4.68
  75917.617    12.062     2.87    5.19
  76204.240    12.848     2.74    5.22
  76490.865    13.965     3.90    4.83
  76777.493    14.923     3.34    4.50
  77064.124    15.845     3.22    4.27
  77350.757    17.071     4.28    4.34
  77637.392    19.376     8.04    6.65
  77924.030    21.916     8.86    9.80
  78210.670    24.434     8.79   11.12
  78497.312    25.966     5.34   11.33
  78783.957    27.253     4.49   11.11
  79070.604    28.354     3.84   10.94
  79357.254    29.628     4.45    9.93
  79643.906    30.908     4.46    7.76
  79930.561    31.043     0.47    5.23
  80217.218    31.669     2.18    4.45
  80503.878    33.086     4.94    4.73
  80790.540    35.229     7.47    5.32
  81077.204    38.161    10.23    5.72
  81363.871    41.177    10.52    6.32
  81650.540    44.568    11.83    7.10
  81937.212    48.190    12.63    7.70
  82223.886    52.444    14.84    8.32
  82510.562    57.035    16.01    9.83
  82797.241    62.352    18.55   11.39
  83083.922    67.099    16.56   12.42
  83370.606    69.833     9.54   11.89
  83657.292    72.567     9.54   11.56
  83943.981    76.025    12.06   11.33
