# NaN NaN NaN ;Mean Elev.(m), Avg Gradient(m/km), RMS Gradient(m/km) - SRTM1     
#    6.271     NaN     NaN ;Mean Elev.(m), Avg Gradient(m/km), RMS Gradient(m/km) - ASTER GDEM
#   39.000  -1.654   4.360 ;Mean Elev.(m), Avg Gradient(m/km), RMS Gradient(m/km) - GMTED2010 
   1    17.617 54659.48625777 17.05  54.359163  65.532607  5.931 -100.00 -100.00 -100.00
   1    17.335 54659.48625836 17.00  54.365336  65.532020  5.961 -100.00 -100.00 -100.00
   2    19.147 54669.40190397 24.17  54.360638  65.531711 19.951 -100.00 -100.00 -100.00
   2    23.751 54669.40190456 22.58  54.366811  65.531124 13.939 -100.00 -100.00 -100.00
   2    24.202 54669.40190515 22.39  54.372983  65.530537 14.942 -100.00 -100.00 -100.00
   2    24.949 54669.40190574 21.32  54.379156  65.529949 10.087 -100.00 -100.00 -100.00
   3     2.010 54679.31754798  9.66  54.359746  65.532476  3.537  269.38  267.97  267.56
   3     3.087 54679.31754857 11.06  54.365919  65.531889  3.560  269.38  267.97  267.56
   3     4.191 54679.31754917 11.15  54.372092  65.531302  2.838  269.38  267.97  267.56
   3     5.280 54679.31754976 11.11  54.378264  65.530714  2.798  269.38  267.97  267.56
   4    18.436 54689.23319109 25.94  54.361760  65.533754 25.534 -100.00 -100.00 -100.00
   4    18.391 54689.23319168 24.16  54.367933  65.533167 19.280 -100.00 -100.00 -100.00
   4    23.734 54689.23319227 24.53  54.374106  65.532580 19.069 -100.00 -100.00 -100.00
   4    24.186 54689.23319286 21.89  54.380279  65.531992 10.670 -100.00 -100.00 -100.00
   5     2.654 54699.14883186 16.72  54.361041  65.534835  4.211  265.25  264.37  263.25
   5    -8.925 54699.14883245 26.86  54.367214  65.534248 19.036  265.25  264.37  263.25
   5    -3.649 54699.14883304 25.96  54.373388  65.533661 11.904  265.25  264.37  263.25
   5    -0.188 54699.14883363 29.54  54.379561  65.533074 29.197  265.25  264.37  263.25
   6    35.010 54709.06447572 21.22  54.359555  65.534127 11.714 -100.00 -100.00 -100.00
   6    19.423 54709.06447631 21.24  54.365728  65.533541 12.376 -100.00 -100.00 -100.00
   6    33.748 54709.06447690 20.08  54.371901  65.532954  9.831 -100.00 -100.00 -100.00
   6    23.780 54709.06447749 23.86  54.378074  65.532366 17.179 -100.00 -100.00 -100.00
   7    12.728 54718.98012724 15.58  54.358355  65.532045  3.935  263.69  262.95  262.62
   7    13.270 54718.98012783 15.57  54.364527  65.531459  3.963  263.69  262.95  262.62
   7    13.761 54718.98012842 15.68  54.370700  65.530872  4.225  263.69  262.95  262.62
   7    13.424 54718.98012901 14.91  54.376872  65.530284  3.491  263.69  262.95  262.62
   8    20.357 54728.89577659 34.24  54.361767  65.529410 27.982  260.88  260.23  259.58
   8    20.448 54728.89577718 40.90  54.367939  65.528823 29.396  260.88  260.23  259.58
   8    20.504 54728.89577777 51.21  54.374111  65.528236   -100  260.88  260.23  259.58
   9    33.288 54738.81142401 19.41  54.362485  65.528511  8.573 -100.00 -100.00 -100.00
   9    32.609 54738.81142460 20.11  54.368656  65.527924  9.576 -100.00 -100.00 -100.00
   9    31.674 54738.81142519 19.89  54.374828  65.527336  8.084 -100.00 -100.00 -100.00
  10    69.707 54748.72707112 14.04  54.361653  65.529190  6.632  255.27  254.39  254.70
  10    69.440 54748.72707171 13.92  54.367825  65.528603  9.357  255.27  254.39  254.70
  10    69.852 54748.72707230 12.06  54.373996  65.528015  5.989  255.27  254.39  254.70
  11    34.002 54758.64271816 24.28  54.363321  65.529973 11.966  258.87  258.03  258.33
  11    33.125 54758.64271875 23.92  54.369494  65.529386  9.330  258.87  258.03  258.33
  11    23.591 54758.64271934 27.48  54.375666  65.528798 19.584  258.87  258.03  258.33
  12    69.803 54768.55836293 14.42  54.364354  65.530090  8.125  254.48  253.78  253.79
  12    69.265 54768.55836352 13.44  54.370526  65.529502  7.962  254.48  253.78  253.79
  12    69.290 54768.55836411 12.17  54.376699  65.528914  7.640  254.48  253.78  253.79
  13    22.406 54778.47400392 38.85  54.360388  65.529532 20.479 -100.00 -100.00 -100.00
  13    22.301 54778.47400451 41.91  54.366561  65.528945 22.998 -100.00 -100.00 -100.00
  13    21.491 54778.47400510 47.01  54.372733  65.528358   -100 -100.00 -100.00 -100.00
  13    21.470 54778.47400569 43.55  54.378906  65.527770   -100 -100.00 -100.00 -100.00
  14    20.208 54788.38964300 40.00  54.361774  65.528204 20.934  249.19  244.43  234.19
  14    20.050 54788.38964359 42.98  54.367946  65.527616 25.130  249.19  244.43  234.19
  14    19.767 54788.38964418 48.28  54.374119  65.527029 31.873  249.19  244.43  234.19
  15    19.426 54798.30528102 34.63  54.362902  65.527966 29.611  248.00  242.41  233.35
  15    19.578 54798.30528161 36.91  54.369075  65.527379 32.760  248.00  242.41  233.35
  15    19.739 54798.30528220 39.12  54.375247  65.526791 30.675  248.00  242.41  233.35
  16    20.126 54808.22091908 28.35  54.365275  65.529241 19.107 -100.00 -100.00 -100.00
  16    20.137 54808.22091967 29.77  54.371447  65.528653 24.656 -100.00 -100.00 -100.00
  16    20.169 54808.22092026 29.08  54.377620  65.528066 23.640 -100.00 -100.00 -100.00
  17    20.368 54818.13655612 18.97  54.362481  65.531469  8.833 -100.00 -100.00 -100.00
  17    20.338 54818.13655671 19.14  54.368654  65.530882  9.772 -100.00 -100.00 -100.00
  17    20.264 54818.13655730 18.93  54.374827  65.530295  8.337 -100.00 -100.00 -100.00
  17    23.347 54818.13655789 18.75  54.380999  65.529707  8.030 -100.00 -100.00 -100.00
  18    19.958 54828.05220663 16.40  54.358991  65.532628  7.560 -100.00 -100.00 -100.00
  18    20.038 54828.05220722 16.88  54.365165  65.532041  8.022 -100.00 -100.00 -100.00
  18    19.939 54828.05220781 18.61  54.371338  65.531454  9.922 -100.00 -100.00 -100.00
  18    19.874 54828.05220840 18.89  54.377511  65.530867 10.221 -100.00 -100.00 -100.00
  19    68.663 54837.96784563  8.32  54.359052  65.532338  6.048  239.98  232.48  218.39
  19    67.856 54837.96784622  7.87  54.365225  65.531751  4.803  239.98  232.48  218.39
  19    38.462 54837.96784681  9.04  54.371398  65.531163  5.391  239.98  232.48  218.39
  19    37.444 54837.96784740 10.38  54.377570  65.530576  8.186  239.98  232.48  218.39
  20    49.708 54847.88349489  8.54  54.358588  65.532191  5.576 -100.00 -100.00 -100.00
  20    49.345 54847.88349548  7.79  54.364761  65.531604  4.269 -100.00 -100.00 -100.00
  20    42.613 54847.88349607  8.67  54.370933  65.531017  5.648 -100.00 -100.00 -100.00
  20    38.599 54847.88349666  9.05  54.377106  65.530429  5.758 -100.00 -100.00 -100.00
  21    40.561 54857.79914354  8.22  54.357983  65.532585  5.558 -100.00 -100.00 -100.00
  21    44.835 54857.79914413  8.28  54.364156  65.531998  6.038 -100.00 -100.00 -100.00
  21    38.736 54857.79914472  8.47  54.370329  65.531411  5.892 -100.00 -100.00 -100.00
  21    37.081 54857.79914531 10.58  54.376501  65.530823  7.707 -100.00 -100.00 -100.00
  22    50.915 54867.71479232  8.79  54.358148  65.533335  5.776 -100.00 -100.00 -100.00
  22    49.442 54867.71479291  8.80  54.364321  65.532747  5.940 -100.00 -100.00 -100.00
  22    43.343 54867.71479350  9.13  54.370494  65.532160  6.299 -100.00 -100.00 -100.00
  22    46.493 54867.71479409  8.38  54.376667  65.531572  5.580 -100.00 -100.00 -100.00
  22    38.988 54867.71479468 10.15  54.382839  65.530984  7.450 -100.00 -100.00 -100.00
  23    46.307 54877.63044080 10.23  54.362231  65.532851  4.833 -100.00 -100.00 -100.00
  23    39.173 54877.63044139 13.30  54.368404  65.532263  8.792 -100.00 -100.00 -100.00
  23    34.470 54877.63044198 16.06  54.374577  65.531675 11.101 -100.00 -100.00 -100.00
  23    33.864 54877.63044257 15.82  54.380750  65.531087  8.344 -100.00 -100.00 -100.00
  24    45.481 54887.54608601 11.39  54.363392  65.531620  6.964  247.83  239.63  221.25
  24    43.242 54887.54608660 11.12  54.369565  65.531033  6.263  247.83  239.63  221.25
  24    47.009 54887.54608719 11.31  54.375737  65.530445  5.788  247.83  239.63  221.25
  25    68.229 54897.46172789  8.72  54.364416  65.529615  6.169  250.58  241.99  223.54
  25    55.545 54897.46172848  8.96  54.370589  65.529027  7.187  250.58  241.99  223.54
  25    67.005 54897.46172907  8.72  54.376761  65.528440  6.745  250.58  241.99  223.54
  26    57.994 54907.37736686  9.08  54.362422  65.528604  6.582  251.96  243.29  224.43
  26    56.028 54907.37736745  9.88  54.368595  65.528016  6.500  251.96  243.29  224.43
  26    55.285 54907.37736804  9.07  54.374767  65.527429  6.244  251.96  243.29  224.43
  27    68.512 54917.29300491  9.96  54.363997  65.528643  7.320 -100.00 -100.00 -100.00
  27    55.058 54917.29300550 10.25  54.370169  65.528055  7.278 -100.00 -100.00 -100.00
  27    47.226 54917.29300609  9.60  54.376341  65.527468  6.240 -100.00 -100.00 -100.00
  28    49.728 54927.20864277 10.63  54.365118  65.529439  6.494  242.78  231.36  211.70
  28    48.005 54927.20864336 10.56  54.371290  65.528852  6.222  242.78  231.36  211.70
  28    66.652 54927.20864395 10.40  54.377462  65.528264  5.833  242.78  231.36  211.70
  29    70.815 54937.12427934  2.13  54.359133  65.530547  3.564 -100.00 -100.00 -100.00
  29    69.949 54937.12427993  2.59  54.365305  65.529960  4.083 -100.00 -100.00 -100.00
  29    69.560 54937.12428052  2.90  54.371477  65.529372  4.583 -100.00 -100.00 -100.00
  29    69.436 54937.12428111  2.54  54.377649  65.528785  4.829 -100.00 -100.00 -100.00
  30    69.904 54947.03991515  5.98  54.363824  65.530005  5.189 -100.00 -100.00 -100.00
  30    69.875 54947.03991574  5.81  54.369996  65.529418  5.698 -100.00 -100.00 -100.00
  30    66.932 54947.03991633  6.28  54.376168  65.528831  5.744 -100.00 -100.00 -100.00
  31    69.964 54956.95554889  6.28  54.361387  65.529610  4.153 -100.00 -100.00 -100.00
  31    70.028 54956.95554948  6.11  54.367559  65.529023  4.552 -100.00 -100.00 -100.00
  31    68.183 54956.95555007  5.87  54.373731  65.528436  4.106 -100.00 -100.00 -100.00
  32    33.518 54966.87119783 23.91  54.364739  65.528614 10.296 -100.00 -100.00 -100.00
  32    32.956 54966.87119843 24.17  54.370910  65.528027 11.562 -100.00 -100.00 -100.00
  32    32.238 54966.87119902 23.52  54.377082  65.527440  9.624 -100.00 -100.00 -100.00
  33    70.264 54976.78684520 24.32  54.362522  65.529117  7.410 -100.00 -100.00 -100.00
  33    76.082 54976.78684579 29.08  54.368694  65.528530 17.181 -100.00 -100.00 -100.00
  33    76.174 54976.78684638 26.86  54.374865  65.527942 15.193 -100.00 -100.00 -100.00
  34    70.276 54986.70249251 18.76  54.360091  65.530321  7.443  244.45  249.69  252.96
  34    69.919 54986.70249310 18.31  54.366263  65.529734  7.759  244.45  249.69  252.96
  34    69.982 54986.70249369 17.45  54.372435  65.529147  7.326  244.45  249.69  252.96
  34    71.805 54986.70249428 22.88  54.378606  65.528559 16.461  244.45  249.69  252.96
  35    27.908 54996.61814030 38.96  54.361433  65.531077 19.918 -100.00 -100.00 -100.00
  35    27.856 54996.61814089 40.82  54.367606  65.530490 24.536 -100.00 -100.00 -100.00
  35    27.853 54996.61814148 46.35  54.373778  65.529903 27.137 -100.00 -100.00 -100.00
  35    27.527 54996.61814207 50.51  54.379949  65.529315   -100 -100.00 -100.00 -100.00
  36    24.496 55006.53378644 26.54  54.362824  65.531432  9.560 -100.00 -100.00 -100.00
  36    24.805 55006.53378703 27.15  54.368997  65.530845  9.552 -100.00 -100.00 -100.00
  36    25.535 55006.53378762 27.82  54.375169  65.530258  9.560 -100.00 -100.00 -100.00
  36    25.452 55006.53378821 29.32  54.381341  65.529670 13.470 -100.00 -100.00 -100.00
  37    34.466 55016.44943005 20.88  54.360224  65.531947  7.004 -100.00 -100.00 -100.00
  37    24.175 55016.44943064 22.58  54.366397  65.531360 10.018 -100.00 -100.00 -100.00
  37    24.676 55016.44943123 22.72  54.372570  65.530773  8.302 -100.00 -100.00 -100.00
  37    25.186 55016.44943182 23.44  54.378742  65.530185 10.774 -100.00 -100.00 -100.00
  38    20.481 55026.36507236 40.23  54.358761  65.532496 21.458 -100.00 -100.00 -100.00
  38    20.333 55026.36507295 42.93  54.364934  65.531909   -100 -100.00 -100.00 -100.00
  38    20.469 55026.36507354 43.09  54.371107  65.531322   -100 -100.00 -100.00 -100.00
  38    20.241 55026.36507413 42.56  54.377279  65.530734   -100 -100.00 -100.00 -100.00
  39    20.014 55036.28071432 41.12  54.358422  65.533423   -100 -100.00 -100.00 -100.00
  39    19.857 55036.28071491 42.19  54.364595  65.532836   -100 -100.00 -100.00 -100.00
  39    19.803 55036.28071550 40.32  54.370768  65.532249   -100 -100.00 -100.00 -100.00
  39    19.548 55036.28071609 42.35  54.376941  65.531661   -100 -100.00 -100.00 -100.00
  39    19.355 55036.28071668 45.16  54.383113  65.531073   -100 -100.00 -100.00 -100.00
  40    18.763 55046.19635547 26.45  54.358365  65.533913 27.553 -100.00 -100.00 -100.00
  40    18.648 55046.19635606 26.29  54.364538  65.533326 26.962 -100.00 -100.00 -100.00
  40    18.572 55046.19635665 23.58  54.370711  65.532738 15.799 -100.00 -100.00 -100.00
  40    23.949 55046.19635724 23.03  54.376884  65.532151 15.333 -100.00 -100.00 -100.00
  40    24.602 55046.19635783 21.84  54.383057  65.531563 12.000 -100.00 -100.00 -100.00
  41    18.058 55056.11199526 29.09  54.362717  65.532915   -100  270.28  270.52  268.63
  41    17.839 55056.11199585 26.33  54.368890  65.532328 22.639  270.28  270.52  268.63
  41    23.390 55056.11199644 26.51  54.375063  65.531741 25.140  270.28  270.52  268.63
  41    24.360 55056.11199704 22.94  54.381235  65.531153 11.583  270.28  270.52  268.63
  42    18.556 55066.02763197 23.56  54.358558  65.531576 15.381 -100.00 -100.00 -100.00
  42    17.999 55066.02763256 24.58  54.364730  65.530989 17.490 -100.00 -100.00 -100.00
  42    23.238 55066.02763315 24.03  54.370903  65.530402 16.211 -100.00 -100.00 -100.00
  42    23.581 55066.02763374 23.47  54.377075  65.529815 12.477 -100.00 -100.00 -100.00
  43    18.638 55075.94328172 24.15  54.363891  65.529282 17.302 -100.00 -100.00 -100.00
  43    23.519 55075.94328231 20.64  54.370063  65.528695 10.223 -100.00 -100.00 -100.00
  43    23.932 55075.94328290 22.90  54.376235  65.528108 14.111 -100.00 -100.00 -100.00
  44    18.823 55085.85892939 20.11  54.362091  65.528806 10.076 -100.00 -100.00 -100.00
  44    18.462 55085.85892998 22.12  54.368263  65.528219 12.289 -100.00 -100.00 -100.00
  44    23.458 55085.85893057 22.64  54.374434  65.527631 12.122 -100.00 -100.00 -100.00
  45    18.611 55095.77457586 25.04  54.365708  65.529016 17.398  263.42  263.47  263.51
  45    23.530 55095.77457645 21.98  54.371880  65.528428  9.004  263.42  263.47  263.51
  45    23.922 55095.77457704 24.03  54.378052  65.527840 13.480  263.42  263.47  263.51
  46    34.319 55105.69022123 18.01  54.360648  65.530068 16.626  257.82  257.58  257.92
  46    33.411 55105.69022182 19.40  54.366820  65.529481 20.081  257.82  257.58  257.92
  46    32.279 55105.69022241 20.99  54.372992  65.528893 21.904  257.82  257.58  257.92
  46    23.712 55105.69022300 23.25  54.379164  65.528305 23.927  257.82  257.58  257.92
  47    67.793 55115.60586673 15.01  54.359713  65.529934 14.539 -100.00 -100.00 -100.00
  47    69.729 55115.60586732 11.75  54.365885  65.529347  9.212 -100.00 -100.00 -100.00
  47    69.722 55115.60586791 10.37  54.372058  65.528759  7.794 -100.00 -100.00 -100.00
  47    69.310 55115.60586850 10.12  54.378230  65.528171  7.967 -100.00 -100.00 -100.00
  48    32.915 55125.52151032 23.48  54.363196  65.528629  6.303 -100.00 -100.00 -100.00
  48    32.319 55125.52151091 23.70  54.369368  65.528042  6.282 -100.00 -100.00 -100.00
  48    23.192 55125.52151150 23.98  54.375540  65.527454  6.218 -100.00 -100.00 -100.00
  49    19.007 55135.43715113 36.96  54.364706  65.527762   -100 -100.00 -100.00 -100.00
  49    19.279 55135.43715172 37.97  54.370879  65.527175 27.510 -100.00 -100.00 -100.00
  49    19.307 55135.43715231 40.16  54.377051  65.526587 26.805 -100.00 -100.00 -100.00
  50    20.183 55145.35278982 35.39  54.366238  65.527723 15.768 -100.00 -100.00 -100.00
  50    19.377 55145.35279041 41.33  54.372410  65.527135   -100 -100.00 -100.00 -100.00
  51    19.580 55155.26842730 31.36  54.362863  65.529312 20.189 -100.00 -100.00 -100.00
  51    19.439 55155.26842789 34.58  54.369035  65.528725 26.600 -100.00 -100.00 -100.00
  51    19.286 55155.26842848 38.09  54.375208  65.528137   -100 -100.00 -100.00 -100.00
  52    19.465 55165.18406548 26.61  54.364084  65.530489 16.549 -100.00 -100.00 -100.00
  52    19.604 55165.18406607 29.80  54.370257  65.529902 24.195 -100.00 -100.00 -100.00
  52    23.382 55165.18406666 26.40  54.376429  65.529315 12.940 -100.00 -100.00 -100.00
  53    19.230 55175.09970322 22.87  54.362732  65.531685 13.665 -100.00 -100.00 -100.00
  53    19.423 55175.09970381 22.13  54.368905  65.531098 10.041 -100.00 -100.00 -100.00
  53    19.383 55175.09970440 24.22  54.375078  65.530511 15.608 -100.00 -100.00 -100.00
  53    21.121 55175.09970499 22.10  54.381250  65.529923  9.336 -100.00 -100.00 -100.00
  54    19.816 55185.01534376 17.64  54.364049  65.531700  8.086 -100.00 -100.00 -100.00
  54    20.326 55185.01534435 17.38  54.370222  65.531113  7.345 -100.00 -100.00 -100.00
  54    21.416 55185.01534494 17.36  54.376394  65.530526  7.054 -100.00 -100.00 -100.00
  55    19.564 55194.93099455 16.33  54.360203  65.531951  6.548  254.54  249.69  238.79
  55    19.969 55194.93099514 16.20  54.366376  65.531364  5.965  254.54  249.69  238.79
  55    20.221 55194.93099573 17.54  54.372549  65.530777  8.388  254.54  249.69  238.79
  55    21.117 55194.93099632 17.49  54.378721  65.530189  7.979  254.54  249.69  238.79
  56    19.316 55204.84664426 16.13  54.359064  65.532502  7.531 -100.00 -100.00 -100.00
  56    19.522 55204.84664485 17.71  54.365237  65.531915 10.823 -100.00 -100.00 -100.00
  56    20.360 55204.84664544 17.01  54.371409  65.531328  8.138 -100.00 -100.00 -100.00
  56    21.365 55204.84664603 17.04  54.377582  65.530740  7.168 -100.00 -100.00 -100.00
  57    19.049 55214.76229373 17.95  54.362777  65.533132 10.441 -100.00 -100.00 -100.00
  57    19.346 55214.76229432 18.20  54.368950  65.532545 10.530 -100.00 -100.00 -100.00
  57    19.793 55214.76229491 18.47  54.375123  65.531957 10.871 -100.00 -100.00 -100.00
  57    21.489 55214.76229550 17.01  54.381295  65.531369  6.807 -100.00 -100.00 -100.00
  58    17.962 55224.67794219 23.76  54.360980  65.533460 26.281 -100.00 -100.00 -100.00
  58    18.024 55224.67794278 23.78  54.367153  65.532873 24.404 -100.00 -100.00 -100.00
  58    19.906 55224.67794337 19.05  54.373326  65.532285 10.837 -100.00 -100.00 -100.00
  58    20.828 55224.67794396 18.43  54.379498  65.531697  8.400 -100.00 -100.00 -100.00
  59    18.854 55234.59358877 17.83  54.358138  65.532245 10.881 -100.00 -100.00 -100.00
  59    19.216 55234.59358936 19.11  54.364311  65.531658 12.709 -100.00 -100.00 -100.00
  59    19.936 55234.59358995 17.76  54.370484  65.531071  9.026 -100.00 -100.00 -100.00
  59    20.911 55234.59359054 16.75  54.376657  65.530483  6.699 -100.00 -100.00 -100.00
  60    19.653 55244.50923279 18.50  54.362196  65.529438  9.548  250.78  240.56  217.26
  60    18.662 55244.50923338 19.37  54.368369  65.528851 10.910  250.78  240.56  217.26
  60    20.403 55244.50923398 17.99  54.374541  65.528263  8.211  250.78  240.56  217.26
  61    19.109 55254.42487359 16.74  54.363518  65.527492  7.922 -100.00 -100.00 -100.00
  61    20.130 55254.42487418 17.29  54.369690  65.526905  8.139 -100.00 -100.00 -100.00
  61    22.011 55254.42487477 15.86  54.375862  65.526317  5.358 -100.00 -100.00 -100.00
  62    19.324 55264.34051219 18.03  54.361495  65.527919  7.617  255.27  244.81  221.73
  62    20.513 55264.34051278 17.44  54.367667  65.527332  6.829  255.27  244.81  221.73
  62    20.234 55264.34051337 18.33  54.373839  65.526744  8.033  255.27  244.81  221.73
  63    18.412 55274.25614999 18.72  54.361314  65.529809  8.890 -100.00 -100.00 -100.00
  63    19.561 55274.25615058 17.91  54.367486  65.529222  8.374 -100.00 -100.00 -100.00
  63    19.851 55274.25615117 18.51  54.373658  65.528634  8.689 -100.00 -100.00 -100.00
  64    54.898 55284.17178749  8.35  54.363380  65.530902  5.678  254.32  244.04  221.50
  64    54.000 55284.17178808  8.10  54.369553  65.530315  4.769  254.32  244.04  221.50
  64    39.413 55284.17178867  8.25  54.375725  65.529727  5.079  254.32  244.04  221.50
  65    70.696 55294.08742316  3.58  54.361313  65.530575  5.650  258.14  253.37  242.01
  65    69.549 55294.08742375  3.85  54.367485  65.529988  5.529  258.14  253.37  242.01
  65    69.607 55294.08742434  3.88  54.373657  65.529400  5.766  258.14  253.37  242.01
  65    69.108 55294.08742494  3.42  54.379829  65.528813  5.505  258.14  253.37  242.01
  67    32.974 55313.91870867 25.68  54.364607  65.527219 19.430 -100.00 -100.00 -100.00
  67    32.510 55313.91870926 23.51  54.370778  65.526632 14.015 -100.00 -100.00 -100.00
  68    33.835 55323.83435374 20.69  54.360980  65.528312 13.302 -100.00 -100.00 -100.00
  68    33.194 55323.83435433 20.14  54.367151  65.527725 10.508 -100.00 -100.00 -100.00
  68    32.759 55323.83435492 20.47  54.373322  65.527138 13.115 -100.00 -100.00 -100.00
  69    78.347 55333.74999766 22.83  54.359776  65.530347 12.018 -100.00 -100.00 -100.00
  69    79.717 55333.74999825 22.93  54.365948  65.529760  8.820 -100.00 -100.00 -100.00
  69    76.457 55333.74999884 27.94  54.372119  65.529172 16.305 -100.00 -100.00 -100.00
  69    72.660 55333.74999943 30.35  54.378291  65.528585   -100 -100.00 -100.00 -100.00
  70    22.897 55343.66564180 31.15  54.362503  65.531565 22.391 -100.00 -100.00 -100.00
  70    23.037 55343.66564239 29.29  54.368675  65.530978 14.458 -100.00 -100.00 -100.00
  70    24.305 55343.66564298 29.92  54.374847  65.530390 15.490 -100.00 -100.00 -100.00
  70    25.091 55343.66564357 29.85  54.381019  65.529803 14.258 -100.00 -100.00 -100.00
  71    69.260 55353.58128503 15.49  54.360254  65.531857 11.344 -100.00 -100.00 -100.00
  71    69.776 55353.58128562 13.44  54.366427  65.531269  9.163 -100.00 -100.00 -100.00
  71    69.580 55353.58128621 12.75  54.372599  65.530682  7.321 -100.00 -100.00 -100.00
  71    69.163 55353.58128680 12.40  54.378771  65.530094  6.194 -100.00 -100.00 -100.00
  72    23.774 55363.49692632 38.17  54.359599  65.531533 26.016 -100.00 -100.00 -100.00
  72    23.610 55363.49692691 39.22  54.365771  65.530946 30.990 -100.00 -100.00 -100.00
  72    23.343 55363.49692750 40.66  54.371944  65.530359   -100 -100.00 -100.00 -100.00
  72    23.444 55363.49692809 42.45  54.378116  65.529771   -100 -100.00 -100.00 -100.00
  73    21.592 55373.41256628 37.20  54.363974  65.531187 19.422 -100.00 -100.00 -100.00
  73    21.459 55373.41256687 41.34  54.370147  65.530600 25.055 -100.00 -100.00 -100.00
  73    21.310 55373.41256746 47.45  54.376319  65.530012   -100 -100.00 -100.00 -100.00
  74    20.407 55383.32820414 37.23  54.360030  65.532653 23.852 -100.00 -100.00 -100.00
  74    21.131 55383.32820473 41.44  54.366204  65.532066 20.315 -100.00 -100.00 -100.00
  74    20.630 55383.32820532 52.72  54.372376  65.531479   -100 -100.00 -100.00 -100.00
  74    20.730 55383.32820591 51.31  54.378549  65.530891   -100 -100.00 -100.00 -100.00
  75    19.185 55393.24384175 26.75  54.361638  65.533744 25.213 -100.00 -100.00 -100.00
  75    19.321 55393.24384234 23.52  54.367812  65.533157 13.846 -100.00 -100.00 -100.00
  75    23.722 55393.24384293 23.65  54.373985  65.532570 12.658 -100.00 -100.00 -100.00
  75    24.255 55393.24384352 23.16  54.380157  65.531983 11.143 -100.00 -100.00 -100.00
  76    35.327 55403.15947785 20.08  54.359414  65.534422  9.496 -100.00 -100.00 -100.00
  76    22.866 55403.15947844 20.78  54.365587  65.533836 10.004 -100.00 -100.00 -100.00
  76    23.436 55403.15947903 21.00  54.371760  65.533249  8.599 -100.00 -100.00 -100.00
  76    23.803 55403.15947962 23.59  54.377933  65.532661 13.237 -100.00 -100.00 -100.00
  76    24.108 55403.15948021 24.34  54.384106  65.532074 11.460 -100.00 -100.00 -100.00
  77    18.964 55413.07513031 39.35  54.363540  65.532163 28.865 -100.00 -100.00 -100.00
  77    19.289 55413.07513090 50.78  54.369712  65.531576   -100 -100.00 -100.00 -100.00
  77    18.957 55413.07513149 56.14  54.375885  65.530988  8.647 -100.00 -100.00 -100.00
  77    19.082 55413.07513208 54.36  54.382057  65.530401  1.719 -100.00 -100.00 -100.00
  78    18.023 55422.99077932 22.53  54.361213  65.529583 13.198 -100.00 -100.00 -100.00
  78    18.156 55422.99077991 23.07  54.367385  65.528996 14.613 -100.00 -100.00 -100.00
  78    23.606 55422.99078050 22.89  54.373556  65.528409 13.250 -100.00 -100.00 -100.00
  79    19.834 55432.90642579 37.35  54.360528  65.527621 19.515 -100.00 -100.00 -100.00
  79    18.886 55432.90642638 39.29  54.366699  65.527034 27.073 -100.00 -100.00 -100.00
  79    19.489 55432.90642697 46.58  54.372870  65.526446 28.304 -100.00 -100.00 -100.00
  80    19.490 55442.82207039 36.61  54.360982  65.527941 27.577  265.83  266.51  264.90
  80    19.616 55442.82207098 40.43  54.367153  65.527354 25.457  265.83  266.51  264.90
  80    19.789 55442.82207157 51.54  54.373324  65.526766   -100  265.83  266.51  264.90
  81    20.579 55452.73771339 40.35  54.360852  65.529631 19.627 -100.00 -100.00 -100.00
  81    20.963 55452.73771398 42.38  54.367024  65.529043 15.916 -100.00 -100.00 -100.00
  81    20.215 55452.73771457 47.49  54.373195  65.528456   -100 -100.00 -100.00 -100.00
  82    20.287 55462.65335541 33.61  54.358885  65.531365 18.026 -100.00 -100.00 -100.00
  82    20.243 55462.65335600 34.44  54.365058  65.530778 18.676 -100.00 -100.00 -100.00
  82    20.256 55462.65335659 34.12  54.371231  65.530191 19.282 -100.00 -100.00 -100.00
  82    19.953 55462.65335718 35.86  54.377403  65.529603 23.634 -100.00 -100.00 -100.00
  83    34.265 55472.56899595 20.94  54.360204  65.530699 11.923 -100.00 -100.00 -100.00
  83    33.765 55472.56899654 20.89  54.366377  65.530112 11.645 -100.00 -100.00 -100.00
  83    32.915 55472.56899713 21.64  54.372550  65.529525 13.661 -100.00 -100.00 -100.00
  83    32.059 55472.56899772 24.22  54.378722  65.528937 18.532 -100.00 -100.00 -100.00
  84    33.482 55482.48463396 18.93  54.363998  65.528570  9.248 -100.00 -100.00 -100.00
  84    32.683 55482.48463455 18.36  54.370171  65.527983  7.905 -100.00 -100.00 -100.00
  84    31.859 55482.48463514 19.58  54.376343  65.527395  8.417 -100.00 -100.00 -100.00
  85    71.019 55492.40026946 11.59  54.364508  65.527094  7.411 -100.00 -100.00 -100.00
  85    70.317 55492.40027005 11.38  54.370680  65.526507  7.685 -100.00 -100.00 -100.00
  86    68.221 55502.31590314 21.86  54.363976  65.528112 24.981 -100.00 -100.00 -100.00
  86    70.426 55502.31590373 12.69  54.370148  65.527525  7.438 -100.00 -100.00 -100.00
  86    70.094 55502.31590432 12.72  54.376321  65.526938  7.185 -100.00 -100.00 -100.00
  87    20.255 55512.23154817 37.14  54.360056  65.530721 29.251 -100.00 -100.00 -100.00
  87    20.172 55512.23154876 40.21  54.366229  65.530134   -100 -100.00 -100.00 -100.00
  87    20.072 55512.23154935 40.58  54.372402  65.529547   -100 -100.00 -100.00 -100.00
  87    20.044 55512.23154994 39.28  54.378575  65.528959   -100 -100.00 -100.00 -100.00
  88    20.677 55522.14719783 38.22  54.361466  65.532443   -100 -100.00 -100.00 -100.00
  88    21.194 55522.14719842 39.35  54.367639  65.531856 23.364 -100.00 -100.00 -100.00
  88    21.305 55522.14719901 41.54  54.373812  65.531269 21.430 -100.00 -100.00 -100.00
  88    21.072 55522.14719960 45.79  54.379985  65.530681   -100 -100.00 -100.00 -100.00
  89    21.203 55532.06284608 24.82  54.361295  65.532758  9.158 -100.00 -100.00 -100.00
  89    21.057 55532.06284667 25.32  54.367468  65.532171  9.928 -100.00 -100.00 -100.00
  89    21.105 55532.06284726 27.25  54.373641  65.531584 12.104 -100.00 -100.00 -100.00
  89    21.173 55532.06284785 26.32  54.379814  65.530996 10.301 -100.00 -100.00 -100.00
  90    20.470 55541.97849284 19.03  54.362202  65.531668  6.806 -100.00 -100.00 -100.00
  90    22.672 55541.97849343 20.10  54.368375  65.531080  7.612 -100.00 -100.00 -100.00
  90    22.666 55541.97849402 19.40  54.374548  65.530493  6.107 -100.00 -100.00 -100.00
  90    21.447 55541.97849461 20.13  54.380720  65.529905  6.792 -100.00 -100.00 -100.00
  91    20.458 55551.89413712 20.25  54.359107  65.531248  6.121 -100.00 -100.00 -100.00
  91    20.537 55551.89413771 20.16  54.365280  65.530661  5.976 -100.00 -100.00 -100.00
  91    20.692 55551.89413830 20.95  54.371452  65.530073  7.233 -100.00 -100.00 -100.00
  91    20.837 55551.89413889 20.55  54.377624  65.529486  6.432 -100.00 -100.00 -100.00
  92    20.046 55561.80978038 18.93  54.360946  65.531646  7.701 -100.00 -100.00 -100.00
  92    20.074 55561.80978097 19.85  54.367119  65.531059  9.096 -100.00 -100.00 -100.00
  92    20.591 55561.80978156 18.98  54.373291  65.530471  6.541 -100.00 -100.00 -100.00
  92    20.888 55561.80978215 19.19  54.379463  65.529883  6.217 -100.00 -100.00 -100.00
  93    19.843 55571.72542293 18.05  54.363380  65.532750  7.934  256.70  253.04  243.78
  93    34.081 55571.72542352 18.30  54.369553  65.532163  7.833  256.70  253.04  243.78
  93    21.139 55571.72542411 18.44  54.375726  65.531575  6.784  256.70  253.04  243.78
  93    22.663 55571.72542470 19.15  54.381899  65.530987  7.725  256.70  253.04  243.78
  94    19.764 55581.64106363 18.26  54.358376  65.533595  7.358 -100.00 -100.00 -100.00
  94    20.299 55581.64106422 19.62  54.364549  65.533008  9.780 -100.00 -100.00 -100.00
  94    20.243 55581.64106481 19.05  54.370723  65.532421  8.326 -100.00 -100.00 -100.00
  94    20.535 55581.64106540 20.09  54.376896  65.531833  9.958 -100.00 -100.00 -100.00
  94    22.451 55581.64106599 19.28  54.383068  65.531245  7.481 -100.00 -100.00 -100.00
  95    20.457 55591.55670222 16.85  54.363400  65.531545  6.734 -100.00 -100.00 -100.00
  95    20.277 55591.55670281 17.48  54.369574  65.530958  7.509 -100.00 -100.00 -100.00
  95    21.959 55591.55670340 17.18  54.375747  65.530370  7.006 -100.00 -100.00 -100.00
  96    33.939 55601.47233693 17.12  54.361240  65.529291  6.465 -100.00 -100.00 -100.00
  96    33.557 55601.47233752 16.79  54.367413  65.528704  6.382 -100.00 -100.00 -100.00
  96    32.262 55601.47233811 17.33  54.373585  65.528117  6.119 -100.00 -100.00 -100.00
  97    48.222 55611.38796994 10.42  54.364114  65.527593  4.709 -100.00 -100.00 -100.00
  97    36.011 55611.38797053 11.24  54.370286  65.527006  5.676 -100.00 -100.00 -100.00
  97    33.777 55611.38797112 13.57  54.376459  65.526418  8.352 -100.00 -100.00 -100.00
  98    21.255 55621.30360254 15.87  54.364385  65.528504  6.181  255.62  248.18  232.47
  98    21.811 55621.30360313 15.75  54.370557  65.527917  6.181  255.62  248.18  232.47
  98    20.854 55621.30360372 17.26  54.376730  65.527330  7.605  255.62  248.18  232.47
  99    34.811 55631.21925492 15.55  54.359560  65.530785  6.516  257.92  250.19  232.14
  99    34.143 55631.21925551 16.41  54.365733  65.530198  7.219  257.92  250.19  232.14
  99    32.810 55631.21925610 16.24  54.371905  65.529611  6.637  257.92  250.19  232.14
  99    20.699 55631.21925669 16.79  54.378078  65.529024  7.361  257.92  250.19  232.14
 100    19.507 55641.13490604 15.75  54.362983  65.531545  6.530 -100.00 -100.00 -100.00
 100    19.777 55641.13490663 15.88  54.369156  65.530958  6.968 -100.00 -100.00 -100.00
 100    20.998 55641.13490722 15.90  54.375328  65.530371  6.310 -100.00 -100.00 -100.00
 100    21.167 55641.13490781 16.93  54.381501  65.529783  7.507 -100.00 -100.00 -100.00
 101    19.080 55651.05055425 17.46  54.363207  65.530675 10.937  255.20  245.60  224.62
 101    19.876 55651.05055484 17.19  54.369379  65.530087 10.324  255.20  245.60  224.62
 101    21.850 55651.05055543 15.67  54.375551  65.529500  5.998  255.20  245.60  224.62
 102    19.075 55660.96619890 35.26  54.364530  65.528255   -100  265.78  264.71  264.02
 102    19.127 55660.96619949 36.57  54.370701  65.527668   -100  265.78  264.71  264.02
 102    19.122 55660.96620009 38.36  54.376872  65.527081   -100  265.78  264.71  264.02
 103    33.243 55670.88183967 27.37  54.360674  65.527373 22.220 -100.00 -100.00 -100.00
 103    32.310 55670.88184027 31.03  54.366845  65.526786 27.562 -100.00 -100.00 -100.00
 103    19.607 55670.88184086 32.42  54.373016  65.526198 22.216 -100.00 -100.00 -100.00
 104    57.159 55680.79747920 19.49  54.363064  65.528108 16.038 -100.00 -100.00 -100.00
 104    55.378 55680.79747979 17.71  54.369235  65.527521 11.803 -100.00 -100.00 -100.00
 104    54.844 55680.79748038 17.60  54.375406  65.526934 12.304 -100.00 -100.00 -100.00
 105    69.296 55690.71311630 18.79  54.360103  65.531024 10.869 -100.00 -100.00 -100.00
 105    75.380 55690.71311689 25.36  54.366275  65.530437 22.193 -100.00 -100.00 -100.00
 105    75.718 55690.71311748 27.24  54.372447  65.529849 18.733 -100.00 -100.00 -100.00
 105    73.970 55690.71311807 28.24  54.378619  65.529262 20.619 -100.00 -100.00 -100.00
 106    69.782 55700.62875241 15.03  54.363271  65.532908  7.885  253.54  253.52  253.80
 106    69.668 55700.62875300 13.50  54.369444  65.532321  5.889  253.54  253.52  253.80
 106    68.548 55700.62875359 14.84  54.375616  65.531734  9.148  253.54  253.52  253.80
 106    68.041 55700.62875418 14.71  54.381789  65.531146  9.154  253.54  253.52  253.80
 107    24.335 55710.54439227 41.46  54.362211  65.533497 20.434 -100.00 -100.00 -100.00
 107    23.965 55710.54439286 46.77  54.368385  65.532910   -100 -100.00 -100.00 -100.00
 107    23.841 55710.54439345 51.04  54.374558  65.532323   -100 -100.00 -100.00 -100.00
 107    23.767 55710.54439404 52.01  54.380731  65.531736   -100 -100.00 -100.00 -100.00
 108    26.009 55720.46004197 36.42  54.358305  65.532800 15.114 -100.00 -100.00 -100.00
 108    26.202 55720.46004256 37.51  54.364479  65.532213 18.011 -100.00 -100.00 -100.00
 108    26.003 55720.46004315 40.48  54.370652  65.531626 29.213 -100.00 -100.00 -100.00
 108    26.103 55720.46004374 38.04  54.376824  65.531039 19.332 -100.00 -100.00 -100.00
 109    21.821 55730.37569040 40.50  54.363926  65.531545 19.983 -100.00 -100.00 -100.00
 109    21.364 55730.37569099 45.71  54.370099  65.530958   -100 -100.00 -100.00 -100.00
 109    20.954 55730.37569158 53.83  54.376271  65.530371 17.172 -100.00 -100.00 -100.00
 110    19.840 55740.29133643 21.61  54.358178  65.532186 10.890  283.95  283.51  282.30
 110    23.799 55740.29133702 21.76  54.364351  65.531599 12.462  283.95  283.51  282.30
 110    24.003 55740.29133761 21.68  54.370524  65.531012 10.929  283.95  283.51  282.30
 110    24.663 55740.29133820 20.70  54.376696  65.530424 10.114  283.95  283.51  282.30
 111    22.770 55750.20698202 20.08  54.360897  65.532442 11.333 -100.00 -100.00 -100.00
 111    23.726 55750.20698261 19.70  54.367069  65.531855  9.093 -100.00 -100.00 -100.00
 111    23.903 55750.20698320 20.58  54.373242  65.531267 10.515 -100.00 -100.00 -100.00
 111    24.403 55750.20698379 27.22  54.379414  65.530680 28.041 -100.00 -100.00 -100.00
 112    22.740 55760.12262500 21.12  54.360637  65.532415 10.913 -100.00 -100.00 -100.00
 112    23.179 55760.12262559 21.41  54.366810  65.531828 11.730 -100.00 -100.00 -100.00
 112    23.686 55760.12262618 20.68  54.372982  65.531241 10.288 -100.00 -100.00 -100.00
 112    23.957 55760.12262677 26.72  54.379154  65.530653 25.092 -100.00 -100.00 -100.00
 113    18.256 55770.03826541 34.99  54.363006  65.531134 29.823  266.78  265.89  264.90
 113    18.892 55770.03826600 37.48  54.369178  65.530547 21.864  266.78  265.89  264.90
 113    18.732 55770.03826659 41.57  54.375350  65.529960 24.327  266.78  265.89  264.90
 114    17.820 55779.95390247 29.75  54.364976  65.529029   -100  261.89  261.02  260.66
 114    17.843 55779.95390306 27.49  54.371148  65.528442 26.271  261.89  261.02  260.66
 114    23.641 55779.95390365 25.56  54.377319  65.527855 19.316  261.89  261.02  260.66
 115    17.536 55789.86953648 28.12  54.362556  65.528116 29.930  266.04  264.79  264.39
 115    17.901 55789.86953707 27.13  54.368727  65.527529 22.002  266.04  264.79  264.39
 115    17.942 55789.86953766 27.34  54.374899  65.526941 26.439  266.04  264.79  264.39
 116    19.135 55799.78516928 32.75  54.361042  65.528874 17.496  267.74  267.01  266.55
 116    18.484 55799.78516987 36.04  54.367214  65.528287 28.767  267.74  267.01  266.55
 116    18.145 55799.78517046 30.20  54.373386  65.527700 27.586  267.74  267.01  266.55
 117    18.519 55809.70081664 40.45  54.362673  65.530111 22.087 -100.00 -100.00 -100.00
 117    18.757 55809.70081723 42.49  54.368845  65.529524 18.879 -100.00 -100.00 -100.00
 117    18.051 55809.70081782 48.31  54.375017  65.528937   -100 -100.00 -100.00 -100.00
 118    17.771 55819.61646555 27.11  54.363903  65.531199 28.851 -100.00 -100.00 -100.00
 118    22.725 55819.61646614 24.79  54.370076  65.530612 19.148 -100.00 -100.00 -100.00
 118    23.373 55819.61646673 24.64  54.376249  65.530025 16.245 -100.00 -100.00 -100.00
 119    17.739 55829.53210942 31.34  54.358517  65.531456   -100  266.06  266.00  265.97
 119    17.959 55829.53211001 32.97  54.364690  65.530870 29.283  266.06  266.00  265.97
 119    17.811 55829.53211060 32.87  54.370863  65.530283   -100  266.06  266.00  265.97
 119    17.650 55829.53211119 33.98  54.377036  65.529695   -100  266.06  266.00  265.97
 120    22.764 55839.44774983 18.08  54.362992  65.529477  7.970 -100.00 -100.00 -100.00
 120    32.210 55839.44775042 18.69  54.369165  65.528890  8.224 -100.00 -100.00 -100.00
 120    23.481 55839.44775101 19.54  54.375337  65.528303  8.895 -100.00 -100.00 -100.00
 121    62.171 55849.36338681 21.66  54.363400  65.528205 29.502 -100.00 -100.00 -100.00
 121    73.117 55849.36338740 16.43  54.369573  65.527618  4.832 -100.00 -100.00 -100.00
 121    75.556 55849.36338799 28.26  54.375746  65.527030 19.876 -100.00 -100.00 -100.00
 122    20.312 55859.27902136 29.82  54.360297  65.529410 17.558 -100.00 -100.00 -100.00
 122    20.484 55859.27902195 29.37  54.366470  65.528824 16.910 -100.00 -100.00 -100.00
 122    20.592 55859.27902255 31.15  54.372643  65.528236 21.453 -100.00 -100.00 -100.00
 122    20.890 55859.27902314 30.00  54.378815  65.527649 16.936 -100.00 -100.00 -100.00
 123    19.106 55869.19467043 35.82  54.361248  65.531335 25.149 -100.00 -100.00 -100.00
 123    19.075 55869.19467102 37.69  54.367421  65.530748 25.761 -100.00 -100.00 -100.00
 123    19.093 55869.19467161 41.73  54.373594  65.530161 27.313 -100.00 -100.00 -100.00
 123    19.361 55869.19467220 44.74  54.379767  65.529573 29.012 -100.00 -100.00 -100.00
 124    19.601 55879.11032171 42.47  54.361377  65.533101 32.343  257.45  256.54  257.36
 124    19.461 55879.11032230 44.84  54.367551  65.532514   -100  257.45  256.54  257.36
 124    19.414 55879.11032289 46.79  54.373724  65.531927   -100  257.45  256.54  257.36
 124    19.299 55879.11032348 46.44  54.379897  65.531339   -100  257.45  256.54  257.36
 125    19.557 55889.02596645 28.31  54.361958  65.533495 16.964  253.00  250.26  243.20
 125    19.468 55889.02596704 28.29  54.368131  65.532908 18.383  253.00  250.26  243.20
 125    19.387 55889.02596763 29.94  54.374304  65.532321 23.870  253.00  250.26  243.20
 125    19.546 55889.02596822 28.57  54.380477  65.531733 17.828  253.00  250.26  243.20
 126    19.565 55898.94160551 19.89  54.363491  65.532751  7.959  254.93  251.43  245.91
 126    19.659 55898.94160610 21.58  54.369664  65.532164 10.013  254.93  251.43  245.91
 126    19.878 55898.94160669 22.22  54.375837  65.531577 10.937  254.93  251.43  245.91
 126    20.328 55898.94160728 21.83  54.382010  65.530989  9.926  254.93  251.43  245.91
 127    19.150 55908.85723912 18.29  54.359760  65.532674  9.764  250.57  246.09  239.10
 127    19.357 55908.85723971 18.51  54.365933  65.532087  9.318  250.57  246.09  239.10
 127    19.427 55908.85724030 18.65  54.372106  65.531500  8.968  250.57  246.09  239.10
 127    19.470 55908.85724089 19.77  54.378279  65.530913 10.207  250.57  246.09  239.10
 128    19.498 55918.77288903 18.90  54.362363  65.532267  8.847 -100.00 -100.00 -100.00
 128    19.406 55918.77288962 19.26  54.368536  65.531680  8.998 -100.00 -100.00 -100.00
 128    19.524 55918.77289021 19.95  54.374709  65.531092 10.554 -100.00 -100.00 -100.00
 128    19.619 55918.77289080 21.13  54.380881  65.530505 11.120 -100.00 -100.00 -100.00
 129    35.457 55928.68854197 14.17  54.363086  65.532123 11.621 -100.00 -100.00 -100.00
 129    20.228 55928.68854256 18.28  54.369259  65.531536 14.573 -100.00 -100.00 -100.00
 129    20.398 55928.68854315 18.69  54.375432  65.530949 12.277 -100.00 -100.00 -100.00
 129    19.676 55928.68854374 21.33  54.381604  65.530361 17.736 -100.00 -100.00 -100.00
 130    19.057 55938.60419098 20.17  54.359784  65.531808 12.673  248.08  243.82  235.49
 130    18.896 55938.60419157 21.39  54.365958  65.531221 14.519  248.08  243.82  235.49
 130    19.024 55938.60419216 21.73  54.372131  65.530633 14.485  248.08  243.82  235.49
 130    19.199 55938.60419275 21.99  54.378303  65.530046 14.076  248.08  243.82  235.49
 131    18.920 55948.51983588 18.03  54.364090  65.529793 10.060 -100.00 -100.00 -100.00
 131    19.453 55948.51983647 18.59  54.370263  65.529206 10.675 -100.00 -100.00 -100.00
 131    19.569 55948.51983706 18.62  54.376435  65.528619  9.821 -100.00 -100.00 -100.00
 132    66.924 55958.43547581  6.72  54.363213  65.528492  4.977  245.53  238.41  224.61
 132    55.886 55958.43547640  7.00  54.369385  65.527905  5.565  245.53  238.41  224.61
 132    65.257 55958.43547699  7.31  54.375557  65.527317  6.258  245.53  238.41  224.61
 133    70.194 55968.35111316  5.87  54.361097  65.528413  6.138 -100.00 -100.00 -100.00
 133    69.758 55968.35111375  5.97  54.367270  65.527826  6.204 -100.00 -100.00 -100.00
 133    68.598 55968.35111434  5.32  54.373442  65.527239  5.531 -100.00 -100.00 -100.00
 134    57.840 55978.26674983  7.08  54.361332  65.529387  3.929  251.76  245.39  228.72
 134    41.679 55978.26675042  7.61  54.367504  65.528799  4.461  251.76  245.39  228.72
 134    36.043 55978.26675101 10.50  54.373677  65.528212  9.069  251.76  245.39  228.72
 135    56.369 55988.18238601  8.11  54.363211  65.530410  5.600 -100.00 -100.00 -100.00
 135    56.691 55988.18238661  7.68  54.369384  65.529823  5.319 -100.00 -100.00 -100.00
 135    53.539 55988.18238720  8.40  54.375556  65.529236  6.464 -100.00 -100.00 -100.00
 136    18.776 55998.09802614 18.69  54.360282  65.531124  8.754  252.23  243.76  223.74
 136    18.609 55998.09802673 19.37  54.366455  65.530537 10.213  252.23  243.76  223.74
 136    20.326 55998.09802732 19.60  54.372627  65.529950 10.458  252.23  243.76  223.74
 136    20.261 55998.09802791 19.45  54.378799  65.529363  8.624  252.23  243.76  223.74
 137    68.891 56008.01367777  8.80  54.364082  65.529967  5.988 -100.00 -100.00 -100.00
 137    55.756 56008.01367836  9.10  54.370254  65.529380  7.092 -100.00 -100.00 -100.00
 137    54.521 56008.01367895  9.53  54.376425  65.528792  7.401 -100.00 -100.00 -100.00
 138    19.011 56017.92932478 18.67  54.363553  65.528979  9.437  249.73  238.03  211.48
 138    18.379 56017.92932538 19.50  54.369725  65.528392 10.447  249.73  238.03  211.48
 138    18.410 56017.92932597 19.67  54.375896  65.527804  9.286  249.73  238.03  211.48
 139    56.611 56027.84496901  9.30  54.365015  65.528669  5.753 -100.00 -100.00 -100.00
 139    56.537 56027.84496960  9.05  54.371186  65.528082  5.639 -100.00 -100.00 -100.00
 139    55.203 56027.84497019  9.11  54.377357  65.527495  5.446 -100.00 -100.00 -100.00
 140    17.884 56037.76061111 26.38  54.362645  65.529821 17.037 -100.00 -100.00 -100.00
 140    18.056 56037.76061170 26.56  54.368817  65.529233 17.173 -100.00 -100.00 -100.00
 140    17.993 56037.76061229 26.83  54.374989  65.528646 17.511 -100.00 -100.00 -100.00
 141    34.360 56047.67625153 32.46  54.363412  65.531311 24.710 -100.00 -100.00 -100.00
 141    33.748 56047.67625212 32.32  54.369584  65.530724 24.741 -100.00 -100.00 -100.00
 141    19.733 56047.67625271 35.70  54.375756  65.530136   -100 -100.00 -100.00 -100.00
 142    68.893 56057.59188897 22.79  54.361953  65.532811  8.132 -100.00 -100.00 -100.00
 142    69.111 56057.59188956 22.14  54.368126  65.532224  8.749 -100.00 -100.00 -100.00
 142    68.744 56057.59189015 21.50  54.374299  65.531637  6.136 -100.00 -100.00 -100.00
 142    68.253 56057.59189074 21.55  54.380471  65.531050  8.547 -100.00 -100.00 -100.00
 143    35.015 56067.50752215 27.73  54.361055  65.533529 13.813 -100.00 -100.00 -100.00
 143    25.353 56067.50752274 30.91  54.367229  65.532942 21.324 -100.00 -100.00 -100.00
 143    33.657 56067.50752333 28.17  54.373402  65.532355 10.930 -100.00 -100.00 -100.00
 143    24.856 56067.50752392 31.55  54.379574  65.531767 21.762 -100.00 -100.00 -100.00
 144    34.653 56077.42317176 27.63  54.361243  65.533005 13.689 -100.00 -100.00 -100.00
 144    24.574 56077.42317235 27.32  54.367417  65.532418 12.087 -100.00 -100.00 -100.00
 144    24.366 56077.42317294 26.73  54.373590  65.531830  9.683 -100.00 -100.00 -100.00
 144    24.203 56077.42317353 29.60  54.379762  65.531243 14.549 -100.00 -100.00 -100.00
 145    34.635 56087.33882080 24.37  54.363356  65.532372 16.414 -100.00 -100.00 -100.00
 145    33.876 56087.33882139 24.27  54.369529  65.531784 18.227 -100.00 -100.00 -100.00
 145    33.317 56087.33882198 22.65  54.375702  65.531197 13.274 -100.00 -100.00 -100.00
 145    24.274 56087.33882257 23.24  54.381874  65.530609 13.909 -100.00 -100.00 -100.00
 146    21.668 56097.25446713 37.00  54.362865  65.532284 20.251  277.73  278.52  277.23
 146    21.503 56097.25446772 40.90  54.369038  65.531697 31.596  277.73  278.52  277.23
 146    21.447 56097.25446831 45.64  54.375211  65.531110   -100  277.73  278.52  277.23
 146    21.324 56097.25446890 46.62  54.381383  65.530522   -100  277.73  278.52  277.23
 147    34.419 56107.17011119 23.42  54.361242  65.532006 16.626 -100.00 -100.00 -100.00
 147    22.865 56107.17011178 22.80  54.367414  65.531419 15.961 -100.00 -100.00 -100.00
 147    23.695 56107.17011238 22.57  54.373587  65.530832 13.050 -100.00 -100.00 -100.00
 147    23.894 56107.17011297 25.12  54.379759  65.530244 17.688 -100.00 -100.00 -100.00
 148    18.959 56117.08574089 37.85  54.359488  65.531104 28.829 -100.00 -100.00 -100.00
 148    19.819 56117.08574148 41.78  54.365660  65.530517 20.424 -100.00 -100.00 -100.00
 148    19.063 56117.08574207 54.00  54.371832  65.529930   -100 -100.00 -100.00 -100.00
 148    19.005 56117.08574266 52.70  54.378004  65.529343   -100 -100.00 -100.00 -100.00
 149    33.789 56127.00137918 21.70  54.365306  65.529472 10.550  273.26  275.00  272.69
 149    32.826 56127.00137977 23.70  54.371478  65.528885 13.358  273.26  275.00  272.69
 149    31.971 56127.00138036 25.54  54.377649  65.528297 16.802  273.26  275.00  272.69
 150    33.447 56136.91701309 24.03  54.365491  65.528802 21.638 -100.00 -100.00 -100.00
 150    32.715 56136.91701368 24.13  54.371662  65.528215 15.657 -100.00 -100.00 -100.00
 150    31.950 56136.91701427 23.49  54.377833  65.527628  9.659 -100.00 -100.00 -100.00
 151    19.109 56146.83265718 30.79  54.360486  65.529478 23.307 -100.00 -100.00 -100.00
 151    18.704 56146.83265777 31.96  54.366658  65.528891 26.747 -100.00 -100.00 -100.00
 151    18.909 56146.83265836 28.51  54.372829  65.528304 20.904 -100.00 -100.00 -100.00
 152    19.845 56156.74830689 41.69  54.364691  65.529789 16.185  267.85  267.49  266.97
 152    19.118 56156.74830748 47.04  54.370862  65.529202   -100  267.85  267.49  266.97
 152    19.197 56156.74830807 51.71  54.377034  65.528614   -100  267.85  267.49  266.97
 153    18.623 56166.66395527 22.96  54.364652  65.530347 13.568 -100.00 -100.00 -100.00
 153    32.812 56166.66395586 21.81  54.370824  65.529759 10.204 -100.00 -100.00 -100.00
 153    23.702 56166.66395645 23.94  54.376996  65.529172 12.668 -100.00 -100.00 -100.00
 154    18.277 56176.57960105 40.01  54.362310  65.530260 28.612 -100.00 -100.00 -100.00
 154    18.461 56176.57960165 41.86  54.368483  65.529673   -100 -100.00 -100.00 -100.00
 154    18.332 56176.57960224 41.50  54.374655  65.529086   -100 -100.00 -100.00 -100.00
 155    33.711 56186.49524238 19.43  54.364199  65.529427  7.910 -100.00 -100.00 -100.00
 155    33.183 56186.49524297 19.82  54.370372  65.528839  8.689 -100.00 -100.00 -100.00
 155    23.568 56186.49524356 24.61  54.376544  65.528252 20.428 -100.00 -100.00 -100.00
 156    69.937 56196.41087993 16.66  54.365642  65.528839  8.450 -100.00 -100.00 -100.00
 156    70.365 56196.41088052 14.96  54.371815  65.528252  7.577 -100.00 -100.00 -100.00
 156    69.639 56196.41088111 13.81  54.377987  65.527664  7.389 -100.00 -100.00 -100.00
 157    33.672 56206.32651387 26.37  54.360956  65.530081 14.371  260.52  260.24  260.63
 157    33.275 56206.32651446 25.74  54.367129  65.529494 10.393  260.52  260.24  260.63
 157    23.262 56206.32651505 27.89  54.373302  65.528907 14.932  260.52  260.24  260.63
 157    23.898 56206.32651564 29.47  54.379474  65.528319 16.966  260.52  260.24  260.63
 158    34.841 56216.24214670 23.40  54.360469  65.531908  6.119 -100.00 -100.00 -100.00
 158    34.061 56216.24214729 23.56  54.366643  65.531321  6.745 -100.00 -100.00 -100.00
 158    33.516 56216.24214788 23.20  54.372816  65.530734  6.192 -100.00 -100.00 -100.00
 158    23.881 56216.24214847 24.76  54.378989  65.530146  8.916 -100.00 -100.00 -100.00
 159    35.632 56226.15778702 20.54  54.359504  65.533574  9.280  259.06  257.73  258.91
 159    35.001 56226.15778761 21.70  54.365677  65.532987 12.376  259.06  257.73  258.91
 159    34.327 56226.15778820 21.43  54.371851  65.532400 11.879  259.06  257.73  258.91
 159    33.446 56226.15778879 21.89  54.378024  65.531813 12.100  259.06  257.73  258.91
 160    18.514 56236.07344231 35.70  54.360638  65.533498   -100 -100.00 -100.00 -100.00
 160    18.827 56236.07344290 37.35  54.366811  65.532911   -100 -100.00 -100.00 -100.00
 160    18.941 56236.07344349 39.01  54.372985  65.532324 30.361 -100.00 -100.00 -100.00
 160    19.034 56236.07344408 40.99  54.379158  65.531736 32.252 -100.00 -100.00 -100.00
 161    18.226 56245.98909366 34.75  54.360762  65.532776   -100 -100.00 -100.00 -100.00
 161    18.459 56245.98909425 35.92  54.366936  65.532189   -100 -100.00 -100.00 -100.00
 161    18.505 56245.98909484 37.93  54.373108  65.531601   -100 -100.00 -100.00 -100.00
 161    18.432 56245.98909543 39.88  54.379281  65.531014   -100 -100.00 -100.00 -100.00
 162    18.890 56255.90473962 26.02  54.358103  65.532485 14.731 -100.00 -100.00 -100.00
 162    18.963 56255.90474021 28.52  54.364276  65.531898 20.147 -100.00 -100.00 -100.00
 162    19.287 56255.90474080 26.92  54.370449  65.531311 15.064 -100.00 -100.00 -100.00
 162    19.149 56255.90474139 28.93  54.376621  65.530723 20.415 -100.00 -100.00 -100.00
 163    19.015 56265.82038196 23.08  54.358291  65.532819 10.421 -100.00 -100.00 -100.00
 163    18.806 56265.82038255 25.29  54.364464  65.532232 16.241 -100.00 -100.00 -100.00
 163    19.011 56265.82038314 26.56  54.370637  65.531645 16.712 -100.00 -100.00 -100.00
 163    19.246 56265.82038373 25.95  54.376809  65.531057 14.658 -100.00 -100.00 -100.00
 164    18.434 56275.73602271 21.79  54.359722  65.533154  9.145 -100.00 -100.00 -100.00
 164    18.668 56275.73602330 23.86  54.365896  65.532567 10.296 -100.00 -100.00 -100.00
 164    18.690 56275.73602389 22.93  54.372068  65.531980  9.504 -100.00 -100.00 -100.00
 164    18.920 56275.73602448 22.71  54.378241  65.531392  8.640 -100.00 -100.00 -100.00
 165    18.440 56285.65166883 21.03  54.360056  65.532517  8.596 -100.00 -100.00 -100.00
 165    18.666 56285.65166942 20.85  54.366229  65.531930  7.941 -100.00 -100.00 -100.00
 165    18.739 56285.65167001 20.91  54.372402  65.531343  8.978 -100.00 -100.00 -100.00
 165    19.125 56285.65167060 22.15  54.378574  65.530755 11.077 -100.00 -100.00 -100.00
 166    18.135 56295.56731926 19.02  54.360227  65.530552  5.597 -100.00 -100.00 -100.00
 166    18.328 56295.56731985 19.43  54.366399  65.529965  5.949 -100.00 -100.00 -100.00
 166    19.081 56295.56732044 19.68  54.372572  65.529378  5.621 -100.00 -100.00 -100.00
 166    22.836 56295.56732104 20.77  54.378745  65.528790  7.532 -100.00 -100.00 -100.00
 167    18.180 56305.48296570 18.52  54.361595  65.528309  5.479 -100.00 -100.00 -100.00
 167    18.568 56305.48296629 19.38  54.367767  65.527722  6.785 -100.00 -100.00 -100.00
 167    20.058 56305.48296688 18.90  54.373939  65.527134  5.577 -100.00 -100.00 -100.00
 168    21.971 56315.39860850 16.61  54.361631  65.527779 16.991  245.72  238.02  219.14
 168    21.936 56315.39860909 17.61  54.367804  65.527191 10.088  245.72  238.02  219.14
 168    18.803 56315.39860968 20.09  54.373976  65.526604 10.052  245.72  238.02  219.14
 169    18.182 56325.31424968 19.64  54.365038  65.528859  7.590 -100.00 -100.00 -100.00
 169    18.300 56325.31425027 19.66  54.371210  65.528271  7.553 -100.00 -100.00 -100.00
 169    19.767 56325.31425086 19.56  54.377382  65.527684  6.874 -100.00 -100.00 -100.00
 170    17.650 56335.22988913 21.51  54.359086  65.531227 10.531 -100.00 -100.00 -100.00
 170    17.914 56335.22988972 22.47  54.365259  65.530640 12.073 -100.00 -100.00 -100.00
 170    18.220 56335.22989031 22.87  54.371432  65.530052 11.242 -100.00 -100.00 -100.00
 170    17.933 56335.22989090 24.90  54.377604  65.529464 14.937 -100.00 -100.00 -100.00
 171    66.830 56345.14552820  9.81  54.359151  65.531708  5.077 -100.00 -100.00 -100.00
 171    56.659 56345.14552879  9.08  54.365324  65.531121  4.379 -100.00 -100.00 -100.00
 171    37.874 56345.14552938 12.37  54.371497  65.530533  7.360 -100.00 -100.00 -100.00
 171    36.568 56345.14552997 12.98  54.377669  65.529946  8.049 -100.00 -100.00 -100.00
 172    21.392 56355.06116498 18.20  54.359090  65.530834  8.207  242.52  230.58  206.25
 172    19.137 56355.06116557 19.00  54.365262  65.530247  8.144  242.52  230.58  206.25
 172    19.180 56355.06116616 19.13  54.371435  65.529660  8.225  242.52  230.58  206.25
 172    20.648 56355.06116675 18.42  54.377607  65.529073  6.118  242.52  230.58  206.25
 173    22.059 56364.97681102 17.05  54.365033  65.528847  5.823 -100.00 -100.00 -100.00
 173    21.488 56364.97681161 17.49  54.371205  65.528260  6.293 -100.00 -100.00 -100.00
 173    20.666 56364.97681221 17.66  54.377376  65.527672  5.213 -100.00 -100.00 -100.00
 174    42.651 56374.89245964 10.53  54.362280  65.528852  5.364 -100.00 -100.00 -100.00
 174    43.138 56374.89246023 11.41  54.368451  65.528265  5.702 -100.00 -100.00 -100.00
 174    32.358 56374.89246082 16.56  54.374622  65.527677 11.106 -100.00 -100.00 -100.00
 176    47.043 56394.72374878  9.55  54.358218  65.532606  5.350 -100.00 -100.00 -100.00
 176    47.354 56394.72374937  9.59  54.364390  65.532019  5.472 -100.00 -100.00 -100.00
 176    42.237 56394.72374996  9.36  54.370563  65.531431  4.807 -100.00 -100.00 -100.00
 176    41.695 56394.72375055  9.08  54.376735  65.530844  4.179 -100.00 -100.00 -100.00
 177    17.647 56404.63939062 31.89  54.358707  65.533582   -100 -100.00 -100.00 -100.00
 177    17.509 56404.63939121 28.73  54.364880  65.532995 22.164 -100.00 -100.00 -100.00
 177    17.498 56404.63939180 28.98  54.371053  65.532408 22.517 -100.00 -100.00 -100.00
 177    17.553 56404.63939239 31.12  54.377225  65.531820 27.864 -100.00 -100.00 -100.00
 177    32.754 56404.63939298 24.54  54.383397  65.531232  8.791 -100.00 -100.00 -100.00
 178    35.420 56414.55502978 29.23  54.362895  65.533193 19.179 -100.00 -100.00 -100.00
 178    34.862 56414.55503037 27.67  54.369069  65.532606 17.282 -100.00 -100.00 -100.00
 178    34.456 56414.55503096 27.53  54.375241  65.532019 17.865 -100.00 -100.00 -100.00
 178    34.337 56414.55503155 26.27  54.381414  65.531431 16.114 -100.00 -100.00 -100.00
 179    68.373 56424.47066336 22.89  54.359212  65.532831 19.347 -100.00 -100.00 -100.00
 179    77.065 56424.47066395 16.28  54.365385  65.532244  8.162 -100.00 -100.00 -100.00
 179    77.198 56424.47066454 27.63  54.371558  65.531657 31.360 -100.00 -100.00 -100.00
 179    75.603 56424.47066513 25.89  54.377731  65.531069 18.881 -100.00 -100.00 -100.00
 180    73.890 56434.38630953 25.31  54.358453  65.532370 32.276 -100.00 -100.00 -100.00
 180    74.793 56434.38631012 26.88  54.364626  65.531783 15.657 -100.00 -100.00 -100.00
 180    72.785 56434.38631071 26.86  54.370799  65.531196 12.903 -100.00 -100.00 -100.00
 180    68.881 56434.38631130 21.18  54.376972  65.530608   -100 -100.00 -100.00 -100.00
 181    24.160 56444.30196178 36.25  54.359608  65.532215 24.290 -100.00 -100.00 -100.00
 181    23.821 56444.30196237 38.96  54.365781  65.531628 26.600 -100.00 -100.00 -100.00
 181    24.059 56444.30196296 51.45  54.371954  65.531040   -100 -100.00 -100.00 -100.00
 181    23.885 56444.30196355 55.53  54.378127  65.530453 13.289 -100.00 -100.00 -100.00
 182    22.275 56454.21761130 24.05  54.358533  65.532947 15.088 -100.00 -100.00 -100.00
 182    22.351 56454.21761189 22.95  54.364706  65.532360 14.044 -100.00 -100.00 -100.00
 182    23.178 56454.21761248 21.35  54.370878  65.531773  9.584 -100.00 -100.00 -100.00
 182    23.650 56454.21761307 22.60  54.377051  65.531185 12.311 -100.00 -100.00 -100.00
 183    22.083 56464.13325848 30.95  54.361894  65.532105 24.155 -100.00 -100.00 -100.00
 183    22.310 56464.13325907 33.56  54.368066  65.531518 30.404 -100.00 -100.00 -100.00
 183    22.387 56464.13325966 36.37  54.374239  65.530930   -100 -100.00 -100.00 -100.00
 183    23.270 56464.13326025 37.16  54.380411  65.530343 21.368 -100.00 -100.00 -100.00
 184    20.132 56474.04890172 33.21  54.359804  65.530523 24.294 -100.00 -100.00 -100.00
 184    19.890 56474.04890231 37.31  54.365976  65.529936 30.008 -100.00 -100.00 -100.00
 184    20.358 56474.04890290 49.32  54.372148  65.529349   -100 -100.00 -100.00 -100.00
 184    20.357 56474.04890349 54.43  54.378320  65.528761   -100 -100.00 -100.00 -100.00
 185    18.536 56483.96454238 21.21  54.366293  65.527838 12.250  266.42  266.27  265.19
 185    18.689 56483.96454297 22.09  54.372464  65.527251 13.290  266.42  266.27  265.19
 186    18.901 56493.88017858 37.37  54.361317  65.527881 21.356  271.05  271.64  269.34
 186    18.329 56493.88017917 38.96  54.367489  65.527294 30.581  271.05  271.64  269.34
 186    17.949 56493.88017977 40.88  54.373660  65.526707   -100  271.05  271.64  269.34
 187    18.124 56503.79581306 38.89  54.362587  65.529482 25.304  270.22  270.41  268.97
 187    17.445 56503.79581365 40.40  54.368759  65.528895   -100  270.22  270.41  268.97
 187    17.619 56503.79581424 40.33  54.374930  65.528307  0.891  270.22  270.41  268.97
 188    18.035 56513.71144571 40.99  54.362034  65.532069 24.279  278.60  278.21  277.36
 188    18.173 56513.71144630 42.97  54.368207  65.531482 22.663  278.60  278.21  277.36
 188    17.496 56513.71144689 46.36  54.374380  65.530895   -100  278.60  278.21  277.36
 188    17.722 56513.71144748 47.36  54.380552  65.530308   -100  278.60  278.21  277.36
 189    18.123 56523.62709550 39.09  54.358330  65.532955 21.072  273.54  273.16  272.25
 189    17.506 56523.62709609 41.15  54.364503  65.532368 25.377  273.54  273.16  272.25
 189    17.386 56523.62709668 47.97  54.370676  65.531781   -100  273.54  273.16  272.25
 189    17.406 56523.62709727 45.35  54.376849  65.531194   -100  273.54  273.16  272.25
 190    17.852 56533.54274754 35.45  54.360743  65.531233 30.894  276.17  275.77  274.89
 190    17.908 56533.54274813 37.50  54.366916  65.530646 32.206  276.17  275.77  274.89
 190    17.794 56533.54274873 40.21  54.373088  65.530059   -100  276.17  275.77  274.89
 190    17.498 56533.54274932 38.46  54.379261  65.529472   -100  276.17  275.77  274.89
 192    18.077 56553.37404088 35.65  54.366210  65.528408   -100  271.30  270.16  270.39
 192    18.296 56553.37404147 39.10  54.372382  65.527821   -100  271.30  270.16  270.39
 193    18.273 56563.28968328 27.67  54.363523  65.530530 28.401 -100.00 -100.00 -100.00
 193    17.957 56563.28968387 29.03  54.369696  65.529943   -100 -100.00 -100.00 -100.00
 193    23.083 56563.28968446 21.13  54.375868  65.529355 10.129 -100.00 -100.00 -100.00
 194    17.728 56573.20532446 25.88  54.361399  65.533280 23.603 -100.00 -100.00 -100.00
 194    18.012 56573.20532505 24.35  54.367572  65.532693 15.412 -100.00 -100.00 -100.00
 194    18.120 56573.20532564 25.67  54.373746  65.532105 20.588 -100.00 -100.00 -100.00
 194    23.120 56573.20532623 25.15  54.379919  65.531518 19.293 -100.00 -100.00 -100.00
 195    19.120 56583.12096324 36.33  54.357010  65.535143 24.375 -100.00 -100.00 -100.00
 195    18.555 56583.12096383 39.06  54.363184  65.534556 30.177 -100.00 -100.00 -100.00
 195    19.395 56583.12096442 42.85  54.369358  65.533969 28.556 -100.00 -100.00 -100.00
 195    18.564 56583.12096501 49.39  54.375531  65.533382 21.153 -100.00 -100.00 -100.00
 195    19.027 56583.12096560 43.64  54.381704  65.532794   -100 -100.00 -100.00 -100.00
 196    17.754 56593.03659819 34.21  54.358795  65.534514 31.440 -100.00 -100.00 -100.00
 196    18.068 56593.03659878 34.72  54.364969  65.533928 30.887 -100.00 -100.00 -100.00
 196    18.191 56593.03659937 36.59  54.371143  65.533341   -100 -100.00 -100.00 -100.00
 196    18.320 56593.03659996 39.01  54.377316  65.532753   -100 -100.00 -100.00 -100.00
 196    19.076 56593.03660055 40.06  54.383489  65.532166 25.670 -100.00 -100.00 -100.00
 197    19.351 56602.95225050 32.39  54.362458  65.532251 26.007 -100.00 -100.00 -100.00
 197    19.259 56602.95225109 34.66  54.368631  65.531664   -100 -100.00 -100.00 -100.00
 197    19.289 56602.95225169 34.67  54.374803  65.531076   -100 -100.00 -100.00 -100.00
 197    19.094 56602.95225228 34.86  54.380976  65.530489   -100 -100.00 -100.00 -100.00
 198    21.852 56612.86789948 35.96  54.360596  65.531269 24.969  253.69  250.94  248.97
 198    22.046 56612.86790007 38.66  54.366769  65.530682 32.733  253.69  250.94  248.97
 198    21.915 56612.86790066 40.02  54.372941  65.530095   -100  253.69  250.94  248.97
 198    21.891 56612.86790125 42.30  54.379113  65.529507   -100  253.69  250.94  248.97
 199    20.105 56622.78354417 36.28  54.359401  65.531989 28.587 -100.00 -100.00 -100.00
 199    20.873 56622.78354476 39.09  54.365574  65.531402 20.138 -100.00 -100.00 -100.00
 199    20.499 56622.78354535 41.16  54.371747  65.530815 23.032 -100.00 -100.00 -100.00
 199    20.265 56622.78354594 46.93  54.377919  65.530227   -100 -100.00 -100.00 -100.00
 200    19.699 56632.69918598 24.80  54.358554  65.532951 14.135  243.91  238.74  232.26
 200    20.120 56632.69918657 25.63  54.364728  65.532364 16.429  243.91  238.74  232.26
 200    20.094 56632.69918716 28.89  54.370901  65.531777 24.075  243.91  238.74  232.26
 200    20.468 56632.69918775 28.48  54.377073  65.531189 16.937  243.91  238.74  232.26
 201    19.912 56642.61482337 19.36  54.358018  65.533099  6.109  243.79  239.09  231.71
 201    20.034 56642.61482396 19.61  54.364192  65.532512  7.074  243.79  239.09  231.71
 201    20.104 56642.61482456 21.47  54.370365  65.531925 10.185  243.79  239.09  231.71
 201    20.361 56642.61482515 21.05  54.376538  65.531338  9.270  243.79  239.09  231.71
 201    20.621 56642.61482574 22.38  54.382711  65.530750 10.473  243.79  239.09  231.71
 202    20.263 56652.53047400 18.90  54.362698  65.530616 12.516 -100.00 -100.00 -100.00
 202    20.275 56652.53047459 20.34  54.368871  65.530029 10.767 -100.00 -100.00 -100.00
 202    20.176 56652.53047518 21.74  54.375044  65.529441 12.098 -100.00 -100.00 -100.00
 203    68.827 56662.44612382  3.89  54.364902  65.528105  7.512 -100.00 -100.00 -100.00
 203    70.268 56662.44612441  1.03  54.371074  65.527517  4.647 -100.00 -100.00 -100.00
 203    70.001 56662.44612500  0.34  54.377246  65.526930  3.408 -100.00 -100.00 -100.00
 204    71.810 56672.36177026  1.18  54.362278  65.527520  3.461 -100.00 -100.00 -100.00
 204    71.332 56672.36177086  0.47  54.368450  65.526932  2.563 -100.00 -100.00 -100.00
 205    70.619 56682.27741507  4.26  54.360258  65.529385  5.766 -100.00 -100.00 -100.00
 205    69.907 56682.27741566  4.24  54.366431  65.528797  6.472 -100.00 -100.00 -100.00
 205    69.840 56682.27741625  2.22  54.372603  65.528210  4.524 -100.00 -100.00 -100.00
 205    70.052 56682.27741684  1.42  54.378775  65.527622  3.584 -100.00 -100.00 -100.00
 206    19.080 56692.19305818 14.09  54.361979  65.531293  5.593 -100.00 -100.00 -100.00
 206    19.319 56692.19305877 15.15  54.368152  65.530706  6.786 -100.00 -100.00 -100.00
 206    19.538 56692.19305936 15.67  54.374325  65.530118  7.654 -100.00 -100.00 -100.00
 206    19.744 56692.19305995 16.52  54.380497  65.529531  7.901 -100.00 -100.00 -100.00
 207    68.642 56702.10869688  5.20  54.358769  65.532692  5.301  246.50  238.74  220.66
 207    55.967 56702.10869747  6.10  54.364943  65.532105  6.639  246.50  238.74  220.66
 207    67.331 56702.10869806  5.81  54.371116  65.531518  5.432  246.50  238.74  220.66
 207    54.462 56702.10869865  5.51  54.377288  65.530930  5.599  246.50  238.74  220.66
 208    68.658 56712.02433108  7.02  54.359749  65.531649  4.905  248.52  241.42  225.86
 208    49.843 56712.02433167  7.01  54.365922  65.531062  5.258  248.52  241.42  225.86
 208    38.206 56712.02433226  7.59  54.372094  65.530475  5.620  248.52  241.42  225.86
 208    44.777 56712.02433285  7.73  54.378266  65.529888  5.965  248.52  241.42  225.86
 210    18.712 56731.85562879 13.24  54.363623  65.529062  8.318 -100.00 -100.00 -100.00
 210    18.767 56731.85562938 13.92  54.369795  65.528475  9.299 -100.00 -100.00 -100.00
 210    18.791 56731.85562997 14.10  54.375966  65.527887  9.141 -100.00 -100.00 -100.00
 211    70.288 56741.77127641  3.13  54.363106  65.530878  4.500  261.58  260.89  260.64
 211    70.239 56741.77127700  3.15  54.369278  65.530291  4.523  261.58  260.89  260.64
 211    69.981 56741.77127759  2.74  54.375450  65.529703  4.369  261.58  260.89  260.64
 212    40.826 56751.68691921 10.07  54.357948  65.533789  8.533 -100.00 -100.00 -100.00
 212    48.583 56751.68691980  8.53  54.364121  65.533202  6.401 -100.00 -100.00 -100.00
 212    47.706 56751.68692039  8.47  54.370294  65.532615  5.932 -100.00 -100.00 -100.00
 212    39.853 56751.68692098  8.44  54.376466  65.532027  5.679 -100.00 -100.00 -100.00
 212    41.826 56751.68692157  7.84  54.382639  65.531439  5.050 -100.00 -100.00 -100.00
 213    72.214 56761.60255783 10.49  54.362236  65.534734 15.078 -100.00 -100.00 -100.00
 213    72.872 56761.60255842 13.30  54.368410  65.534147 16.337 -100.00 -100.00 -100.00
 213    69.641 56761.60255901 14.07  54.374583  65.533559 18.032 -100.00 -100.00 -100.00
 213    68.808 56761.60255960  2.02  54.380756  65.532972  5.229 -100.00 -100.00 -100.00
 214    18.595 56771.51818937 26.90  54.362212  65.534305 23.250 -100.00 -100.00 -100.00
 214    18.656 56771.51818996 24.89  54.368386  65.533718 16.609 -100.00 -100.00 -100.00
 214    18.666 56771.51819055 24.76  54.374559  65.533130 14.935 -100.00 -100.00 -100.00
 214    18.996 56771.51819114 22.70  54.380732  65.532543  9.698 -100.00 -100.00 -100.00
 215    20.011 56781.43384459 22.05  54.357935  65.532570 12.632 -100.00 -100.00 -100.00
 215    20.190 56781.43384518 20.35  54.364108  65.531983  7.721 -100.00 -100.00 -100.00
 215    20.012 56781.43384577 22.46  54.370281  65.531395 12.648 -100.00 -100.00 -100.00
 215    19.856 56781.43384636 22.58  54.376454  65.530808 12.640 -100.00 -100.00 -100.00
 216    69.597 56791.34949939 26.56  54.358807  65.531014 11.628  254.69  258.00  255.47
 216    69.438 56791.34949998 25.66  54.364980  65.530427 11.158  254.69  258.00  255.47
 216    69.105 56791.34950057 25.85  54.371153  65.529840 14.748  254.69  258.00  255.47
 216    68.536 56791.34950116 24.68  54.377325  65.529252 12.690  254.69  258.00  255.47
 217    70.869 56801.26515112 16.49  54.359489  65.530880  6.007 -100.00 -100.00 -100.00
 217    70.121 56801.26515171 16.23  54.365661  65.530293  7.605 -100.00 -100.00 -100.00
 217    69.709 56801.26515230 16.18  54.371833  65.529705  7.951 -100.00 -100.00 -100.00
 217    69.507 56801.26515289 16.16  54.378005  65.529117  8.158 -100.00 -100.00 -100.00
 218    24.439 56811.18079564 30.48  54.359701  65.531748 17.289 -100.00 -100.00 -100.00
 218    24.642 56811.18079623 29.83  54.365874  65.531160 13.709 -100.00 -100.00 -100.00
 218    24.884 56811.18079682 30.26  54.372046  65.530573 15.757 -100.00 -100.00 -100.00
 218    25.506 56811.18079741 30.81  54.378218  65.529985 16.345 -100.00 -100.00 -100.00
 219    23.898 56821.09643575 35.50  54.360425  65.531882 22.118 -100.00 -100.00 -100.00
 219    23.996 56821.09643634 40.25  54.366597  65.531295 22.425 -100.00 -100.00 -100.00
 219    23.740 56821.09643693 51.66  54.372769  65.530707   -100 -100.00 -100.00 -100.00
 219    23.758 56821.09643752 56.25  54.378941  65.530119 11.535 -100.00 -100.00 -100.00
 220    68.069 56831.01207212 19.80  54.364300  65.530378 12.215  260.38  261.94  259.78
 220    67.946 56831.01207271 26.12  54.370471  65.529790 18.108  260.38  261.94  259.78
 220    67.341 56831.01207330 29.74  54.376643  65.529203   -100  260.38  261.94  259.78
 221    24.011 56840.92770463 35.24  54.362340  65.529033 15.177 -100.00 -100.00 -100.00
 221    23.634 56840.92770522 39.97  54.368511  65.528446 20.348 -100.00 -100.00 -100.00
 221    23.975 56840.92770581 51.50  54.374683  65.527859   -100 -100.00 -100.00 -100.00
 222    32.881 56850.84334123 19.66  54.365957  65.528299  5.544 -100.00 -100.00 -100.00
 222    31.901 56850.84334182 20.47  54.372128  65.527712  6.069 -100.00 -100.00 -100.00
 223    19.407 56860.75899539 41.28  54.363968  65.529395 27.894 -100.00 -100.00 -100.00
 223    19.051 56860.75899598 42.64  54.370140  65.528807   -100 -100.00 -100.00 -100.00
 223    19.330 56860.75899657 48.03  54.376311  65.528220   -100 -100.00 -100.00 -100.00
 224    18.761 56870.67464887 22.52  54.362934  65.531208 13.038  274.46  274.23  272.87
 224    23.906 56870.67464946 22.62  54.369107  65.530620 13.633  274.46  274.23  272.87
 224    24.098 56870.67465005 20.97  54.375279  65.530033  9.323  274.46  274.23  272.87
 225    18.907 56880.59029946 40.11  54.360104  65.532155 26.658 -100.00 -100.00 -100.00
 225    18.616 56880.59030005 40.82  54.366277  65.531568   -100 -100.00 -100.00 -100.00
 225    18.577 56880.59030065 37.98  54.372449  65.530981 29.560 -100.00 -100.00 -100.00
 225    18.502 56880.59030124 40.09  54.378622  65.530393   -100 -100.00 -100.00 -100.00
 226    34.230 56890.50594707 21.13  54.363499  65.531006  9.671 -100.00 -100.00 -100.00
 226    33.169 56890.50594766 20.68  54.369671  65.530418  8.856 -100.00 -100.00 -100.00
 226    23.945 56890.50594825 20.57  54.375844  65.529831  7.100 -100.00 -100.00 -100.00
 227    33.485 56900.42159154 19.13  54.363494  65.529553  7.907 -100.00 -100.00 -100.00
 227    23.572 56900.42159213 21.89  54.369667  65.528965 11.113 -100.00 -100.00 -100.00
 227    23.940 56900.42159272 20.40  54.375839  65.528377  8.798 -100.00 -100.00 -100.00
 228    34.044 56910.33723349 20.71  54.359407  65.529970 13.252 -100.00 -100.00 -100.00
 228    33.587 56910.33723408 19.60  54.365579  65.529383  9.226 -100.00 -100.00 -100.00
 228    32.823 56910.33723467 19.24  54.371752  65.528795  9.035 -100.00 -100.00 -100.00
 228    31.900 56910.33723526 23.51  54.377924  65.528207 16.930 -100.00 -100.00 -100.00
 229    34.430 56920.25287439 20.46  54.361929  65.531335 11.818 -100.00 -100.00 -100.00
 229    33.879 56920.25287498 21.29  54.368102  65.530747 11.300 -100.00 -100.00 -100.00
 229    32.917 56920.25287557 21.52  54.374274  65.530160 10.639 -100.00 -100.00 -100.00
 229    24.017 56920.25287616 25.24  54.380447  65.529572 18.462 -100.00 -100.00 -100.00
 230    20.692 56930.16851281 40.88  54.361027  65.533668 24.024 -100.00 -100.00 -100.00
 230    20.685 56930.16851340 43.07  54.367200  65.533080 28.970 -100.00 -100.00 -100.00
 230    20.282 56930.16851399 47.22  54.373373  65.532493   -100 -100.00 -100.00 -100.00
 230    20.420 56930.16851458 48.99  54.379546  65.531905   -100 -100.00 -100.00 -100.00
 231    35.718 56940.08414663 22.80  54.361907  65.534675 11.782  257.31  256.26  256.24
 231    35.250 56940.08414722 23.03  54.368081  65.534088 12.032  257.31  256.26  256.24
 231    34.489 56940.08414781 22.95  54.374254  65.533501 12.221  257.31  256.26  256.24
 231    33.815 56940.08414840 21.48  54.380427  65.532913  7.608  257.31  256.26  256.24
 232    19.339 56949.99978434 39.29  54.360291  65.534279 24.228 -100.00 -100.00 -100.00
 232    18.932 56949.99978493 42.25  54.366464  65.533692   -100 -100.00 -100.00 -100.00
 232    18.904 56949.99978553 45.45  54.372637  65.533105   -100 -100.00 -100.00 -100.00
 232    19.009 56949.99978612 46.63  54.378810  65.532518   -100 -100.00 -100.00 -100.00
 233    19.571 56959.91543662 41.28  54.360975  65.532316 26.377 -100.00 -100.00 -100.00
 233    19.687 56959.91543721 44.46  54.367148  65.531729 24.795 -100.00 -100.00 -100.00
 233    19.417 56959.91543780 47.47  54.373321  65.531142   -100 -100.00 -100.00 -100.00
 233    19.308 56959.91543839 48.48  54.379493  65.530555   -100 -100.00 -100.00 -100.00
 234    19.051 56969.83108354 24.03  54.359282  65.531331  9.305  252.99  249.09  243.91
 234    19.050 56969.83108413 24.48  54.365455  65.530743 10.263  252.99  249.09  243.91
 234    18.936 56969.83108472 26.22  54.371627  65.530156 15.421  252.99  249.09  243.91
 234    19.339 56969.83108532 25.40  54.377799  65.529568 12.107  252.99  249.09  243.91
 235    19.828 56979.74672655 32.57  54.358392  65.531466 21.386  260.37  258.61  254.22
 235    19.381 56979.74672714 35.69  54.364564  65.530878 30.396  260.37  258.61  254.22
 235    19.444 56979.74672773 34.28  54.370737  65.530291 28.848  260.37  258.61  254.22
 235    19.427 56979.74672832 33.22  54.376909  65.529704 23.464  260.37  258.61  254.22
 236    19.272 56989.66236562 30.65  54.363091  65.531647 25.797 -100.00 -100.00 -100.00
 236    19.459 56989.66236621 31.62  54.369263  65.531060 27.512 -100.00 -100.00 -100.00
 236    19.254 56989.66236680 28.88  54.375436  65.530472 18.446 -100.00 -100.00 -100.00
 236    19.395 56989.66236739 27.49  54.381608  65.529884 14.341 -100.00 -100.00 -100.00
 237    19.160 56999.57799805 25.91  54.363935  65.531799 14.323 -100.00 -100.00 -100.00
 237    19.125 56999.57799864 25.74  54.370108  65.531212 12.513 -100.00 -100.00 -100.00
 237    19.173 56999.57799923 25.93  54.376281  65.530625 13.382 -100.00 -100.00 -100.00
 238    18.911 57009.49365093 25.81  54.363087  65.530712 12.551 -100.00 -100.00 -100.00
 238    18.974 57009.49365152 26.29  54.369260  65.530125 13.303 -100.00 -100.00 -100.00
 238    19.058 57009.49365211 25.56  54.375433  65.529537 11.898 -100.00 -100.00 -100.00
 239    18.773 57019.40930355 29.12  54.364486  65.529075 22.070 -100.00 -100.00 -100.00
 239    18.721 57019.40930414 28.04  54.370659  65.528488 18.240 -100.00 -100.00 -100.00
 239    18.695 57019.40930473 28.24  54.376831  65.527900 16.953 -100.00 -100.00 -100.00
 240    49.453 57029.32495282 10.49  54.362804  65.528791  4.422  245.58  240.14  230.88
 240    37.063 57029.32495341 11.25  54.368976  65.528204  5.967  245.58  240.14  230.88
 240    35.183 57029.32495400 12.50  54.375148  65.527616  7.631  245.58  240.14  230.88
 241    46.119 57039.24060036  9.38  54.361032  65.529760  4.743 -100.00 -100.00 -100.00
 241    34.220 57039.24060095 12.67  54.367205  65.529173 10.634 -100.00 -100.00 -100.00
 241    22.143 57039.24060154 17.05  54.373377  65.528586 18.536 -100.00 -100.00 -100.00
 242    18.228 57049.15624557 21.73  54.359167  65.531269 10.700 -100.00 -100.00 -100.00
 242    18.324 57049.15624616 22.94  54.365340  65.530682 13.741 -100.00 -100.00 -100.00
 242    18.519 57049.15624675 22.91  54.371513  65.530094 11.837 -100.00 -100.00 -100.00
 242    19.285 57049.15624734 22.23  54.377685  65.529506  9.982 -100.00 -100.00 -100.00
 243    47.505 57059.07188714  9.38  54.360407  65.531953  5.533  251.80  246.18  232.91
 243    38.726 57059.07188773  9.64  54.366580  65.531366  5.702  251.80  246.18  232.91
 243    34.186 57059.07188832 13.16  54.372753  65.530779 10.984  251.80  246.18  232.91
 243    20.681 57059.07188891 17.15  54.378925  65.530192 17.420  251.80  246.18  232.91
 244    69.272 57068.98752308  8.52  54.361736  65.531754  7.243 -100.00 -100.00 -100.00
 244    69.077 57068.98752367  7.62  54.367908  65.531167  5.936 -100.00 -100.00 -100.00
 244    67.183 57068.98752426  8.13  54.374081  65.530579  7.196 -100.00 -100.00 -100.00
 244    67.116 57068.98752485  7.67  54.380253  65.529992  6.054 -100.00 -100.00 -100.00
 245    69.830 57078.90315458 12.39  54.361905  65.531576  4.528 -100.00 -100.00 -100.00
 245    69.186 57078.90315517 12.74  54.368077  65.530989  5.045 -100.00 -100.00 -100.00
 245    68.615 57078.90315576 12.58  54.374249  65.530401  5.010 -100.00 -100.00 -100.00
 245    67.569 57078.90315635 12.24  54.380421  65.529814  5.022 -100.00 -100.00 -100.00
 246    68.642 57088.81879035 13.42  54.359125  65.532348  6.265 -100.00 -100.00 -100.00
 246    54.549 57088.81879094 13.11  54.365298  65.531761  5.400 -100.00 -100.00 -100.00
 246    43.948 57088.81879153 13.34  54.371470  65.531174  5.791 -100.00 -100.00 -100.00
 246    65.823 57088.81879212 13.01  54.377642  65.530587  5.443 -100.00 -100.00 -100.00
 247    69.488 57098.73444876 11.57  54.360958  65.533009  5.712 -100.00 -100.00 -100.00
 247    68.715 57098.73444935 12.52  54.367131  65.532422  6.684 -100.00 -100.00 -100.00
 247    68.052 57098.73444994 11.69  54.373304  65.531834  5.828 -100.00 -100.00 -100.00
 247    66.163 57098.73445053 11.83  54.379476  65.531247  6.286 -100.00 -100.00 -100.00
 248    69.063 57108.65010396 10.86  54.360357  65.534029  4.828 -100.00 -100.00 -100.00
 248    67.888 57108.65010455 11.63  54.366530  65.533442  6.558 -100.00 -100.00 -100.00
 248    43.097 57108.65010514 12.14  54.372703  65.532854  7.566 -100.00 -100.00 -100.00
 248    66.066 57108.65010573 11.16  54.378876  65.532267  5.428 -100.00 -100.00 -100.00
 249    69.493 57118.56575408  3.72  54.360779  65.533991  5.220  267.33  265.61  263.20
 249    69.217 57118.56575467  3.66  54.366952  65.533404  4.695  267.33  265.61  263.20
 249    68.641 57118.56575526  4.31  54.373125  65.532816  5.894  267.33  265.61  263.20
 249    68.348 57118.56575585  4.26  54.379298  65.532228  6.000  267.33  265.61  263.20
 250    70.288 57128.48139810  0.96  54.360143  65.533044  5.215  267.54  265.27  261.04
 250    69.766 57128.48139869  0.27  54.366316  65.532457  4.983  267.54  265.27  261.04
 251    35.557 57138.39703653 16.66  54.358472  65.532202 12.177  258.86  255.76  252.89
 251    34.533 57138.39703712 16.70  54.364645  65.531615 12.528  258.86  255.76  252.89
 251    31.430 57138.39703771 17.10  54.370818  65.531028 12.324  258.86  255.76  252.89
 251    18.293 57138.39703830 18.40  54.376990  65.530440 14.780  258.86  255.76  252.89
 252    34.986 57148.31267152 27.38  54.360688  65.531862 19.742 -100.00 -100.00 -100.00
 252    34.543 57148.31267211 27.47  54.366861  65.531275 19.011 -100.00 -100.00 -100.00
 252    33.539 57148.31267270 29.47  54.373033  65.530687 26.270 -100.00 -100.00 -100.00
 252    32.885 57148.31267329 28.47  54.379205  65.530100 20.751 -100.00 -100.00 -100.00
 253    69.469 57158.22830363 21.60  54.360136  65.532378  5.470 -100.00 -100.00 -100.00
 253    68.589 57158.22830422 24.08  54.366309  65.531791 11.596 -100.00 -100.00 -100.00
 253    78.047 57158.22830481 21.58  54.372481  65.531204  9.586 -100.00 -100.00 -100.00
 253    78.183 57158.22830540 31.59  54.378654  65.530617   -100 -100.00 -100.00 -100.00
 254    28.667 57168.14395169 30.88  54.361819  65.531972 10.227 -100.00 -100.00 -100.00
 254    28.645 57168.14395228 32.28  54.367992  65.531385 12.417 -100.00 -100.00 -100.00
 254    28.778 57168.14395287 35.11  54.374164  65.530798 18.634 -100.00 -100.00 -100.00
 254    28.859 57168.14395346 34.22  54.380336  65.530211 14.996 -100.00 -100.00 -100.00
 255    29.451 57178.05960768 38.19  54.358974  65.531228 15.725 -100.00 -100.00 -100.00
 255    29.472 57178.05960827 41.24  54.365146  65.530641 19.114 -100.00 -100.00 -100.00
 255    29.062 57178.05960886 46.81  54.371318  65.530054 28.844 -100.00 -100.00 -100.00
 255    28.906 57178.05960945 51.44  54.377490  65.529466   -100 -100.00 -100.00 -100.00
 256    33.761 57187.97526044 26.76  54.365023  65.529436 26.117 -100.00 -100.00 -100.00
 256    33.291 57187.97526103 22.63  54.371194  65.528848 15.879 -100.00 -100.00 -100.00
 256    32.362 57187.97526162 25.64  54.377366  65.528261 20.769 -100.00 -100.00 -100.00
 257    21.706 57197.89090859 36.40  54.365978  65.528884 20.271 -100.00 -100.00 -100.00
 257    21.306 57197.89090918 42.00  54.372149  65.528297   -100 -100.00 -100.00 -100.00
 257    21.390 57197.89090977 44.91  54.378320  65.527709   -100 -100.00 -100.00 -100.00
 258    21.581 57207.80654265 32.44  54.363200  65.529589 17.056 -100.00 -100.00 -100.00
 258    20.472 57207.80654324 34.92  54.369372  65.529002   -100 -100.00 -100.00 -100.00
 258    24.230 57207.80654384 27.78  54.375543  65.528414 24.615 -100.00 -100.00 -100.00
 259    33.766 57217.72218720 21.75  54.363407  65.530498 10.115  266.92  266.90  266.39
 259    32.921 57217.72218779 21.28  54.369579  65.529911  8.363  266.92  266.90  266.39
 259    24.462 57217.72218838 21.44  54.375750  65.529323  8.031  266.92  266.90  266.39
 260    34.464 57227.63783064 21.94  54.362563  65.531167 11.054 -100.00 -100.00 -100.00
 260    23.654 57227.63783123 24.17  54.368736  65.530580 16.118 -100.00 -100.00 -100.00
 260    32.869 57227.63783182 24.31  54.374908  65.529993 15.254 -100.00 -100.00 -100.00
 260    24.590 57227.63783241 25.94  54.381080  65.529405 17.780 -100.00 -100.00 -100.00
 261    34.696 57237.55347193 22.86  54.361187  65.531455 29.174 -100.00 -100.00 -100.00
 261    33.811 57237.55347252 23.43  54.367359  65.530868 23.041 -100.00 -100.00 -100.00
 261    23.548 57237.55347311 24.88  54.373532  65.530281 19.086 -100.00 -100.00 -100.00
 261    24.063 57237.55347370 23.96  54.379704  65.529693 13.368 -100.00 -100.00 -100.00
 262    34.353 57247.46911018 19.37  54.363321  65.531288  9.932 -100.00 -100.00 -100.00
 262    33.712 57247.46911078 17.83  54.369494  65.530701  6.955 -100.00 -100.00 -100.00
 262    32.606 57247.46911137 20.63  54.375666  65.530113 10.329 -100.00 -100.00 -100.00
 263    34.766 57257.38474560 22.52  54.362511  65.531859 12.278 -100.00 -100.00 -100.00
 263    34.141 57257.38474619 21.20  54.368684  65.531272 10.643 -100.00 -100.00 -100.00
 263    33.400 57257.38474678 21.88  54.374857  65.530684 10.119 -100.00 -100.00 -100.00
 263    23.830 57257.38474737 28.07  54.381029  65.530097 26.561 -100.00 -100.00 -100.00
 264    35.324 57267.30037947 22.30  54.358360  65.533566 12.339  265.47  264.63  264.86
 264    19.319 57267.30038006 23.95  54.364534  65.532980 16.202  265.47  264.63  264.86
 264    22.882 57267.30038065 23.62  54.370707  65.532393 13.033  265.47  264.63  264.86
 264    23.147 57267.30038124 24.82  54.376880  65.531805 16.873  265.47  264.63  264.86
 264    24.271 57267.30038183 23.26  54.383053  65.531218 12.695  265.47  264.63  264.86
 265    35.709 57277.21602618 23.36  54.358363  65.534592 11.887 -100.00 -100.00 -100.00
 265    34.898 57277.21602678 22.58  54.364537  65.534005  9.379 -100.00 -100.00 -100.00
 265    22.929 57277.21602737 24.53  54.370711  65.533418 13.268 -100.00 -100.00 -100.00
 265    23.943 57277.21602796 22.63  54.376884  65.532831  9.045 -100.00 -100.00 -100.00
 265    24.239 57277.21602855 24.35  54.383057  65.532243 12.836 -100.00 -100.00 -100.00
 266    20.193 57287.13168300 35.73  54.361108  65.534333 20.505 -100.00 -100.00 -100.00
 266    20.516 57287.13168359 41.47  54.367282  65.533746 24.737 -100.00 -100.00 -100.00
 266    20.409 57287.13168418 52.39  54.373455  65.533158   -100 -100.00 -100.00 -100.00
 266    20.307 57287.13168478 54.85  54.379628  65.532571  2.948 -100.00 -100.00 -100.00
 267    34.829 57297.04733671 27.24  54.360937  65.533267 18.521  259.27  258.83  259.32
 267    19.379 57297.04733730 27.40  54.367110  65.532680 16.671  259.27  258.83  259.32
 267    19.660 57297.04733789 30.29  54.373283  65.532093 21.932  259.27  258.83  259.32
 267    19.815 57297.04733848 33.58  54.379456  65.531505 28.319  259.27  258.83  259.32
 268    20.258 57306.96298676 41.42  54.360439  65.531947 32.693 -100.00 -100.00 -100.00
 268    20.820 57306.96298735 43.44  54.366611  65.531360 24.169 -100.00 -100.00 -100.00
 268    20.214 57306.96298794 47.70  54.372784  65.530772   -100 -100.00 -100.00 -100.00
 268    20.263 57306.96298853 51.36  54.378956  65.530184   -100 -100.00 -100.00 -100.00
 269    18.585 57316.87863307 33.92  54.360834  65.531174   -100 -100.00 -100.00 -100.00
 269    18.517 57316.87863366 35.66  54.367006  65.530587   -100 -100.00 -100.00 -100.00
 269    18.491 57316.87863425 36.88  54.373178  65.530000   -100 -100.00 -100.00 -100.00
 269    18.569 57316.87863484 36.56  54.379350  65.529412   -100 -100.00 -100.00 -100.00
 270    18.425 57326.79427634 35.77  54.364151  65.530900   -100  253.64  250.06  242.46
 270    18.632 57326.79427693 37.71  54.370324  65.530312   -100  253.64  250.06  242.46
 270    18.813 57326.79427752 39.09  54.376496  65.529725   -100  253.64  250.06  242.46
 271    18.633 57336.70991665 30.00  54.358687  65.531905 26.190 -100.00 -100.00 -100.00
 271    18.761 57336.70991724 32.34  54.364860  65.531318 31.153 -100.00 -100.00 -100.00
 271    18.954 57336.70991783 33.59  54.371033  65.530730 31.949 -100.00 -100.00 -100.00
 271    18.828 57336.70991842 35.42  54.377205  65.530142   -100 -100.00 -100.00 -100.00
 272    18.780 57346.62556452 28.82  54.364461  65.530865 22.270 -100.00 -100.00 -100.00
 272    18.815 57346.62556511 32.32  54.370633  65.530277   -100 -100.00 -100.00 -100.00
 272    19.202 57346.62556570 32.16  54.376806  65.529689 30.180 -100.00 -100.00 -100.00
 273    54.852 57356.54121154  6.30  54.363804  65.529647  6.296 -100.00 -100.00 -100.00
 273    67.767 57356.54121213  5.92  54.369977  65.529060  5.905 -100.00 -100.00 -100.00
 273    40.911 57356.54121272  7.10  54.376149  65.528472  7.088 -100.00 -100.00 -100.00
 274    18.903 57366.45685471 20.22  54.360572  65.528890  9.069 -100.00 -100.00 -100.00
 274    18.845 57366.45685531 21.77  54.366744  65.528303 10.634 -100.00 -100.00 -100.00
 274    19.094 57366.45685590 21.21  54.372917  65.527715 10.466 -100.00 -100.00 -100.00
 275    18.920 57376.37249525 19.80  54.364187  65.528674 10.248 -100.00 -100.00 -100.00
 275    18.901 57376.37249584 20.78  54.370360  65.528086 11.967 -100.00 -100.00 -100.00
 275    18.875 57376.37249643 21.86  54.376533  65.527498 13.149 -100.00 -100.00 -100.00
 276    18.576 57386.28813334 17.88  54.362011  65.530345  8.896  251.66  246.59  235.52
 276    18.769 57386.28813393 18.31  54.368184  65.529758  9.156  251.66  246.59  235.52
 276    19.380 57386.28813452 17.79  54.374357  65.529170  8.429  251.66  246.59  235.52
 277    18.334 57396.20377070 17.93  54.358190  65.532162  8.315 -100.00 -100.00 -100.00
 277    18.591 57396.20377129 19.18  54.364364  65.531575  8.575 -100.00 -100.00 -100.00
 277    18.657 57396.20377188 18.36  54.370537  65.530987  7.652 -100.00 -100.00 -100.00
 277    19.299 57396.20377247 17.84  54.376710  65.530400  6.875 -100.00 -100.00 -100.00
 278    18.217 57406.11940755 18.55  54.359993  65.532685 10.346 -100.00 -100.00 -100.00
 278    18.505 57406.11940814 19.06  54.366167  65.532098 10.676 -100.00 -100.00 -100.00
 278    18.981 57406.11940874 19.89  54.372340  65.531511 11.661 -100.00 -100.00 -100.00
 278    19.693 57406.11940933 19.99  54.378513  65.530923  9.169 -100.00 -100.00 -100.00
 279    45.404 57416.03505787  7.68  54.362852  65.531618  5.845 -100.00 -100.00 -100.00
 279    67.543 57416.03505846  7.57  54.369025  65.531031  5.172 -100.00 -100.00 -100.00
 279    36.791 57416.03505905 10.08  54.375197  65.530444  8.542 -100.00 -100.00 -100.00
 279    22.431 57416.03505964 14.87  54.381370  65.529857 14.890 -100.00 -100.00 -100.00
 280    34.650 57425.95070915 16.76  54.362974  65.530943  7.662  250.31  242.48  225.50
 280    33.512 57425.95070974 17.21  54.369147  65.530356  7.488  250.31  242.48  225.50
 280    32.556 57425.95071033 17.84  54.375319  65.529769  7.149  250.31  242.48  225.50
 281    45.838 57435.86635717 11.48  54.360750  65.531594  6.849  256.32  249.27  234.36
 281    44.638 57435.86635776 11.15  54.366922  65.531007  5.578  256.32  249.27  234.36
 281    37.421 57435.86635835 12.91  54.373094  65.530420  8.452  256.32  249.27  234.36
 281    20.052 57435.86635894 19.55  54.379266  65.529832 20.627  256.32  249.27  234.36
 282    46.631 57445.78200353 10.73  54.359434  65.533319  6.229 -100.00 -100.00 -100.00
 282    44.525 57445.78200412 10.46  54.365607  65.532732  5.391 -100.00 -100.00 -100.00
 282    40.818 57445.78200471 10.60  54.371779  65.532145  5.342 -100.00 -100.00 -100.00
 282    34.826 57445.78200530 14.70  54.377952  65.531557 11.217 -100.00 -100.00 -100.00
 283    18.049 57455.69764939 20.02  54.361626  65.534425 16.281  256.67  249.77  231.67
 283    34.550 57455.69764998 19.83  54.367799  65.533838 14.552  256.67  249.77  231.67
 283    34.640 57455.69765058 17.61  54.373972  65.533250  8.728  256.67  249.77  231.67
 283    34.172 57455.69765117 17.79  54.380145  65.532663  8.992  256.67  249.77  231.67
 284    46.692 57465.61329267 13.89  54.357855  65.534714  6.530 -100.00 -100.00 -100.00
 284    40.875 57465.61329326 13.65  54.364029  65.534127  6.783 -100.00 -100.00 -100.00
 284    42.380 57465.61329385 13.39  54.370202  65.533540  6.615 -100.00 -100.00 -100.00
 284    41.416 57465.61329444 13.03  54.376375  65.532952  6.557 -100.00 -100.00 -100.00
 284    40.505 57465.61329503 12.81  54.382548  65.532364  5.021 -100.00 -100.00 -100.00
 285    70.105 57475.52893284 14.12  54.360992  65.532870  7.187 -100.00 -100.00 -100.00
 285    70.291 57475.52893343 12.41  54.367165  65.532283  5.331 -100.00 -100.00 -100.00
 285    69.995 57475.52893403 11.58  54.373339  65.531696  4.237 -100.00 -100.00 -100.00
 285    69.419 57475.52893462 11.21  54.379511  65.531108  3.931 -100.00 -100.00 -100.00
 286    70.638 57485.44456946  1.52  54.362412  65.531153  5.101  262.43  262.67  263.62
 286    70.932 57485.44457005  0.26  54.368585  65.530566  4.081  262.43  262.67  263.62
 287    17.850 57495.36020297 26.64  54.359157  65.531284 18.008 -100.00 -100.00 -100.00
 287    18.005 57495.36020356 28.51  54.365330  65.530697 24.378 -100.00 -100.00 -100.00
 287    18.107 57495.36020415 29.73  54.371503  65.530110 28.210 -100.00 -100.00 -100.00
 287    18.529 57495.36020474 30.11  54.377676  65.529523 24.515 -100.00 -100.00 -100.00
 288    35.056 57505.27583614 29.92  54.360523  65.532635 25.357 -100.00 -100.00 -100.00
 288    34.266 57505.27583673 30.03  54.366696  65.532049 27.191 -100.00 -100.00 -100.00
 288    20.500 57505.27583732 31.81  54.372870  65.531462 27.402 -100.00 -100.00 -100.00
 288    20.547 57505.27583791 34.36  54.379043  65.530874   -100 -100.00 -100.00 -100.00
 289    24.699 57515.19149263 38.45  54.360845  65.533063 21.254  245.28  241.36  237.07
 289    25.509 57515.19149322 41.48  54.367018  65.532476 19.446  245.28  241.36  237.07
 289    24.969 57515.19149381 53.25  54.373191  65.531889   -100  245.28  241.36  237.07
 289    24.921 57515.19149440 52.87  54.379364  65.531302   -100  245.28  241.36  237.07
 290    69.543 57525.10714697 17.98  54.362941  65.531928  8.673 -100.00 -100.00 -100.00
 290    69.742 57525.10714756 16.66  54.369114  65.531341  8.158 -100.00 -100.00 -100.00
 290    69.564 57525.10714815 15.07  54.375286  65.530754  6.016 -100.00 -100.00 -100.00
 290    68.661 57525.10714874 15.22  54.381458  65.530166  7.862 -100.00 -100.00 -100.00
 291    33.940 57535.02279881 20.78  54.363016  65.529772 28.370 -100.00 -100.00 -100.00
 291    70.097 57535.02279940 10.71  54.369188  65.529185  7.425 -100.00 -100.00 -100.00
 291    69.703 57535.02280000  8.78  54.375359  65.528598  6.120 -100.00 -100.00 -100.00
 292    22.019 57544.93844761 34.80  54.361973  65.528227 24.242 -100.00 -100.00 -100.00
 292    22.543 57544.93844820 36.66  54.368144  65.527639 22.124 -100.00 -100.00 -100.00
 292    21.977 57544.93844879 31.33  54.374315  65.527052 24.566 -100.00 -100.00 -100.00
 293    32.677 57554.85409436 22.37  54.363843  65.528376  7.881 -100.00 -100.00 -100.00
 293    21.781 57554.85409495 21.93  54.370015  65.527789  6.099 -100.00 -100.00 -100.00
 293    23.671 57554.85409554 22.83  54.376186  65.527201  7.900 -100.00 -100.00 -100.00
 294    22.247 57564.76973901 44.48  54.360457  65.530625 29.548 -100.00 -100.00 -100.00
 294    21.989 57564.76973960 46.81  54.366628  65.530038   -100 -100.00 -100.00 -100.00
 294    21.401 57564.76974019 46.20  54.372800  65.529450   -100 -100.00 -100.00 -100.00
 294    21.992 57564.76974078 47.54  54.378972  65.528863   -100 -100.00 -100.00 -100.00
 295    19.648 57574.68538322 27.65  54.359145  65.532357 19.241 -100.00 -100.00 -100.00
 295    19.812 57574.68538381 28.75  54.365318  65.531770 22.333 -100.00 -100.00 -100.00
 295    20.087 57574.68538440 30.56  54.371490  65.531183 24.344 -100.00 -100.00 -100.00
 295    20.265 57574.68538499 34.95  54.377662  65.530595   -100 -100.00 -100.00 -100.00
 296    22.285 57584.60102717 20.65  54.359961  65.532393  9.758 -100.00 -100.00 -100.00
 296    33.974 57584.60102776 19.63  54.366134  65.531806  8.191 -100.00 -100.00 -100.00
 296    33.235 57584.60102835 20.28  54.372307  65.531218  7.914 -100.00 -100.00 -100.00
 296    23.458 57584.60102894 23.64  54.378479  65.530631 12.182 -100.00 -100.00 -100.00
 297    18.369 57594.51666920 31.39  54.361414  65.531400   -100  282.27  281.48  279.74
 297    18.399 57594.51666979 33.56  54.367587  65.530813   -100  282.27  281.48  279.74
 297    18.405 57594.51667038 34.48  54.373760  65.530226   -100  282.27  281.48  279.74
 297    23.492 57594.51667097 26.20  54.379932  65.529638 18.883  282.27  281.48  279.74
