-115573.738   110.511     0.00    6.99
-115287.239   110.090    -1.47    6.91
-115000.743   109.860    -0.80    6.91
-114714.248   110.389     1.84    6.66
-114427.755   111.385     3.48    6.50
-114141.264   112.691     4.56    6.61
-113854.775   115.125     8.49    6.97
-113568.288   117.488     8.25    7.33
-113281.803   120.245     9.62    6.91
-112995.319   123.460    11.23    6.77
-112708.837   126.936    12.13    7.34
-112422.358   131.224    14.97    9.13
-112135.880   135.943    16.47   11.29
-111849.403   140.814    17.00   12.67
-111562.929   145.146    15.12   12.47
-111276.457   148.893    13.08   10.83
-110989.986   151.992    10.82    8.15
-110703.517   153.591     5.58    6.04
-110417.050   153.584    -0.02    6.31
-110130.585   152.351    -4.30    7.82
-109844.122   150.915    -5.01    8.77
-109557.660   148.610    -8.05    9.51
-109271.201   146.772    -6.42   10.15
-108984.743   146.181    -2.06    9.83
-108698.287   147.263     3.78    9.53
-108411.833   149.354     7.30   10.73
-108125.381   152.784    11.98   12.67
-107838.931   156.985    14.67   13.89
-107552.482   161.619    16.18   12.52
-107266.036   165.098    12.15    8.81
-106979.591   165.929     2.90    8.10
-106693.148   164.593    -4.66    9.33
-106406.707   162.368    -7.77    9.27
-106120.267   160.195    -7.59    8.85
-105833.830   160.702     1.77    8.84
-105547.394   162.128     4.98    9.21
-105260.961   164.219     7.30    8.66
-104974.529   166.709     8.69    7.56
-104688.099   168.695     6.93    7.09
-104401.670   169.297     2.10    6.02
-104115.244   167.936    -4.75    6.07
-103828.819   167.083    -2.98    6.68
-103542.397   167.248     0.58    6.98
-103255.976   166.858    -1.36    7.07
-102969.557   165.717    -3.98    7.55
-102683.140   164.758    -3.35    9.14
-102396.724   162.873    -6.58   11.07
-102110.311   159.832   -10.62   12.44
-101823.899   155.970   -13.48   12.13
-101537.489   152.399   -12.47   11.97
-101251.081   148.813   -12.52   11.87
-100964.675   144.970   -13.42   11.13
-100678.271   142.368    -9.09   10.02
-100391.869   140.368    -6.98    8.80
-100105.468   137.900    -8.62    8.40
 -99819.069   134.407   -12.20    8.82
 -99532.672   130.993   -11.92    9.34
 -99246.277   127.368   -12.66    9.40
 -98959.884   124.978    -8.34    8.55
 -98673.493   123.814    -4.07    7.85
 -98387.103   124.605     2.76    9.90
 -98100.716   129.151    15.88   13.82
 -97814.330   135.667    22.75   15.81
 -97527.946   142.712    24.60   16.54
 -97241.564   149.776    24.67   16.32
 -96955.183   157.228    26.02   14.88
 -96668.805   163.728    22.70   11.72
 -96382.428   167.239    12.26   10.04
 -96096.053   170.168    10.23    8.64
 -95809.681   172.551     8.32    7.50
 -95523.309   173.633     3.78    7.26
 -95236.940   174.404     2.69    7.40
 -94950.573   175.105     2.45    6.21
 -94664.207   175.415     1.08    5.25
 -94377.843   175.950     1.87    5.77
 -94091.482   176.360     1.43    5.57
 -93805.122   176.220    -0.49    4.90
 -93518.763   176.433     0.74    4.65
 -93232.407   176.841     1.43    4.97
 -92946.052   176.306    -1.87    5.05
 -92659.700   176.066    -0.84    5.34
 -92373.349   176.154     0.31    5.75
 -92087.000   175.800    -1.24    5.89
 -91800.653   174.835    -3.37    6.38
 -91514.307   173.126    -5.97    7.52
 -91227.964   171.014    -7.37    7.62
 -90941.622   168.671    -8.18    7.79
 -90655.283   166.707    -6.86    8.64
 -90368.945   165.422    -4.49    9.64
 -90082.608   165.327    -0.33    9.79
 -89796.274   165.066    -0.91    9.06
 -89509.942   165.712     2.25    8.46
 -89223.611   166.619     3.17    8.17
 -88937.282   166.901     0.99    8.30
 -88650.956   165.088    -6.33    8.64
 -88364.630   161.943   -10.98    7.54
 -88078.307   159.321    -9.16    7.61
 -87791.986   157.665    -5.78    7.27
 -87505.666   156.027    -5.72    6.75
 -87219.349   155.013    -3.54    6.75
 -86933.033   154.716    -1.04    7.83
 -86646.719   155.172     1.59    9.01
 -86360.407   154.387    -2.74    9.93
 -86074.096   152.122    -7.91   10.62
 -85787.788   148.222   -13.62   11.96
 -85501.481   143.101   -17.89   12.95
 -85215.176   137.351   -20.08   14.36
 -84928.873   131.612   -20.05   15.31
 -84642.572   126.033   -19.49   14.07
 -84356.273   122.357   -12.84   11.76
 -84069.975   122.014    -1.20   11.61
 -83783.680   124.885    10.03   13.97
 -83497.386   130.302    18.92   16.15
 -83211.094   136.607    22.02   15.52
 -82924.804   142.626    21.02   14.41
 -82638.516   146.478    13.45   16.14
 -82352.229   149.141     9.30   15.99
 -82065.945   151.617     8.65   16.15
 -81779.662   154.487    10.03   16.58
 -81493.381   158.349    13.49   16.40
 -81207.102   162.722    15.28   15.72
 -80920.825   167.062    15.16   15.58
 -80634.549   171.281    14.74   13.61
 -80348.276   174.330    10.65   11.48
 -80062.004   175.737     4.91    9.62
 -79775.734   175.915     0.62    8.87
 -79489.466   174.950    -3.37    8.14
 -79203.200   173.369    -5.52    8.08
 -78916.936   170.950    -8.45    8.86
 -78630.673   168.833    -7.40    8.92
 -78344.413   165.874   -10.34    9.35
 -78058.154   162.502   -11.78    9.74
 -77771.897   159.012   -12.19    8.91
 -77485.642   156.226    -9.73    7.99
 -77199.388   153.971    -7.88    7.46
 -76913.137   151.450    -8.81    7.16
 -76626.887   148.157   -11.50    8.05
 -76340.640   144.993   -11.05    8.55
 -76054.394   142.538    -8.57    7.59
 -75768.149   140.657    -6.57    6.91
 -75481.907   138.460    -7.67    6.68
 -75195.667   136.214    -7.85    5.82
 -74909.428   134.786    -4.99    6.11
 -74623.191   133.484    -4.55    6.76
 -74336.956   131.719    -6.17    7.81
 -74050.723   128.635   -10.77    8.32
 -73764.492   123.964   -16.32    9.74
 -73478.263   118.902   -17.68   11.32
 -73192.035   115.422   -12.16   10.96
 -72905.809   115.450     0.10   11.49
 -72619.506   117.737     7.99   13.27
 -72332.806   120.865    10.91   14.51
 -72046.110   124.478    12.60   14.22
 -71759.415   128.063    12.51   12.50
 -71472.724   129.778     5.98   10.30
 -71186.035   128.436    -4.68   10.26
 -70899.349   126.805    -5.69    9.09
 -70612.665   126.309    -1.73    7.83
 -70325.983   126.443     0.47    7.18
 -70039.305   127.083     2.23    7.18
 -69752.629   128.106     3.57    7.89
 -69465.955   129.262     4.03    8.17
 -69179.284   128.879    -1.33    8.41
 -68892.616   126.758    -7.40    9.21
 -68605.950   123.321   -11.99    9.24
 -68319.287   118.703   -16.11   10.37
 -68032.626   112.909   -20.21   12.22
 -67745.968   106.045   -23.94   14.77
 -67459.312    98.543   -26.17   17.40
 -67172.659    89.865   -30.27   18.19
 -66886.009    82.130   -26.99   16.55
 -66599.361    75.673   -22.52   12.64
 -66312.716    71.528   -14.46    8.40
 -66026.073    70.418    -3.87    6.80
 -65739.433    71.133     2.49    6.09
 -65452.796    72.093     3.35    5.47
 -65166.161    71.197    -3.13    6.76
 -64879.528    68.862    -8.15    7.71
 -64592.899    65.812   -10.64    7.29
 -64306.271    64.185    -5.67    7.03
 -64019.647    62.633    -5.42    6.80
 -63733.025    61.235    -4.88    6.50
 -63446.405    59.189    -7.14    6.54
 -63159.788    58.607    -2.03    6.26
 -62873.174    59.929     4.61    7.80
 -62586.562    62.742     9.81   10.35
 -62299.953    65.950    11.19   11.78
 -62013.346    70.136    14.61   12.52
 -61726.742    74.874    16.53   11.47
 -61440.140    79.337    15.57    7.65
 -61153.542    82.246    10.15    3.43
 -60866.945    83.429     4.13    3.38
 -60580.351    84.908     5.16    5.25
 -60293.760    85.705     2.78    5.85
 -60007.171    85.881     0.61    6.48
 -59720.585    85.833    -0.17    6.98
 -59434.002    85.594    -0.83    6.99
 -59147.421    85.047    -1.91    6.64
 -58860.842    84.302    -2.60    4.93
 -58574.267    84.631     1.15    4.62
 -58287.693    85.028     1.39    4.84
 -58001.123    85.546     1.81    4.74
 -57714.555    85.557     0.04    4.61
 -57427.989    85.150    -1.42    4.65
 -57141.426    84.081    -3.73    4.34
 -56854.866    82.787    -4.52    3.51
 -56568.308    81.651    -3.96    3.02
 -56281.753    80.477    -4.09    2.40
 -55995.200    79.596    -3.08    2.01
 -55708.650    79.050    -1.90    1.88
 -55422.102    78.687    -1.27    1.71
 -55135.557    78.517    -0.59    1.65
 -54849.015    78.435    -0.29    1.50
 -54562.475    78.439     0.01    1.36
 -54275.938    78.601     0.56    1.22
 -53989.403    78.617     0.06    1.20
 -53702.871    78.101    -1.80    1.69
 -53416.341    76.894    -4.21    2.86
 -53129.814    75.209    -5.88    4.22
 -52843.290    73.443    -6.16    4.85
 -52556.768    72.105    -4.67    4.50
 -52270.249    71.675    -1.50    4.23
 -51983.732    72.357     2.38    4.77
 -51697.218    73.887     5.34    5.41
 -51410.706    76.380     8.70    5.79
 -51124.197    78.916     8.85    5.35
 -50837.691    81.617     9.43    4.57
 -50551.187    83.811     7.66    3.71
 -50264.685    85.531     6.00    3.54
 -49978.187    87.119     5.54    3.70
 -49691.690    88.864     6.09    4.06
 -49405.197    90.584     6.00    4.49
 -49118.706    92.013     4.99    4.83
 -48832.217    93.137     3.92    5.47
 -48545.731    93.957     2.86    5.82
 -48259.248    94.313     1.24    6.18
 -47972.767    93.923    -1.36    6.54
 -47686.289    93.235    -2.40    6.57
 -47399.813    92.453    -2.73    5.56
 -47113.340    92.425    -0.10    4.97
 -46826.870    93.114     2.41    4.67
 -46540.402    94.178     3.72    4.57
 -46253.936    96.276     7.32    5.00
 -45967.474    98.395     7.40    4.76
 -45681.013    99.943     5.40    4.34
 -45394.556   100.753     2.83    4.15
 -45108.100   101.324     1.99    4.32
 -44821.648   101.943     2.16    4.50
 -44535.198   103.121     4.11    5.19
 -44248.750   104.893     6.19    6.03
 -43962.306   106.694     6.29    6.40
 -43675.863   108.900     7.70    5.98
 -43389.424   110.893     6.96    5.24
 -43102.986   112.612     6.00    4.26
 -42816.552   113.880     4.43    3.77
 -42530.120   114.353     1.65    3.48
 -42243.690   114.515     0.57    3.72
 -41957.263   114.698     0.64    4.06
 -41670.839   115.181     1.68    4.28
 -41384.417   115.783     2.10    4.43
 -41097.998   116.724     3.29    4.95
 -40811.581   117.605     3.07    5.21
 -40525.167   118.481     3.06    5.48
 -40238.756   119.784     4.55    5.24
 -39952.347   120.853     3.73    4.45
 -39665.940   121.587     2.56    4.07
 -39379.536   121.762     0.61    3.97
 -39093.135   121.160    -2.10    4.02
 -38806.736   120.168    -3.46    3.85
 -38520.340   119.135    -3.61    3.52
 -38233.947   118.106    -3.60    3.23
 -37947.556   117.171    -3.26    3.02
 -37661.167   115.798    -4.79    3.68
 -37374.781   114.766    -3.60    3.62
 -37088.398   114.203    -1.97    3.35
 -36802.017   113.991    -0.74    2.95
 -36515.639   114.270     0.97    3.12
 -36229.263   115.191     3.22    4.13
 -35942.890   116.957     6.17    5.15
 -35656.520   119.435     8.66    5.62
 -35370.152   122.309    10.04    5.75
 -35083.786   125.393    10.77    5.87
 -34797.424   128.134     9.57    5.75
 -34511.063   130.365     7.79    5.59
 -34224.706   132.683     8.09    5.37
 -33938.351   134.882     7.68    5.11
 -33651.998   136.768     6.59    4.41
 -33365.648   137.914     4.00    3.83
 -33079.301   138.372     1.60    3.56
 -32792.956   138.600     0.79    3.65
 -32506.613   138.267    -1.16    4.21
 -32220.274   137.126    -3.98    4.58
 -31933.936   135.818    -4.57    4.95
 -31647.602   134.880    -3.27    4.91
 -31361.270   133.191    -5.90    5.45
 -31074.940   130.605    -9.03    6.61
 -30788.613   127.686   -10.20    7.20
 -30502.289   125.341    -8.19    7.11
 -30215.967   122.831    -8.77    6.76
 -29929.648   120.200    -9.19    6.05
 -29643.331   117.523    -9.35    4.85
 -29357.017   115.672    -6.47    5.24
 -29070.705   113.074    -9.07    6.60
 -28784.396   109.700   -11.79    7.79
 -28498.090   106.311   -11.84    8.63
 -28211.786   102.398   -13.67    9.08
 -27925.484    98.188   -14.71    8.69
 -27639.186    94.014   -14.58    7.79
 -27352.889    90.929   -10.78    6.99
 -27066.596    87.929   -10.48    6.96
 -26780.304    84.350   -12.50    6.98
 -26494.016    80.195   -14.51    7.98
 -26207.730    75.535   -16.28    9.07
 -25921.447    71.032   -15.73    9.84
 -25635.166    66.004   -17.56    9.83
 -25348.887    61.066   -17.25    9.16
 -25062.612    56.130   -17.24    8.51
 -24776.338    51.899   -14.78    7.76
 -24490.068    48.314   -12.52    6.68
 -24203.800    45.439   -10.04    5.49
 -23917.534    43.243    -7.67    4.76
 -23631.271    41.491    -6.12    4.54
 -23345.011    40.573    -3.20    4.37
 -23058.753    40.382    -0.67    4.35
 -22772.498    40.222    -0.56    4.40
 -22486.245    39.826    -1.38    4.01
 -22199.995    39.781    -0.16    3.18
 -21913.747    39.564    -0.76    2.62
 -21627.502    39.321    -0.85    2.14
 -21341.260    38.710    -2.13    1.78
 -21055.020    37.914    -2.78    1.89
 -20768.782    36.950    -3.37    2.55
 -20482.547    35.502    -5.06    3.51
 -20196.315    33.881    -5.66    4.04
 -19910.085    32.453    -4.99    4.10
 -19623.858    31.439    -3.54    3.96
 -19337.634    30.645    -2.78    3.35
 -19051.412    30.393    -0.88    3.09
 -18765.192    30.957     1.97    3.56
 -18478.975    31.795     2.93    3.62
 -18192.761    32.351     1.94    3.42
 -17906.549    32.589     0.83    3.51
 -17620.340    32.628     0.14    3.35
 -17334.133    32.402    -0.79    3.26
 -17047.929    31.922    -1.68    3.31
 -16761.728    31.249    -2.35    3.62
 -16475.528    30.737    -1.79    3.78
 -16189.332    30.070    -2.33    3.92
 -15903.138    29.184    -3.09    3.99
 -15616.947    28.295    -3.11    4.24
 -15330.758    27.668    -2.19    4.45
 -15044.572    26.589    -3.77    4.47
 -14758.388    25.964    -2.18    4.20
 -14472.207    25.840    -0.43    3.35
 -14186.028    26.395     1.94    3.06
 -13899.852    26.628     0.81    3.32
 -13613.679    26.307    -1.12    3.98
 -13327.508    25.141    -4.07    4.90
 -13041.340    23.999    -3.99    4.84
 -12755.174    22.986    -3.54    4.32
 -12469.011    22.371    -2.15    3.83
 -12182.850    21.936    -1.52    3.49
 -11896.692    22.256     1.12    3.55
 -11610.536    22.576     1.12    3.11
 -11324.383    22.571    -0.02    2.81
 -11038.233    22.584     0.05    3.33
 -10751.936    22.743     0.55    3.61
 -10465.157    23.500     2.64    3.93
 -10178.382    24.410     3.17    3.98
  -9891.610    25.240     2.89    3.89
  -9604.841    26.560     4.60    3.37
  -9318.075    27.491     3.25    2.69
  -9031.313    28.080     2.05    2.19
  -8744.554    28.509     1.50    2.04
  -8457.798    28.326    -0.64    2.63
  -8171.046    27.836    -1.71    3.14
  -7884.297    27.262    -2.00    3.81
  -7597.551    26.137    -3.92    4.66
  -7310.809    23.354    -9.71    6.60
  -7024.070    19.060   -14.97    9.41
  -6737.334    14.464   -16.03   10.76
  -6450.601    10.155   -15.03   10.87
  -6163.872     5.929   -14.74    8.84
  -5877.146     2.598   -11.62    5.71
  -5590.423     0.555    -7.12    2.00
  -5303.704     0.157    -1.39    0.49
  -5016.988     0.157     0.00    0.51
  -4730.275     0.151    -0.02    0.49
  -4443.566     0.137    -0.05    0.45
  -4156.860     0.147     0.03    0.48
  -3870.157     0.147     0.00    0.49
  -3583.457     0.153     0.02    0.49
  -3296.761     0.165     0.04    0.53
  -3010.068     0.165     0.00    0.53
  -2723.378     0.143    -0.08    0.50
  -2436.692     0.150     0.02    0.50
  -2150.009     0.154     0.01    0.51
  -1863.329     0.126    -0.10    0.48
  -1576.653     0.113    -0.05    0.44
  -1289.980     0.112    -0.00    0.43
  -1003.310     0.089    -0.08    0.41
   -716.643     0.079    -0.03    0.39
   -429.980     0.079     0.00    0.42
   -143.320     0.089     0.03    0.43
    143.337     0.043    -0.16    0.37
    429.990     0.007    -0.13    0.28
    716.640    -0.029    -0.12    0.12
   1003.287    -0.036    -0.02    0.08
   1289.931    -0.043    -0.02    0.00
   1576.571     0.025     0.24    0.57
   1863.208     0.732     2.47    2.46
   2149.841     1.812     3.77    4.66
   2436.472     2.691     3.07    5.63
   2723.099     4.235     5.39    6.23
   3009.722     5.607     4.78    6.63
   3296.343     6.157     1.92    6.63
   3582.960     7.658     5.24    6.11
   3869.574     9.258     5.58    6.00
   4156.184    10.412     4.03    6.02
   4442.792    11.663     4.37    6.48
   4729.396    12.928     4.41    7.19
   5015.996    15.078     7.50    7.01
   5302.594    17.257     7.60    4.93
   5589.188    18.274     3.55    4.26
   5875.779    18.698     1.48    3.95
   6162.366    19.365     2.33    3.54
   6448.950    19.818     1.58    3.35
   6735.531    19.957     0.48    3.46
   7022.109    20.354     1.39    3.48
   7308.683    21.513     4.04    3.94
   7595.254    23.344     6.39    5.12
   7881.822    26.384    10.61    7.10
   8168.386    29.491    10.84    8.36
   8454.947    32.881    11.83    8.68
   8741.505    36.174    11.49    8.10
   9028.060    39.020     9.93    7.09
   9314.611    41.035     7.03    5.98
   9601.159    42.175     3.98    5.31
   9887.704    42.790     2.15    5.25
  10174.245    43.446     2.29    5.22
  10460.783    44.343     3.13    5.60
  10747.318    45.198     2.98    5.68
  11033.850    46.682     5.18    6.09
  11320.378    48.496     6.33    6.53
  11606.903    49.992     5.22    6.68
  11893.425    51.591     5.58    6.89
  12179.943    53.255     5.81    7.03
  12466.458    55.358     7.34    7.50
  12752.970    57.628     7.92    7.33
  13039.478    59.318     5.90    6.58
  13325.984    61.212     6.61    6.10
  13612.486    63.702     8.69    5.73
  13898.984    66.070     8.27    5.12
  14185.480    68.527     8.58    5.40
  14471.972    71.109     9.01    5.73
  14758.460    73.742     9.19    6.10
  15044.946    76.658    10.18    6.59
  15331.428    78.964     8.05    6.79
  15617.907    81.638     9.33    6.69
  15904.383    83.735     7.32    6.64
  16190.855    85.588     6.47    7.21
  16477.324    87.985     8.37    8.10
  16763.790    90.067     7.27    8.50
  17050.252    92.188     7.40    8.71
  17336.711    94.339     7.51    8.71
  17623.167    97.146     9.80    8.47
  17909.620   100.411    11.40    8.08
  18196.069   104.113    12.92    9.67
  18482.515   108.857    16.56   10.61
  18768.958   114.440    19.49   11.48
  19055.398   121.025    22.99   11.72
  19341.834   126.787    20.12   10.87
  19628.267   131.231    15.52    9.88
  19914.696   135.396    14.54    8.97
  20201.123   138.585    11.14    7.72
  20487.546   140.540     6.82    5.87
  20773.965   139.999    -1.89    6.32
  21060.382   137.943    -7.18    7.88
  21346.795   135.372    -8.98    8.40
  21633.205   132.263   -10.85    8.02
  21919.611   129.067   -11.16    6.73
  22206.015   126.243    -9.86    4.74
  22492.415   123.864    -8.31    4.95
  22778.812   121.518    -8.19    6.20
  23065.205   118.709    -9.81    7.47
  23351.595   115.399   -11.56    7.80
  23637.982   112.032   -11.76    7.95
  23924.366   107.690   -15.16    9.02
  24210.746   103.572   -14.38    9.01
  24497.123   100.727    -9.94    8.15
  24783.497    99.063    -5.81    6.85
  25069.867    97.485    -5.51    5.87
  25356.235    95.346    -7.47    5.98
  25642.598    94.243    -3.85    6.17
  25928.959    93.453    -2.76    6.33
  26215.316    92.492    -3.36    6.78
  26501.670    91.593    -3.14    7.33
  26788.021    90.503    -3.81    8.39
  27074.369    89.595    -3.17   10.45
  27360.713    88.598    -3.48   11.85
  27647.054    87.464    -3.96   12.38
  27933.392    86.378    -3.79   12.02
  28219.726    85.778    -2.10   11.63
  28506.057    85.754    -0.08   10.93
  28792.385    85.829     0.26   10.59
  29078.709    85.493    -1.18   10.81
  29365.031    84.471    -3.57   11.22
  29651.349    82.474    -6.97   10.98
  29937.663    80.321    -7.52   11.23
  30223.975    77.512    -9.81   11.27
  30510.283    74.137   -11.79   10.72
  30796.588    70.851   -11.48    8.73
  31082.889    69.063    -6.25    7.08
  31369.187    67.843    -4.26    5.22
  31655.482    67.886     0.15    5.34
  31941.774    69.603     6.00    7.31
  32228.063    71.509     6.66    8.67
  32514.348    72.880     4.79    9.10
  32800.630    73.605     2.53    8.91
  33086.908    72.935    -2.34    8.66
  33373.184    72.140    -2.78    8.25
  33659.456    70.593    -5.41    7.13
  33945.724    68.929    -5.81    5.40
  34231.990    68.306    -2.17    5.33
  34518.252    68.640     1.16    6.10
  34804.511    68.593    -0.16    6.24
  35090.767    68.530    -0.22    6.25
  35377.019    67.978    -1.93    5.86
  35663.268    67.574    -1.41    5.43
  35949.514    67.751     0.62    5.36
  36235.757    68.474     2.53    5.74
  36521.996    69.425     3.32    6.66
  36808.232    69.209    -0.76    6.50
  37094.465    68.422    -2.75    5.81
  37380.694    67.188    -4.31    4.51
  37666.920    66.372    -2.85    3.47
  37953.143    65.885    -1.70    3.01
  38239.363    65.807    -0.27    3.28
  38525.579    66.383     2.01    3.84
  38811.792    67.046     2.31    4.36
  39098.002    67.515     1.64    5.23
  39384.208    68.436     3.22    5.98
  39670.412    69.835     4.89    6.95
  39956.611    71.418     5.53    7.79
  40242.808    73.007     5.55    8.07
  40529.002    74.443     5.02    7.69
  40815.192    75.943     5.24    6.88
  41101.379    77.621     5.86    5.61
  41387.562    79.209     5.55    4.46
  41673.742    80.209     3.49    3.82
  41959.919    80.964     2.64    3.34
  42246.093    81.482     1.81    3.19
  42532.264    82.237     2.64    3.00
  42818.431    83.006     2.69    2.60
  43104.595    83.766     2.66    2.33
  43390.755    84.147     1.33    2.36
  43676.913    84.209     0.21    2.45
  43963.067    84.207    -0.01    2.46
  44249.218    84.619     1.44    2.93
  44535.365    85.170     1.93    3.35
  44821.510    85.604     1.52    3.54
  45107.651    86.269     2.32    3.53
  45393.788    86.889     2.16    3.26
  45679.923    87.127     0.83    2.89
  45966.054    86.827    -1.05    2.90
  46252.182    85.851    -3.41    3.51
  46538.307    84.396    -5.09    4.53
  46824.428    82.478    -6.70    5.12
  47110.546    80.450    -7.09    4.69
  47396.661    78.251    -7.68    4.25
  47682.772    76.379    -6.55    3.81
  47968.881    74.868    -5.28    3.41
  48254.986    73.322    -5.41    3.37
  48541.087    71.528    -6.27    4.16
  48827.186    69.507    -7.07    4.71
  49113.281    67.479    -7.09    4.76
  49399.373    65.446    -7.10    4.55
  49685.462    63.557    -6.60    3.91
  49971.547    62.109    -5.06    3.14
  50257.629    61.093    -3.55    2.89
  50543.708    60.047    -3.66    3.06
  50829.784    58.971    -3.76    3.20
  51116.096    58.007    -3.37    2.93
  51402.952    57.619    -1.35    2.57
  51689.804    57.601    -0.06    2.62
  51976.652    58.121     1.81    3.02
  52263.496    58.881     2.65    3.21
  52550.336    59.108     0.79    3.55
  52837.171    58.943    -0.58    3.97
  53124.003    58.446    -1.73    4.12
  53410.831    57.543    -3.15    3.79
  53697.655    56.794    -2.61    3.52
  53984.475    55.780    -3.53    3.23
  54271.290    55.082    -2.43    3.02
  54558.102    54.791    -1.01    2.67
  54844.910    54.576    -0.75    2.51
  55131.714    54.026    -1.92    2.49
  55418.513    53.338    -2.40    2.42
  55705.309    53.127    -0.74    2.40
  55992.100    53.502     1.31    2.81
  56278.888    54.014     1.79    3.27
  56565.672    54.907     3.11    3.61
  56852.451    55.735     2.89    3.26
  57139.227    56.205     1.64    2.87
  57425.998    56.596     1.36    2.59
  57712.766    56.565    -0.11    2.65
  57999.529    54.993    -5.48    5.21
  58286.288    52.293    -9.42    8.08
  58573.044    50.714    -5.50    8.56
  58859.795    49.492    -4.26    9.07
  59146.542    48.957    -1.86    9.09
  59433.286    49.398     1.54    9.01
  59720.025    50.527     3.94    8.84
  60006.760    51.929     4.89    7.06
  60293.492    52.148     0.77    6.23
  60580.219    50.070    -7.25    6.45
  60866.942    48.066    -6.99    5.75
  61153.661    46.313    -6.11    4.40
  61440.376    44.740    -5.49    2.56
  61727.088    44.290    -1.57    2.64
  62013.795    43.737    -1.93    2.90
  62300.498    43.534    -0.71    3.10
  62587.197    43.242    -1.02    3.17
  62873.892    42.060    -4.12    4.15
  63160.583    40.137    -6.71    5.17
  63447.270    38.411    -6.02    5.13
  63733.953    37.200    -4.22    4.63
  64020.632    36.092    -3.87    3.90
  64307.307    35.367    -2.53    3.65
  64593.978    35.998     2.20    4.15
  64880.645    37.811     6.32    5.21
  65167.308    39.929     7.39    5.54
  65453.967    41.468     5.37    5.08
  65740.622    42.618     4.01    4.39
  66027.273    43.856     4.32    3.69
