 -98527.592   101.087     0.00    7.05
 -98241.359   104.023    10.26    8.99
 -97955.123   107.766    13.08   11.40
 -97668.885   111.188    11.96   12.41
 -97382.645   116.866    19.84   12.87
 -97096.402   122.553    19.87   12.76
 -96810.157   128.085    19.33    9.91
 -96523.909   131.869    13.22    6.61
 -96237.659   133.790     6.71    5.15
 -95951.407   134.452     2.31    4.92
 -95665.152   135.066     2.14    4.64
 -95378.894   134.834    -0.81    4.36
 -95092.634   133.976    -3.00    4.96
 -94806.372   132.221    -6.13    6.32
 -94520.107   129.531    -9.40    7.62
 -94233.840   126.189   -11.68    7.96
 -93947.570   122.803   -11.83    7.47
 -93661.298   119.355   -12.04    6.59
 -93375.024   116.093   -11.39    6.67
 -93088.747   112.508   -12.52    7.20
 -92802.468   109.004   -12.24    7.24
 -92516.186   106.862    -7.48    6.72
 -92229.902   105.054    -6.31    5.46
 -91943.615   102.918    -7.46    5.42
 -91657.326   101.221    -5.93    5.43
 -91371.035    98.740    -8.66    8.10
 -91084.741    95.580   -11.04   11.12
 -90798.444    91.590   -13.94   11.93
 -90512.145    88.598   -10.45   10.60
 -90225.844    85.478   -10.90    9.39
 -89939.540    81.438   -14.11    9.85
 -89653.234    77.879   -12.43    9.90
 -89366.926    75.431    -8.55    9.93
 -89080.615    72.793    -9.21    9.73
 -88794.301    70.476    -8.09    8.74
 -88507.986    68.783    -5.91    7.49
 -88221.667    68.469    -1.10    7.51
 -87935.347    68.505     0.12    7.73
 -87649.023    68.148    -1.24    7.86
 -87362.698    67.444    -2.46    7.84
 -87076.370    66.587    -3.00    7.84
 -86790.039    64.951    -5.71    7.72
 -86503.706    62.999    -6.82    6.98
 -86217.371    61.684    -4.59    6.21
 -85931.033    60.752    -3.25    4.43
 -85644.693    60.130    -2.17    3.77
 -85358.350    58.790    -4.68    3.78
 -85072.005    57.186    -5.60    4.39
 -84785.658    55.749    -5.02    5.15
 -84499.308    54.948    -2.80    5.62
 -84212.956    53.922    -3.59    5.95
 -83926.601    53.951     0.10    6.43
 -83640.243    55.001     3.67    6.65
 -83353.884    56.591     5.55    5.82
 -83067.522    57.198     2.12    5.16
 -82781.157    55.838    -4.75    6.41
 -82494.790    53.707    -7.44    7.11
 -82208.421    51.376    -8.14    7.50
 -81922.049    48.766    -9.11    7.48
 -81635.674    45.984    -9.71    7.17
 -81349.298    43.693    -8.00    5.29
 -81062.918    42.233    -5.10    3.98
 -80776.537    41.281    -3.32    4.44
 -80490.153    40.091    -4.16    4.69
 -80203.766    39.175    -3.20    4.76
 -79917.377    38.976    -0.69    5.00
 -79630.986    39.809     2.91    5.82
 -79344.592    41.255     5.05    6.72
 -79058.196    43.103     6.45    6.79
 -78771.797    44.728     5.67    6.21
 -78485.396    46.355     5.68    4.99
 -78198.993    47.798     5.04    3.58
 -77912.587    48.308     1.78    2.99
 -77626.178    48.093    -0.75    3.26
 -77339.767    47.376    -2.50    3.11
 -77053.354    46.390    -3.44    3.46
 -76766.938    44.915    -5.15    4.48
 -76480.520    43.206    -5.97    4.94
 -76194.099    41.497    -5.97    4.57
 -75907.676    40.376    -3.91    4.11
 -75621.251    39.751    -2.18    3.93
 -75334.823    39.486    -0.93    3.97
 -75048.392    39.876     1.36    4.28
 -74761.960    41.147     4.44    4.34
 -74475.524    42.737     5.55    4.21
 -74189.087    43.816     3.77    3.75
 -73902.647    44.756     3.28    3.40
 -73616.204    45.516     2.65    3.56
 -73329.759    46.100     2.04    3.76
 -73043.311    46.519     1.46    4.13
 -72756.862    46.355    -0.57    4.31
 -72470.409    46.633     0.97    4.19
 -72183.954    45.838    -2.78    4.83
 -71897.497    44.801    -3.62    5.50
 -71611.038    44.244    -1.94    5.38
 -71324.575    43.742    -1.75    4.81
 -71038.111    43.376    -1.28    4.45
 -70751.644    43.383     0.02    4.26
 -70465.175    43.646     0.92    3.69
 -70178.703    44.226     2.03    2.96
 -69892.228    44.807     2.03    2.70
 -69605.752    44.924     0.41    2.78
 -69319.272    44.845    -0.27    2.65
 -69032.791    44.546    -1.04    2.66
 -68746.307    44.017    -1.85    2.91
 -68459.820    42.735    -4.48    3.80
 -68173.331    40.990    -6.09    4.77
 -67886.840    39.326    -5.81    5.27
 -67600.346    37.948    -4.81    5.05
 -67313.850    37.074    -3.05    4.99
 -67027.351    37.272     0.69    5.13
 -66740.850    37.997     2.53    5.36
 -66454.346    38.845     2.96    5.30
 -66167.840    39.791     3.30    5.23
 -65881.332    40.852     3.70    4.90
 -65594.821    40.817    -0.12    4.49
 -65308.308    40.397    -1.46    4.53
 -65021.792    39.897    -1.75    4.55
 -64735.274    39.897     0.00    5.08
 -64448.753    40.573     2.36    6.13
 -64162.230    41.908     4.66    6.88
 -63875.704    43.445     5.37    6.95
 -63589.176    45.780     8.15    6.50
 -63302.646    48.794    10.52    5.96
 -63016.113    50.740     6.79    4.67
 -62729.578    51.610     3.04    4.43
 -62443.040    51.545    -0.23    5.07
 -62156.500    51.644     0.34    5.16
 -61869.957    52.083     1.53    4.99
 -61583.412    51.792    -1.02    5.11
 -61296.864    51.795     0.01    4.78
 -61010.314    52.215     1.47    4.61
 -60723.762    53.458     4.34    5.30
 -60437.207    55.403     6.79    5.97
 -60150.650    57.138     6.05    6.33
 -59864.090    59.136     6.97    5.85
 -59577.528    60.790     5.77    4.93
 -59290.963    61.633     2.94    4.52
 -59004.396    61.542    -0.32    5.03
 -58717.827    60.705    -2.92    5.38
 -58431.255    60.211    -1.72    5.19
 -58144.680    60.017    -0.68    5.23
 -57858.103    59.979    -0.13    5.02
 -57571.524    60.213     0.82    4.15
 -57284.942    60.746     1.86    3.69
 -56998.358    61.040     1.03    4.22
 -56711.771    59.663    -4.81    5.38
 -56425.182    58.433    -4.29    6.05
 -56138.591    58.151    -0.98    6.46
 -55851.997    58.369     0.76    7.10
 -55565.401    59.130     2.65    7.92
 -55278.802    59.418     1.01    8.38
 -54992.200    60.279     3.00    8.08
 -54705.597    60.941     2.31    6.93
 -54418.990    59.349    -5.56    6.81
 -54132.382    57.649    -5.93    6.97
 -53845.771    55.390    -7.88    7.15
 -53559.157    53.524    -6.51    6.87
 -53272.541    52.263    -4.40    7.20
 -52985.923    51.955    -1.08    8.30
 -52699.302    52.672     2.50    9.55
 -52412.679    54.220     5.40   10.41
 -52126.053    57.068     9.94   11.71
 -51839.425    59.002     6.75   10.54
 -51552.794    60.301     4.53    9.61
 -51266.161    61.512     4.23   10.58
 -50979.525    63.294     6.22   11.98
 -50692.887    65.952     9.28   12.93
 -50406.247    67.062     3.87   13.52
 -50119.604    68.776     5.98   13.62
 -49832.959    70.983     7.70   13.10
 -49546.311    72.312     4.63   12.53
 -49259.661    73.790     5.16   13.12
 -48973.008    76.013     7.76   14.15
 -48686.353    78.634     9.15   14.43
 -48399.696    83.595    17.31   13.66
 -48113.036    89.804    21.66   13.38
 -47826.373    96.306    22.68   12.52
 -47539.708   102.029    19.96   12.49
 -47253.041   106.418    15.31   12.77
 -46966.371   110.589    14.55   12.78
 -46679.699   114.531    13.75   10.59
 -46393.024   117.369     9.90    9.55
 -46106.347   119.744     8.28    9.11
 -45819.668   122.019     7.94    8.27
 -45533.084   121.965    -0.19    8.44
 -45246.848   120.328    -5.72    9.59
 -44960.611   117.107   -11.25   10.89
 -44674.371   114.754    -8.22   11.11
 -44388.130   111.439   -11.58   11.39
 -44101.887   106.284   -18.01   11.48
 -43815.642   103.320   -10.36   11.24
 -43529.396   101.390    -6.74   11.01
 -43243.148    98.951    -8.52   10.73
 -42956.898    98.240    -2.48   11.13
 -42670.647    98.553     1.10   11.92
 -42384.394    99.921     4.78   11.97
 -42098.139    99.780    -0.49   11.66
 -41811.882    98.342    -5.02   11.46
 -41525.624    95.689    -9.27   11.99
 -41239.364    92.718   -10.38   12.22
 -40953.102    90.757    -6.85   11.47
 -40666.839    88.581    -7.60   10.51
 -40380.574    86.383    -7.68    9.59
 -40094.307    83.742    -9.22    8.83
 -39808.038    81.539    -7.70    8.63
 -39521.768    81.073    -1.63    8.43
 -39235.496    81.269     0.68    8.30
 -38949.222    80.848    -1.47    7.89
 -38662.947    81.348     1.75    8.04
 -38376.669    82.565     4.25    7.74
 -38090.391    82.633     0.24    6.83
 -37804.110    81.458    -4.10    6.20
 -37517.828    81.089    -1.29    5.42
 -37231.544    80.893    -0.69    5.56
 -36945.258    79.814    -3.77    6.33
 -36658.970    77.932    -6.58    6.33
 -36372.681    76.251    -5.87    5.92
 -36086.390    75.677    -2.01    5.55
 -35800.098    75.024    -2.28    5.47
 -35513.803    75.156     0.46    5.92
 -35227.507    76.298     3.99    6.93
 -34941.210    76.780     1.68    8.37
 -34654.910    77.096     1.10    8.91
 -34368.609    76.249    -2.96    9.56
 -34082.306    75.716    -1.86    9.81
 -33796.001    75.504    -0.74    9.70
 -33509.695    75.252    -0.88    8.86
 -33223.387    74.070    -4.13    7.69
 -32937.077    72.992    -3.76    7.19
 -32650.766    72.546    -1.56    7.08
 -32364.453    73.090     1.90    6.39
 -32078.138    73.473     1.34    5.67
 -31791.821    73.552     0.28    5.44
 -31505.503    73.589     0.13    5.75
 -31219.183    73.876     1.00    5.84
 -30932.861    74.624     2.61    5.59
 -30646.537    75.121     1.73    5.30
 -30360.212    74.975    -0.51    5.68
 -30073.885    73.292    -5.88    7.42
 -29787.557    71.959    -4.65    7.07
 -29501.226    71.095    -3.02    6.52
 -29214.894    70.064    -3.60    6.19
 -28928.560    69.191    -3.05    5.77
 -28642.225    68.755    -1.52    5.55
 -28355.888    68.445    -1.08    5.62
 -28069.549    67.876    -1.99    5.82
 -27783.208    67.362    -1.79    6.22
 -27496.866    66.517    -2.95    6.75
 -27210.522    66.135    -1.33    7.26
 -26924.176    65.454    -2.38    7.44
 -26637.828    64.101    -4.72    7.45
 -26351.479    62.592    -5.27    6.99
 -26065.128    62.112    -1.68    6.86
 -25778.776    62.242     0.46    7.37
 -25492.421    62.060    -0.64    8.19
 -25206.065    62.759     2.44    9.03
 -24919.707    63.900     3.98    9.44
 -24633.348    64.965     3.72    9.23
 -24346.987    65.308     1.20    9.07
 -24060.624    65.383     0.26    9.10
 -23774.259    65.425     0.15    8.72
 -23487.892    65.749     1.13    8.01
 -23201.524    65.285    -1.62    7.40
 -22915.155    64.454    -2.90    7.03
 -22628.783    62.901    -5.42    7.08
 -22342.410    60.848    -7.17    7.13
 -22056.035    58.579    -7.92    6.99
 -21769.658    56.341    -7.81    6.44
 -21483.280    54.460    -6.57    5.53
 -21196.899    52.983    -5.16    4.58
 -20910.518    51.890    -3.82    3.72
 -20624.134    51.073    -2.85    3.28
 -20337.749    50.682    -1.36    3.32
 -20051.362    50.916     0.82    3.82
 -19764.973    51.197     0.98    4.35
 -19478.583    51.411     0.75    4.40
 -19192.190    51.005    -1.42    4.31
 -18905.797    50.569    -1.52    4.23
 -18619.401    50.175    -1.38    4.16
 -18333.004    49.483    -2.42    4.08
 -18046.605    49.031    -1.58    4.33
 -17760.204    48.098    -3.26    5.12
 -17473.801    47.057    -3.63    5.40
 -17187.397    45.969    -3.80    5.66
 -16900.991    44.212    -6.14    5.70
 -16614.584    43.619    -2.07    5.70
 -16328.174    43.657     0.13    5.97
 -16041.763    44.246     2.06    6.59
 -15755.351    45.804     5.44    6.42
 -15468.936    46.793     3.45    5.80
 -15182.520    48.314     5.31    4.05
 -14896.102    49.227     3.19    2.96
 -14609.682    48.586    -2.24    4.34
 -14323.261    47.654    -3.25    5.79
 -14036.838    46.550    -3.86    7.16
 -13750.413    45.439    -3.88    8.02
 -13463.987    44.628    -2.83    9.29
 -13177.558    43.362    -4.42   11.27
 -12891.128    40.425   -10.26   14.06
 -12604.697    36.479   -13.77   16.21
 -12318.263    33.247   -11.28   15.66
 -12031.828    30.485    -9.65   14.86
 -11745.391    28.049    -8.50   14.39
 -11458.953    27.852    -0.69   14.71
 -11172.513    30.088     7.81   15.84
 -10886.071    33.925    13.39   16.12
 -10599.627    37.026    10.83   14.16
 -10313.181    39.476     8.55   12.00
 -10026.734    41.887     8.42    8.78
  -9740.285    42.695     2.82    8.13
  -9453.835    42.945     0.87    8.03
  -9167.383    43.362     1.46    7.97
  -8880.929    43.782     1.47    8.37
  -8594.473    45.737     6.83    7.76
  -8308.015    47.983     7.84    4.85
  -8021.556    49.314     4.65    3.08
  -7735.095    50.280     3.37    3.73
  -7448.633    51.390     3.87    5.00
  -7162.168    52.225     2.92    6.01
  -6875.702    52.439     0.74    6.76
  -6589.234    52.242    -0.68    7.58
  -6302.765    52.194    -0.17    7.62
  -6016.294    53.010     2.85    7.64
  -5729.821    53.594     2.04    6.78
  -5443.346    53.644     0.17    5.68
  -5156.870    53.078    -1.97    5.61
  -4870.392    52.124    -3.33    5.09
  -4583.912    50.991    -3.95    4.81
  -4297.430    50.650    -1.19    4.54
  -4010.947    50.253    -1.38    4.43
  -3724.462    48.979    -4.45    4.97
  -3437.976    47.546    -5.00    5.73
  -3151.487    45.077    -8.62    7.28
  -2864.997    41.294   -13.20    8.36
  -2578.505    37.492   -13.27    8.72
  -2292.012    34.447   -10.63    7.74
  -2005.516    33.060    -4.84    6.85
  -1719.019    33.759     2.44    7.42
  -1432.521    35.610     6.46    8.35
  -1146.020    35.848     0.83   11.04
   -859.518    32.759   -10.78   16.58
   -573.014    27.221   -19.33   20.69
   -286.508    20.466   -23.58   22.00
     -0.001    12.438   -28.02   20.13
    286.508     5.997   -22.48   14.75
    573.019     2.376   -12.64    7.10
    859.531     3.963     5.54    7.18
   1146.045     6.842    10.05    8.61
   1432.561     9.624     9.71    9.09
   1719.079    12.193     8.97    8.75
   2005.598    14.721     8.82    7.37
   2292.119    15.897     4.10    6.34
   2578.642    15.979     0.29    5.99
   2865.167    15.674    -1.06    4.98
   3151.693    15.766     0.32    3.84
   3438.221    16.752     3.44    3.80
   3724.751    17.486     2.56    4.63
   4011.282    18.259     2.70    4.47
   4297.815    18.730     1.64    4.14
   4584.350    18.655    -0.26    4.19
   4870.887    17.958    -2.43    4.62
   5157.425    16.716    -4.33    4.77
   5443.965    14.883    -6.40    4.79
   5730.507    13.173    -5.97    4.04
   6017.050    12.017    -4.04    3.90
   6303.595    11.256    -2.66    4.00
   6590.142    10.778    -1.67    4.31
   6876.691    10.418    -1.25    4.58
   7163.241    10.193    -0.79    4.59
   7449.793    10.775     2.03    5.00
   7736.347    11.130     1.24    5.48
   8022.903    11.209     0.28    5.44
   8309.460    11.212     0.01    5.72
   8596.019    11.748     1.87    5.96
   8882.580    12.506     2.64    5.89
   9169.142    12.540     0.12    5.93
   9455.706    11.679    -3.00    6.28
   9742.272    11.008    -2.34    6.77
  10028.839     9.952    -3.68    7.28
  10315.409     9.483    -1.64    8.62
  10601.980     9.729     0.86   10.94
  10888.552    10.369     2.23   12.71
  11175.127    11.319     3.32   13.86
  11461.703    12.169     2.96   13.82
  11748.281    13.090     3.22   13.49
  12034.861    13.831     2.58   12.56
  12321.442    14.020     0.66   11.18
  12608.025    14.417     1.39   10.20
  12894.610    14.587     0.59    8.90
  13181.196    14.689     0.36    7.77
  13467.785    15.184     1.73    7.85
  13754.374    15.279     0.33    8.55
  14040.966    15.486     0.72    8.48
  14327.560    15.789     1.05    8.26
  14614.155    16.201     1.44    8.06
  14900.751    16.579     1.32    7.93
  15187.350    17.584     3.51    7.86
  15473.950    19.355     6.18    9.18
  15760.552    20.841     5.18   10.13
  16047.156    21.802     3.35   11.25
  16333.671    23.243     5.03   12.07
  16619.984    24.702     5.10   12.77
  16906.298    25.280     2.02   13.00
  17192.613    24.532    -2.61   12.47
  17478.930    23.145    -4.85   12.61
  17765.247    20.988    -7.53   12.19
  18051.565    18.783    -7.70   10.51
  18337.884    17.852    -3.25    8.69
  18624.204    18.947     3.83    9.17
  18910.526    21.165     7.75   10.63
  19196.848    24.807    12.72   11.90
  19483.171    29.066    14.87   11.44
  19769.495    34.586    19.28   11.56
  20055.820    39.369    16.71   12.35
  20342.146    41.546     7.60   12.14
  20628.474    42.637     3.81   11.89
  20914.802    43.658     3.57   11.43
  21201.131    44.658     3.49   10.70
  21487.461    44.814     0.54   10.25
  21773.792    44.070    -2.60    9.32
  22060.124    43.565    -1.77    7.48
  22346.457    42.799    -2.68    7.16
  22632.791    40.968    -6.39    8.41
  22919.126    38.130    -9.91    9.47
  23205.463    35.530    -9.08    9.49
  23491.800    33.728    -6.29    8.51
  23778.138    32.515    -4.24    7.20
  24064.477    33.070     1.94    7.28
  24350.817    34.975     6.65    8.06
  24637.158    38.111    10.95    8.30
  24923.500    40.981    10.03    7.56
  25209.843    42.890     6.66    7.25
  25496.187    44.151     4.41    7.36
  25782.532    45.321     4.09    7.11
  26068.878    46.085     2.67    7.56
  26355.225    47.281     4.17    8.85
  26641.573    48.932     5.77   10.20
  26927.922    51.124     7.66   10.57
  27214.272    51.942     2.86    9.68
  27500.623    51.880    -0.22    8.74
  27786.975    51.518    -1.26    7.43
  28073.328    50.509    -3.52    7.42
  28359.682    48.977    -5.35    7.39
  28646.037    47.418    -5.45    6.21
  28932.393    47.123    -1.03    5.84
  29218.750    48.511     4.85    6.57
  29505.108    50.327     6.34    6.91
  29791.467    52.073     6.10    6.84
  30077.827    53.702     5.69    6.20
  30364.188    54.397     2.43    5.77
  30650.550    53.654    -2.60    6.40
  30936.913    50.911    -9.58    8.14
  31223.277    47.575   -11.65    8.69
  31509.642    45.424    -7.51    8.32
  31796.008    43.614    -6.32    8.40
  32082.375    42.342    -4.44    9.13
  32368.742    41.581    -2.66   10.13
  32655.111    41.684     0.36   10.70
  32941.481    43.383     5.93   10.25
  33227.852    44.646     4.41    9.57
  33514.224    44.835     0.66    8.39
  33800.597    45.425     2.06    6.93
  34086.971    47.286     6.50    6.37
  34373.346    49.628     8.18    5.28
  34659.722    51.754     7.42    3.78
  34946.098    52.684     3.25    3.61
  35232.476    53.591     3.17    3.71
  35518.855    54.271     2.37    3.32
  35805.235    54.256    -0.05    3.51
  36091.616    54.170    -0.30    3.76
  36377.998    54.305     0.47    3.76
  36664.380    53.897    -1.42    3.89
  36950.764    53.292    -2.11    3.72
  37237.149    53.412     0.42    3.68
  37523.535    54.548     3.97    4.98
  37809.922    56.452     6.65    6.43
  38096.310    58.657     7.70    6.94
  38382.698    60.287     5.69    6.29
  38669.088    61.176     3.10    5.36
  38955.479    61.131    -0.16    5.22
  39241.871    60.369    -2.66    5.48
  39528.263    59.198    -4.09    5.01
  39814.657    58.389    -2.82    4.49
  40101.052    58.424     0.12    4.57
  40387.448    59.504     3.77    5.48
  40673.845    60.334     2.90    5.29
  40960.242    60.362     0.10    5.29
  41246.641    59.507    -2.99    5.80
  41533.041    58.541    -3.37    6.19
  41819.442    57.432    -3.87    6.31
  42105.843    56.334    -3.84    5.78
  42392.246    55.628    -2.47    5.46
  42678.650    56.327     2.44    5.91
  42965.054    58.778     8.56    6.58
  43251.460    60.848     7.23    6.78
  43537.867    62.057     4.22    6.96
  43824.275    62.319     0.92    6.57
  44110.683    62.162    -0.55    6.50
  44397.093    61.211    -3.32    7.23
  44683.504    58.029   -11.11    8.82
  44969.915    54.230   -13.26    8.74
  45256.328    50.883   -11.69    8.34
  45542.742    48.410    -8.63    7.64
  45829.156    46.677    -6.05    6.42
  46115.572    46.315    -1.27    5.69
  46401.989    46.896     2.03    5.25
  46688.406    47.629     2.56    4.47
  46974.825    47.226    -1.41    5.10
  47261.245    44.975    -7.86    7.38
  47547.665    42.622    -8.21    8.29
  47834.087    42.147    -1.66    8.89
  48120.509    43.691     5.39   10.91
  48406.933    47.633    13.76   14.34
  48693.358    54.155    22.77   18.02
  48979.783    61.376    25.21   19.70
  49266.210    69.390    27.98   18.56
  49552.638    76.284    24.07   15.40
  49839.066    81.285    17.46   11.77
  50125.496    84.724    12.01    8.13
  50411.926    86.149     4.98    6.79
  50698.358    86.007    -0.50    7.11
  50984.790    85.092    -3.19    8.14
  51271.224    83.714    -4.81    8.95
  51557.659    81.983    -6.04    8.93
  51844.094    80.690    -4.51    8.08
  52130.531    79.876    -2.84    6.69
  52416.968    79.293    -2.04    5.41
  52703.407    78.824    -1.64    4.58
  52989.846    77.831    -3.47    4.66
  53276.287    76.855    -3.41    5.00
  53562.729    76.079    -2.71    4.93
  53849.171    75.869    -0.73    4.72
  54135.615    75.968     0.34    4.62
  54422.059    76.513     1.90    4.41
  54708.505    77.383     3.04    4.01
  54994.951    77.622     0.84    3.49
  55281.399    77.191    -1.51    3.68
  55567.847    76.835    -1.24    3.77
  55854.297    76.647    -0.66    4.05
  56140.747    76.949     1.06    3.86
  56427.199    77.179     0.80    3.65
  56713.651    77.717     1.88    3.67
  57000.105    79.057     4.68    4.09
  57286.559    80.773     5.99    4.01
  57573.015    82.000     4.28    4.53
  57859.471    83.156     4.04    5.00
  58145.929    84.348     4.16    5.00
  58432.387    85.542     4.17    4.10
  58718.847    86.211     2.34    3.40
  59005.307    85.962    -0.87    3.34
  59291.768    84.742    -4.26    4.02
  59578.231    83.005    -6.06    4.53
  59864.694    80.831    -7.59    5.40
  60151.159    78.536    -8.01    5.84
  60437.624    76.162    -8.29    6.30
  60724.091    73.827    -8.15    6.55
  61010.558    71.659    -7.57    6.57
  61297.026    69.396    -7.90    6.79
  61583.496    66.869    -8.82    7.24
  61869.966    64.066    -9.79    7.13
  62156.438    61.176   -10.09    7.70
  62442.910    58.321    -9.97    9.00
  62729.384    54.570   -13.09   10.38
  63015.858    50.984   -12.52   10.38
  63302.333    48.126    -9.98    9.35
  63588.810    43.531   -16.04   10.35
  63875.287    38.057   -19.11   11.86
  64161.766    34.683   -11.78   11.07
  64448.245    33.212    -5.14   10.76
  64734.725    31.419    -6.26   11.04
  65021.207    28.510   -10.15   11.89
  65307.689    25.908    -9.08   12.56
  65594.172    22.915   -10.45   14.52
  65880.657    19.085   -13.37   16.05
  66167.142    13.951   -17.92   15.62
  66453.628     8.412   -19.33   12.65
  66740.116     4.306   -14.33    8.49
  67026.604     2.955    -4.72    6.57
  67313.093     2.862    -0.33    5.73
  67599.584     4.801     6.77    6.96
  67886.075     6.866     7.21    6.98
  68172.567     7.610     2.60    6.67
  68459.061     7.179    -1.51    6.75
  68745.555     5.628    -5.41    7.03
  69032.050     4.818    -2.83    6.92
  69318.547     4.227    -2.06    6.36
  69605.044     3.804    -1.48    5.42
  69891.542     4.054     0.87    4.94
  70178.042     5.307     4.37    4.92
  70464.542     6.986     5.86    4.85
  70751.043     8.383     4.88    4.46
  71037.546     9.398     3.54    4.17
  71324.049     9.348    -0.17    4.30
  71610.553     9.462     0.40    4.28
  71897.058     9.454    -0.03    4.36
  72183.565     9.355    -0.35    4.27
  72470.072     9.213    -0.50    3.90
  72756.580     9.059    -0.54    3.52
  73043.090     9.390     1.16    3.51
  73329.600    10.061     2.34    3.67
  73616.111    10.404     1.20    3.63
  73902.623    10.594     0.66    3.48
  74189.137    10.624     0.10    3.15
  74475.651    10.659     0.12    3.08
  74762.166    10.652    -0.02    3.13
  75048.682    10.804     0.53    3.53
  75335.200    12.200     4.87    5.27
  75621.718    14.849     9.24    6.90
  75908.237    18.036    11.12    7.64
  76194.757    20.757     9.50    7.28
  76481.278    22.852     7.31    6.11
  76767.801    24.600     6.10    4.64
  77054.324    25.762     4.05    3.87
  77340.848    26.619     2.99    3.81
  77627.373    27.735     3.89    3.82
  77913.900    29.050     4.59    4.27
  78200.371    30.883     6.40    5.64
  78486.769    33.610     9.52    7.24
  78773.167    36.582    10.38    8.03
  79059.565    39.858    11.44    7.73
  79345.964    43.890    14.08    7.55
  79632.363    47.551    12.78    6.57
  79918.762    49.698     7.50    4.82
  80205.162    50.735     3.62    3.82
  80491.562    50.538    -0.69    4.18
  80777.962    50.653     0.40    5.11
  81064.363    50.972     1.11    6.22
  81350.764    51.185     0.74    7.23
  81637.166    51.921     2.57    8.16
  81923.567    52.981     3.70    8.63
  82209.969    53.945     3.37    8.70
