# NaN NaN NaN ;Mean Elev.(m), Avg Gradient(m/km), RMS Gradient(m/km) - SRTM1     
#   23.616  -1.086   5.736 ;Mean Elev.(m), Avg Gradient(m/km), RMS Gradient(m/km) - ASTER GDEM
#   37.110  -0.501   4.658 ;Mean Elev.(m), Avg Gradient(m/km), RMS Gradient(m/km) - GMTED2010 
   1  56.870153  65.983812    32.192    32.192  2 54663.38819806 37.987
   2  56.875728  65.985032    77.272    77.360  5 54673.30384351 10.904
   3  56.873091  65.986221     7.566     7.578  6 54683.21948679  9.741
   4  56.864002  65.986371    77.682    77.070  8 54693.13512815 14.598
   5  56.874179  65.986019     8.177     8.244  6 54703.05076878 13.152
   6  56.880117  65.984356    81.179    81.614  4 54712.96641851 24.643
   7  56.883611  65.982883    12.743    12.753  4 54722.88206962 15.968
   8  56.885102  65.982489    77.069    77.087  3 54732.79771815 17.023
   9  56.882592  65.983452    77.516    77.530  4 54742.71336481 19.860
  10  56.881660  65.984320    81.819    82.221  4 54752.62901140 23.779
  11  56.878445  65.983929    77.401    77.480  4 54762.54465740 20.512
  12  56.883547  65.982610    77.042    77.004  4 54772.46030164 12.593
  13  56.887029  65.981527    93.950    95.013  3 54782.37594282 17.734
  14  56.887296  65.981512    79.604    79.775  3 54792.29158128 23.106
  15  56.883367  65.982753    81.455    82.371  3 54802.20721829 20.484
  16  56.880954  65.983907    32.714    32.724  4 54812.12285530 37.033
  17  56.877969  65.984213    32.393    32.392  4 54822.03849698 27.569
  18  56.878562  65.983851    32.231    32.189  4 54831.95414905 21.666
  19  56.877433  65.983987    32.111    32.060  4 54841.86978757 21.230
  20  56.876974  65.985276    32.403    32.361  5 54851.78543650 17.216
  21  56.864524  65.986449    32.731    32.364  8 54861.70108400 17.142
  22  56.863893  65.987221    33.003    32.651  9 54871.61673258 18.225
  23  56.869922  65.986228    32.799    32.634  6 54881.53238003 15.818
  24  56.881814  65.984107    32.227    32.066  4 54891.44802471 14.802
  25  56.884388  65.982083    32.020    31.928  3 54901.36366564 16.149
  26  56.884951  65.982304    31.454    31.410  3 54911.27930469 18.984
  27  56.882622  65.983842    32.819    32.929  4 54921.19494238 15.788
  28  56.879388  65.984733    35.865    36.084  4 54931.11057937 14.090
  29  56.878225  65.983677    34.742    34.624  4 54941.02621509 11.953
  30  56.886842  65.981957    35.381    35.401  3 54950.94185004 13.282
  31  56.888844  65.980595    31.603    31.621  4 54960.85749074 27.004
  32  56.886182  65.981276    35.929    35.904  3 54970.77313917 36.829
  33  56.882447  65.983002    77.159    77.278  3 54980.68878636 29.438
  34  56.879660  65.984504    77.224    77.299  5 54990.60443335 26.052
  35  56.877432  65.984597    81.852    81.388  4 55000.52008014 14.645
  36  56.878548  65.984398    77.270    77.404  4 55010.43572544 12.725
  37  56.877343  65.984088    77.006    76.984  4 55020.35136895 11.587
  38  56.876491  65.985034    77.259    77.254  4 55030.26701135 17.624
  39  56.874679  65.986292    31.652    31.661  6 55040.18265300 31.974
  40  56.865088  65.986446    31.016    30.965  8 55050.09829253 35.288
  41  56.875317  65.985551    30.842    30.845  6 55060.01393171 36.707
  42  56.882873  65.983260    31.164    31.186  4 55069.92957296 43.750
  43  56.884941  65.981262    31.187    31.215  3 55079.84522249 37.675
  44  56.887166  65.981431    31.406    31.404  4 55089.76087017 28.091
  45  56.881808  65.983009    32.121    32.068  4 55099.67651608 26.238
  46  56.879697  65.984653    32.445    32.484  4 55109.59216178 27.991
  47  56.881509  65.984371    32.565    32.585  4 55119.50780635 31.400
  48  56.883277  65.982256    31.839    31.833  3 55129.42344834 49.836
  49  56.888340  65.980554    31.793    31.766  3 55139.33908861 45.480
  50  56.887162  65.980842    31.719    31.755  3 55149.25472713 43.216
  51  56.884405  65.982942    32.137    32.078  4 55159.17036520 45.896
  52  56.877769  65.984640    31.510    31.498  4 55169.08600257 33.749
  53  56.875154  65.984972    31.766    31.815  5 55179.00163928 25.401
  54  56.881287  65.984434    32.280    31.654  4 55188.91728578 19.414
  55  56.879690  65.984188    31.906    31.814  4 55198.83293624 18.536
  56  56.874758  65.984897    32.557    32.428  5 55208.74858555 17.868
  57  56.869675  65.986068    32.254    32.284  7 55218.66423436 18.821
  58  56.869427  65.986240    32.403    32.216  6 55228.57988280 19.369
  59  56.878153  65.985288    31.952    31.811  5 55238.49552895 18.406
  60  56.881805  65.983019    33.665    33.542  3 55248.41117105 17.228
  61  56.885731  65.981544    32.820    32.814  3 55258.32681079 16.038
  62  56.884453  65.981642    32.550    32.388  3 55268.24244932 16.443
  63  56.882694  65.983119    32.888    33.133  3 55278.15808747 14.691
  64  56.877105  65.983845    37.253    37.235  4 55288.07372401 11.063
  65  56.881496  65.983586    31.978    32.009  4 55297.98935904 13.209
  66  56.884121  65.981920    31.395    31.377  3 55307.90500160 24.047
  67  56.888375  65.980866    86.647    86.060  4 55317.82064829 25.726
  68  56.887398  65.981262    84.702    84.701  4 55327.73629345 26.396
  69  56.884079  65.983062    77.399    77.384  4 55337.65193770 21.175
  70  56.879145  65.984715    77.266    77.167  4 55347.56758135 16.356
  71  56.873270  65.985118    77.188    77.144  5 55357.48322323 21.220
  72  56.879004  65.985122    77.579    77.621  5 55367.39886411 20.287
  73  56.878327  65.984659    77.434    77.693  5 55377.31450294 16.181
  74  56.875886  65.984752    91.606    92.557  5 55387.23014076 16.378
  75  56.873093  65.985088    31.826    31.805  5 55397.14577764 33.786
  76  56.875079  65.985095    31.633    31.515  5 55407.06142073 31.105
  77  56.880122  65.984236    31.092    31.023  4 55416.97707229 35.832
  78  56.882748  65.982474    77.339    77.391  4 55426.89272018 18.978
  79  56.886361  65.981502    78.627    78.410  4 55436.80836551 21.470
  80  56.885461  65.981765    77.402    77.430  3 55446.72400914 20.112
  81  56.883073  65.982855    77.387    77.390  4 55456.63965221 19.914
  82  56.877879  65.983565    77.339    77.272  4 55466.55529432 20.171
  83  56.882003  65.983299    77.453    77.547  4 55476.47093410 19.540
  84  56.884901  65.981997    77.306    77.289  4 55486.38657055 23.276
  85  56.887694  65.980955    77.651    77.791  3 55496.30220483 23.867
  86  56.889229  65.981644    79.802    79.889  3 55506.21784036 23.012
  87  56.881325  65.983054    33.025    33.068  4 55516.13349019 45.153
  88  56.877819  65.984573    33.082    33.065  4 55526.04913949 46.636
  89  56.875534  65.985121    32.715    32.705  5 55535.96478688 33.889
  90  56.877726  65.985123    32.799    32.788  5 55545.88043253 25.204
  91  56.876989  65.985132    32.666    32.603  5 55555.79607608 21.893
  92  56.875135  65.985471    32.987    32.232  5 55565.71171865 21.719
  93  56.874848  65.985430    32.592    32.295  5 55575.62736074 19.646
  94  56.879657  65.984546    32.244    32.214  4 55585.54300156 19.791
  95  56.881986  65.982954    33.869    33.961  3 55595.45863885 19.058
  96  56.886333  65.981883    32.661    32.667  4 55605.37427313 18.243
  97  56.886785  65.981617    33.212    33.105  4 55615.28990498 17.631
  98  56.883275  65.982181    33.284    33.138  3 55625.20554511 16.760
  99  56.881420  65.982793    32.140    32.071  4 55635.12119723 18.829
 100  56.882010  65.982869    33.052    32.463  3 55645.03684738 18.596
 101  56.884769  65.982420    35.517    35.254  3 55654.95249494 14.815
 102  56.887107  65.981883    31.526    31.527  3 55664.86813792 39.597
 103  56.885594  65.981848    34.095    34.088  3 55674.78377761 37.117
 104  56.882487  65.982599    35.095    35.097  4 55684.69941556 39.069
 105  56.879138  65.983626    77.492    77.509  4 55694.61505230 17.502
 106  56.878191  65.984390    83.367    83.421  5 55704.53068792 28.300
 107  56.877209  65.984603    84.713    87.062  4 55714.44633451 15.458
 108  56.876547  65.984751    35.122    34.898  5 55724.36198351 28.208
 109  56.874396  65.985119    32.965    32.944  5 55734.27763042 45.316
 110  56.876971  65.985736    31.833    31.773  5 55744.19327650 30.730
 111  56.873074  65.985249    31.342    31.314  5 55754.10892045 38.292
 112  56.877246  65.983883    30.968    30.954  4 55764.02456280 47.305
 113  56.883547  65.982247    31.170    31.166  4 55773.94020254 29.160
 114  56.884904  65.981109    31.305    31.331  3 55783.85583850 28.863
 115  56.888156  65.981865    30.937    30.915  3 55793.77147229 29.572
 116  56.883816  65.982932    31.306    31.307  4 55803.68710816 24.365
 117  56.883305  65.983600    30.941    30.978  4 55813.60275783 46.856
 118  56.882277  65.982796    30.658    30.653  3 55823.51840547 34.430
 119  56.884482  65.981601    77.504    77.721  3 55833.43404867 14.919
 120  56.890037  65.981265    31.546    31.545  3 55843.34968803 26.689
 121  56.887632  65.981964    77.532    77.512  3 55853.26532364 21.085
 122  56.882216  65.983461    32.651    32.642  4 55863.18095937 40.345
 123  56.877158  65.984647    31.628    31.545  4 55873.09661295 46.241
 124  56.876851  65.984844    32.550    32.435  4 55883.01226183 47.948
 125  56.877751  65.984524    32.345    32.327  5 55892.92790445 32.332
 126  56.879659  65.984420    32.073    32.078  4 55902.84354157 28.405
 127  56.875705  65.984839    31.845    31.808  5 55912.75917780 28.532
 128  56.874529  65.985708    31.795    31.605  6 55922.67483197 24.528
 129  56.877263  65.985582    31.588    31.584  5 55932.59048362 25.494
 130  56.882759  65.983892    31.382    31.397  4 55942.50613120 29.618
 131  56.886339  65.981706    31.240    31.158  4 55952.42177425 28.057
 132  56.887550  65.980918    31.251    31.300  3 55962.33741374 24.844
 133  56.887184  65.982052    31.243    31.287  3 55972.25305106 21.346
 134  56.881116  65.983632    32.034    32.131  4 55982.16868661 16.912
 135  56.881990  65.984040    31.795    31.737  4 55992.08432120 17.657
 136  56.884765  65.983085    32.176    32.200  4 56001.99996879 18.141
 137  56.887243  65.981463    32.323    32.350  4 56011.91561883 17.551
 138  56.889309  65.981208    32.899    32.915  3 56021.83126525 14.436
 139  56.884669  65.982472    30.885    30.826  3 56031.74690826 31.403
 140  56.878622  65.984502    31.101    31.099  5 56041.66254911 35.794
 141  56.873443  65.985552    36.301    36.317  5 56051.57818765 45.678
 142  56.876941  65.985524    77.145    77.246  5 56061.49382416 20.048
 143  56.879912  65.984446    77.530    77.511  4 56071.40946302 19.320
 144  56.880377  65.984164    77.393    77.435  4 56081.32511364 19.562
 145  56.878528  65.984825    77.543    77.510  5 56091.24076143 17.250
 146  56.873842  65.985708    77.322    77.333  5 56101.15640660 17.243
 147  56.877925  65.985594    31.672    31.727  5 56111.07203830 39.685
 148  56.883409  65.983835    77.522    77.614  4 56120.98767832 15.605
 149  56.889230  65.981523    32.392    32.380  3 56130.90331465 24.185
 150  56.889249  65.980435    31.920    31.708  3 56140.81894890 36.366
 151  56.885276  65.981786    31.773    31.796  4 56150.73459956 42.888
 152  56.881174  65.983866    31.631    31.601  4 56160.65024836 29.122
 153  56.878394  65.984629    31.179    31.119  5 56170.56589563 29.502
 154  56.883456  65.983583    79.095    78.782  4 56180.48153959 19.614
 155  56.884413  65.981713    31.951    31.944  3 56190.39717916 31.800
 156  56.888236  65.981203    77.640    77.700  3 56200.31281613 21.966
 157  56.884728  65.982576    77.499    77.496  3 56210.22845006 18.839
 158  56.879443  65.984653    78.364    77.591  5 56220.14408198 19.999
 159  56.870645  65.985928    31.861    31.844  6 56230.05973095 53.361
 160  56.872010  65.985723    30.964    30.894  5 56239.97538432 40.635
 161  56.877509  65.984966    32.078    31.978  5 56249.89103412 50.209
 162  56.879526  65.984193    32.035    31.967  5 56259.80667879 43.441
 163  56.877775  65.984530    31.520    31.538  4 56269.72232053 38.474
 164  56.874123  65.984951    31.450    31.474  5 56279.63796037 34.660
 165  56.874545  65.985153    31.244    31.281  5 56289.55361137 34.419
 166  56.878122  65.983733    30.991    30.985  4 56299.46926001 30.844
 167  56.884737  65.981899    30.837    30.867  4 56309.38490491 29.378
 168  56.887815  65.981015    30.697    30.716  3 56319.30054712 26.232
 169  56.884572  65.982080    30.595    30.597  4 56329.21618784 23.974
 170  56.882246  65.983908    30.808    30.819  4 56339.13182781 25.329
 171  56.878718  65.984634    30.991    31.016  4 56349.04746556 23.583
 172  56.881055  65.983569    32.599    32.744  3 56358.96310123 17.038
 173  56.884575  65.982126    32.693    32.730  4 56368.87875208 17.020
 175  56.884098  65.983506    32.261    32.261  2 56388.71004519 15.952
 176  56.873860  65.985380    30.724    30.674  5 56398.62568770 27.887
 177  56.863129  65.986161    30.920    30.925  8 56408.54132768 36.864
 178  56.874691  65.986199    33.589    33.596  6 56418.45696537 41.138
 179  56.876234  65.984790    77.063    76.985  5 56428.37259829 21.373
 180  56.879386  65.984351    77.516    77.516  4 56438.28825241 21.065
 181  56.877456  65.984517    77.321    77.256  4 56448.20390349 17.852
 182  56.877955  65.985128    34.747    34.715  5 56458.11955260 28.090
 183  56.878862  65.984762    33.427    33.326  5 56468.03519844 53.791
 184  56.878505  65.983496    31.893    31.951  4 56477.95084009 33.909
 185  56.886309  65.982216    31.291    31.259  4 56487.86647868 51.751
 186  56.884191  65.981582    31.118    30.809  3 56497.78211382 33.913
 187  56.883701  65.982174    30.431    30.402  3 56507.69774794 35.403
 188  56.879838  65.983308    30.543    30.510  4 56517.61338511 29.188
 189  56.880008  65.984052    30.422    30.400  4 56527.52903944 33.229
 190  56.877633  65.983593    79.603    79.939  4 56537.44468925 24.529
 192  56.884163  65.983015    31.050    31.066  4 56557.27597943 34.663
 193  56.878209  65.983912    30.784    30.760  4 56567.19162144 26.338
 194  56.873140  65.985457    31.910    31.949  5 56577.10726222 44.592
 195  56.874072  65.986361    31.290    31.280  6 56587.02290003 47.960
 196  56.874882  65.985993    31.333    31.323  5 56596.93854027 48.181
 197  56.877058  65.985196    34.053    34.041  5 56606.85419228 43.842
 198  56.876949  65.984608    33.596    33.601  5 56616.76983920 51.697
 199  56.878255  65.984566    32.337    32.256  4 56626.68548281 48.468
 200  56.877258  65.984446    32.386    32.425  4 56636.60112348 44.852
 201  56.882693  65.984078    32.045    32.042  4 56646.51676467 25.736
 202  56.881282  65.983119    31.951    31.919  4 56656.43241677 13.600
 203  56.885860  65.982383    31.792    31.771  4 56666.34806506 18.150
 204  56.883157  65.982352    31.559    31.530  3 56676.26371007 21.630
 205  56.880639  65.983112    31.534    31.535  4 56686.17935401 18.318
 206  56.881175  65.983993    31.286    31.215  4 56696.09499623 20.439
 207  56.879046  65.983899    31.328    31.203  4 56706.01063363 18.499
 208  56.881563  65.983295    36.676    36.601  3 56715.92626658 11.281
 209  56.881553  65.983205    78.196    78.149  3 56725.84192002  6.055
 210  56.879778  65.983962    36.063    36.689  5 56735.75756934 10.833
 211  56.873863  65.985299    37.059    37.132  5 56745.67321494 11.117
 212  56.869617  65.986075    36.030    36.157  7 56755.58885641 12.021
 213  56.874813  65.986145    30.804    30.778  6 56765.50449307 37.255
 214  56.873313  65.985175    31.819    31.780  5 56775.42013201 32.465
 215  56.876032  65.985067    33.583    33.567  5 56785.33578898 33.473
 216  56.877478  65.985364    76.971    76.893  5 56795.25144220 27.335
 217  56.874699  65.985404    77.212    77.083  5 56805.16709103 22.233
 218  56.876800  65.984774    77.143    77.280  5 56815.08273340 18.456
 219  56.880247  65.983519    77.577    77.571  4 56824.99837240 22.129
 220  56.883122  65.982407    77.696    77.724  3 56834.91400758 18.747
 221  56.883572  65.982214    77.484    77.381  4 56844.82963921 15.752
 222  56.881483  65.982996    77.266    77.265  4 56854.74528432 13.978
 223  56.881065  65.983998    31.742    31.606  4 56864.66093797 31.473
 224  56.880986  65.984223    31.703    31.694  4 56874.57659091 30.342
 225  56.878041  65.983772    31.415    31.420  4 56884.49224041 31.551
 226  56.881083  65.983543    31.296    31.275  4 56894.40788735 36.234
 227  56.881792  65.983998    31.136    31.139  4 56904.32353089 30.355
 228  56.875589  65.985054    31.859    31.867  5 56914.23917175 26.828
 229  56.870234  65.986113    76.883    77.058  6 56924.15481092 16.663
 230  56.867549  65.986399    32.073    32.021  7 56934.07044766 26.465
 231  56.873376  65.985807    32.358    32.284  5 56943.98607985 44.589
 232  56.878991  65.984874    31.698    31.677  5 56953.90172797 48.387
 233  56.880166  65.984423    31.812    31.819  4 56963.81737817 38.154
 234  56.878356  65.984878    31.948    31.945  4 56973.73302341 37.865
 235  56.877246  65.985432    31.955    32.026  5 56983.64866436 43.824
 236  56.876911  65.984756    31.802    31.775  4 56993.56430053 41.644
 237  56.881565  65.983009    31.685    31.702  4 57003.47993813 26.577
 238  56.885185  65.981737    31.386    31.441  3 57013.39559489 28.747
 239  56.887745  65.981908    31.229    31.266  3 57023.31124629 30.574
 240  56.881679  65.983450    31.322    31.334  4 57033.22689435 33.376
 241  56.877365  65.984835    31.230    31.229  4 57043.14254026 33.775
 242  56.879082  65.985044    31.358    31.187  5 57053.05818432 25.740
 243  56.882521  65.983840    31.171    31.189  4 57062.97382403 27.380
 244  56.884576  65.982932    32.524    32.757  4 57072.88945845 16.802
 245  56.882109  65.983371    31.705    30.941  3 57082.80508863 25.327
 246  56.875071  65.985234    31.472    31.238  5 57092.72073559 25.845
 247  56.864567  65.986798    32.449    32.480  8 57102.63639178 16.520
 248  56.865860  65.987056    36.393    37.126  8 57112.55204536 14.254
 249  56.873401  65.985798    31.297    31.287  6 57122.46769351 29.629
 250  56.880122  65.984349    34.022    33.950  4 57132.38333608 19.069
 251  56.879069  65.983843    31.475    31.426  4 57142.29897311 29.193
 252  56.878223  65.984709    33.782    33.729  4 57152.21460715 36.372
 253  56.873777  65.985101    83.787    87.610  5 57162.13023804 26.173
 254  56.875574  65.984794    79.863    77.315  5 57172.04589554 18.735
 255  56.883941  65.983385    85.612    85.654  4 57181.96155067 19.617
 256  56.885174  65.981785    77.568    77.585  4 57191.87720128 17.677
 257  56.884687  65.981927    33.537    33.535  4 57201.79284893 26.802
 258  56.880309  65.983469    32.085    32.121  4 57211.70848269 32.148
 259  56.876641  65.985042    32.193    32.194  4 57221.62412622 31.441
 260  56.876181  65.985193    77.321    77.336  5 57231.53976864 17.031
 261  56.876788  65.984240    33.155    33.184  4 57241.45540862 29.338
 262  56.879155  65.983177    77.292    77.236  4 57251.37104613 19.429
 263  56.880885  65.983670    32.328    32.353  3 57261.28668170 39.657
 264  56.877192  65.985255    31.925    31.898  5 57271.20231555 41.008
 265  56.861607  65.986573    79.186    79.478  8 57281.11796991 21.914
 266  56.865720  65.987055    76.793    76.803  8 57291.03362548 16.417
 267  56.874863  65.985928    77.925    77.948  6 57300.94927839 16.845
 268  56.879544  65.983993    31.895    31.964  4 57310.86492716 49.693
 269  56.881543  65.983298    31.508    31.492  3 57320.78057238 39.099
 270  56.878163  65.984077    31.938    31.882  4 57330.69621458 49.754
 271  56.872725  65.985249    32.239    32.250  5 57340.61185448 40.746
 272  56.878233  65.985466    32.111    32.128  5 57350.52750545 34.084
 273  56.878390  65.983557    32.329    32.230  4 57360.44315052 36.054
 274  56.887060  65.981755    31.871    31.894  4 57370.35879319 31.659
 275  56.886360  65.981523    31.757    31.797  4 57380.27443277 28.165
 276  56.881443  65.983135    31.572    31.569  4 57390.19007096 27.532
 277  56.877805  65.984916    31.324    31.348  5 57400.10570830 27.147
 278  56.876619  65.985251    31.511    31.509  5 57410.02134729 19.898
 279  56.878000  65.984349    31.718    31.843  5 57419.93699984 16.140
 280  56.878071  65.983632    31.787    31.912  4 57429.85264969 17.647
 281  56.879084  65.984410    31.461    31.845  5 57439.76829752 20.256
 282  56.870400  65.985853    31.217    30.914  6 57449.68394343 22.571
 283  56.865674  65.986964    33.833    33.910  8 57459.59958831 14.407
 284  56.861755  65.986510    36.567    36.560  8 57469.51523007 11.731
 285  56.873924  65.985268    33.353    31.839  5 57479.43086922 25.298
 286  56.882797  65.983814    30.833    30.821  4 57489.34650501 25.429
 287  56.883063  65.983007    31.420    31.384  3 57499.26213801 29.969
 288  56.883090  65.983768    82.534    82.851  4 57509.17778125 21.468
 289  56.878175  65.984476    77.274    77.265  4 57519.09343673 19.373
 290  56.879202  65.984686    77.649    77.516  4 57529.00908993 19.563
 291  56.880757  65.983497    77.593    77.592  3 57538.92474007 16.140
 292  56.885197  65.982337    80.510    80.337  4 57548.84038781 25.255
 293  56.886970  65.982152    77.128    77.172  3 57558.75603400 18.528
 294  56.880114  65.983198    32.781    32.783  4 57568.67167864 27.023
 295  56.876419  65.984665    31.725    31.744  4 57578.58732305 33.931
 296  56.877246  65.985478    31.096    31.116  5 57588.50296637 30.846
 297  56.876181  65.985008    30.993    30.982  5 57598.41860689 30.644
