-125609.457    25.775     0.00    3.49
-125322.811    26.622     2.95    4.22
-125036.170    28.201     5.51    5.85
-124749.533    30.467     7.90    7.70
-124462.900    33.510    10.62    8.99
-124176.271    36.779    11.41    9.29
-123889.646    39.145     8.25    8.86
-123603.025    39.995     2.96    9.73
-123316.408    40.295     1.05   11.20
-123029.795    39.488    -2.82   12.11
-122743.186    38.261    -4.28   12.66
-122456.581    36.932    -4.64   12.75
-122169.980    36.226    -2.47   12.77
-121883.383    35.053    -4.09   12.08
-121596.790    33.903    -4.01   10.38
-121310.201    33.566    -1.18    9.62
-121023.616    34.305     2.58    9.50
-120737.035    35.622     4.60    9.77
-120450.458    37.789     7.56   10.24
-120163.885    40.693    10.13    9.57
-119877.316    42.823     7.43    9.57
-119590.751    45.367     8.88   10.80
-119304.190    48.027     9.28   10.79
-119017.634    51.438    11.90    8.93
-118731.081    52.238     2.79    7.83
-118444.532    52.323     0.30    9.78
-118157.987    53.460     3.97   11.66
-117871.446    56.274     9.82   14.81
-117584.909    59.810    12.34   17.47
-117298.377    65.467    19.74   19.86
-117011.848    70.446    17.38   20.17
-116725.323    74.330    13.56   18.00
-116438.802    74.988     2.30   17.60
-116152.286    73.715    -4.44   14.89
-115865.773    70.857    -9.98   14.66
-115579.264    66.268   -16.02   15.31
-115292.759    61.935   -15.12   14.31
-115006.259    56.488   -19.02   14.94
-114719.762    53.083   -11.88   16.41
-114433.269    52.009    -3.75   18.29
-114146.781    50.544    -5.11   20.22
-113860.296    48.765    -6.21   22.23
-113573.815    47.896    -3.03   21.38
-113287.338    46.943    -3.33   18.68
-113000.866    48.563     5.66   16.78
-112714.397    50.474     6.67   16.19
-112427.932    55.445    17.36   17.17
-112141.472    61.881    22.47   14.90
-111855.015    68.938    24.64   11.98
-111568.563    73.835    17.09   13.27
-111282.114    79.719    20.54   15.65
-110995.669    85.279    19.41   16.44
-110709.229    90.731    19.03   15.16
-110422.792    95.438    16.43   11.98
-110136.359    97.488     7.16    9.10
-109849.931    99.733     7.84    7.60
-109563.506   101.745     7.02    6.90
-109277.086   101.943     0.69    7.39
-108990.669   102.241     1.04    7.46
-108704.256   103.192     3.32    7.74
-108417.848   103.105    -0.30    7.62
-108131.443   103.382     0.97    7.50
-107845.043   103.853     1.65    6.86
-107558.646   104.391     1.88    6.67
-107272.253   104.802     1.44    6.44
-106985.865   104.048    -2.63    6.16
-106699.480   103.452    -2.08    6.32
-106413.100   103.204    -0.87    6.71
-106126.723   101.890    -4.59    7.05
-105840.351    99.874    -7.04    8.22
-105553.982    97.950    -6.72    9.38
-105267.617    96.481    -5.13    9.99
-104981.257    94.645    -6.41   10.07
-104694.900    91.800    -9.94   10.20
-104408.548    90.782    -3.56   10.52
-104122.199    91.092     1.08   10.71
-103835.855    93.089     6.98   11.14
-103549.514    95.305     7.74    9.77
-103263.177    95.875     1.99    8.25
-102976.845    95.995     0.42    7.25
-102690.516    96.417     1.48    7.35
-102404.192    95.103    -4.59    8.92
-102117.871    93.252    -6.47    9.52
-101831.555    92.775    -1.67    9.73
-101545.242    94.289     5.29   10.52
-101258.933    96.110     6.36   11.11
-100972.629    98.516     8.41   10.38
-100686.328   101.120     9.09    9.39
-100400.032   103.047     6.73    7.56
-100113.739   103.522     1.66    6.43
 -99827.450   102.836    -2.40    5.94
 -99541.166   101.424    -4.93    5.75
 -99254.885    99.424    -6.99    6.55
 -98968.609    96.946    -8.66    7.58
 -98682.336    93.991   -10.32    8.00
 -98396.067    90.949   -10.63    8.09
 -98109.803    88.084   -10.01    7.91
 -97823.542    84.708   -11.79    7.25
 -97537.285    81.552   -11.03    6.68
 -97251.033    78.587   -10.36    7.59
 -96964.784    74.558   -14.07    8.40
 -96678.539    70.284   -14.93    9.11
 -96392.299    65.893   -15.34    9.04
 -96106.062    61.245   -16.24    8.49
 -95819.830    57.006   -14.81    7.97
 -95533.601    53.042   -13.85    7.97
 -95247.376    49.832   -11.21    8.31
 -94961.155    48.494    -4.68    8.77
 -94674.939    48.892     1.39   10.16
 -94388.726    50.559     5.83   12.15
 -94102.517    52.731     7.59   13.32
 -93816.313    54.136     4.91   13.01
 -93530.112    54.981     2.95   12.28
 -93243.915    53.717    -4.42   12.38
 -92957.722    49.682   -14.10   14.11
 -92671.534    44.065   -19.63   14.58
 -92385.349    38.539   -19.31   11.70
 -92099.168    33.812   -16.52    7.26
 -91812.991    30.942   -10.03    5.98
 -91526.819    29.608    -4.66    5.86
 -91240.650    28.199    -4.92    5.70
 -90954.485    27.670    -1.85    5.54
 -90668.324    28.630     3.36    6.32
 -90382.167    31.403     9.69    9.02
 -90096.014    35.186    13.22   10.82
 -89809.866    38.460    11.44   11.22
 -89523.721    39.761     4.55   10.66
 -89237.580    38.292    -5.13   11.79
 -88951.443    34.658   -12.70   14.52
 -88665.310    28.274   -22.31   17.44
 -88379.181    21.152   -24.89   16.99
 -88093.056    15.516   -19.70   13.52
 -87806.935    13.970    -5.40   12.12
 -87520.818    16.530     8.95   14.14
 -87234.705    21.956    18.97   16.14
 -86948.596    28.129    21.57   15.47
 -86662.491    34.432    22.03   11.61
 -86376.390    39.740    18.55    6.81
 -86090.293    42.384     9.24    3.96
 -85804.200    43.646     4.41    2.86
 -85518.111    44.173     1.84    2.96
 -85232.026    45.133     3.36    3.67
 -84945.945    46.126     3.47    3.57
 -84659.868    47.247     3.92    3.65
 -84373.795    48.134     3.10    4.12
 -84087.726    48.977     2.95    4.16
 -83801.661    49.439     1.61    4.19
 -83515.600    49.167    -0.95    4.68
 -83229.542    48.231    -3.27    5.25
 -82943.489    47.202    -3.60    5.80
 -82657.440    45.127    -7.26    5.71
 -82371.395    42.755    -8.29    6.39
 -82085.353    39.652   -10.85    7.75
 -81799.316    35.840   -13.33    9.68
 -81513.283    31.102   -16.56   13.02
 -81227.254    25.452   -19.75   15.29
 -80941.228    18.991   -22.59   15.74
 -80655.207    13.202   -20.24   14.77
 -80369.190     7.970   -18.29   12.46
 -80083.176     2.893   -17.75    7.91
 -79797.167     0.265    -9.19    4.80
 -79511.162    -0.998    -4.42    2.36
 -79224.984    -1.105    -0.37    2.00
 -78938.041    -0.581     1.83    2.73
 -78651.103    -0.438     0.50    2.88
 -78364.170    -0.589    -0.53    2.84
 -78077.241    -0.857    -0.93    2.73
 -77790.318    -1.202    -1.20    2.51
 -77503.399    -1.471    -0.94    1.97
 -77216.485    -1.899    -1.49    1.02
 -76929.575    -1.757     0.49    1.30
 -76642.670    -1.425     1.16    2.33
 -76355.771    -1.178     0.86    2.81
 -76068.875    -1.123     0.19    3.15
 -75781.985    -1.281    -0.55    3.51
 -75495.099    -1.512    -0.81    3.85
 -75208.218    -1.497     0.05    3.87
 -74921.342    -1.497     0.00    4.20
 -74634.471    -1.753    -0.89    3.75
 -74347.604    -1.081     2.34    3.99
 -74060.742    -0.336     2.60    4.04
 -73773.885     0.187     1.82    3.95
 -73487.033     0.088    -0.35    3.75
 -73200.185    -0.749    -2.92    3.16
 -72913.342    -1.075    -1.14    3.09
 -72626.504    -1.723    -2.26    2.37
 -72339.671    -2.110    -1.35    2.19
 -72052.842    -2.361    -0.88    1.66
 -71766.018    -2.299     0.21    1.34
 -71479.199    -2.012     1.00    1.31
 -71192.385    -1.726     1.00    1.34
 -70905.575    -1.228     1.74    2.19
 -70618.770     0.064     4.50    3.98
 -70331.970     1.760     5.91    5.42
 -70045.175     4.952    11.13    8.26
 -69758.384    10.096    17.94   12.10
 -69471.598    16.835    23.50   15.22
 -69184.817    23.305    22.56   16.11
 -68898.041    28.658    18.67   14.67
 -68611.269    31.999    11.65   12.19
 -68324.502    34.551     8.90   10.58
 -68037.740    35.320     2.68   10.64
 -67750.982    35.320     0.00   10.39
 -67464.230    36.502     4.12    9.64
 -67177.482    38.074     5.48   10.09
 -66890.738    41.033    10.32    9.90
 -66604.000    43.502     8.61    8.80
 -66317.266    44.453     3.32    7.97
 -66030.537    42.460    -6.95    9.22
 -65743.813    39.795    -9.29   10.00
 -65457.094    36.884   -10.15    9.05
 -65170.379    34.995    -6.59    7.31
 -64883.669    34.375    -2.16    6.78
 -64596.963    36.341     6.86    8.20
 -64310.263    39.353    10.51    9.45
 -64023.567    42.828    12.12    9.20
 -63736.876    46.051    11.24    7.66
 -63450.190    48.390     8.16    6.90
 -63163.508    51.075     9.37    6.37
 -62876.831    53.952    10.04    6.17
 -62590.159    56.495     8.87    5.55
 -62303.492    59.206     9.46    5.75
 -62016.829    62.542    11.64    6.31
 -61730.171    66.184    12.70    6.71
 -61443.518    69.438    11.35    6.70
 -61156.870    72.060     9.14    6.18
 -60870.226    74.202     7.48    5.12
 -60583.587    75.634     4.99    3.70
 -60296.953    75.796     0.57    3.46
 -60010.324    74.733    -3.71    4.21
 -59723.699    73.582    -4.02    4.63
 -59437.079    72.100    -5.17    4.96
 -59150.464    70.342    -6.13    4.58
 -58863.853    69.035    -4.56    3.80
 -58577.247    68.032    -3.50    3.59
 -58290.646    67.136    -3.13    4.05
 -58004.050    65.884    -4.37    4.84
 -57717.458    64.607    -4.46    5.17
 -57430.872    62.807    -6.28    5.33
 -57144.289    61.004    -6.29    4.94
 -56857.712    60.502    -1.75    4.36
 -56571.139    60.057    -1.55    3.78
 -56284.572    59.985    -0.25    3.44
 -55998.008    60.563     2.02    3.52
 -55711.450    61.830     4.42    4.08
 -55424.896    63.536     5.95    4.51
 -55138.347    65.308     6.18    4.98
 -54851.803    66.596     4.49    4.97
 -54565.263    67.844     4.36    5.07
 -54278.729    69.316     5.14    5.15
 -53992.198    70.474     4.04    5.33
 -53705.673    71.902     4.99    6.32
 -53419.153    73.988     7.28    7.33
 -53132.637    76.204     7.74    8.10
 -52846.125    78.786     9.01    8.18
 -52559.619    81.274     8.68    7.57
 -52273.117    83.572     8.02    6.76
 -51986.620    85.745     7.58    5.69
 -51700.128    86.852     3.86    4.61
 -51413.641    86.830    -0.08    4.19
 -51127.158    86.222    -2.12    4.42
 -50840.680    84.939    -4.48    5.09
 -50554.206    83.552    -4.84    4.82
 -50267.738    82.812    -2.58    4.28
 -49981.274    82.362    -1.57    3.99
 -49694.815    82.446     0.29    3.63
 -49408.360    82.015    -1.50    4.47
 -49121.911    80.531    -5.18    7.48
 -48835.466    76.277   -14.85   12.23
 -48549.025    69.417   -23.95   17.28
 -48262.590    59.726   -33.83   21.19
 -47976.159    51.057   -30.26   21.52
 -47689.733    43.460   -26.53   18.89
 -47403.311    38.903   -15.91   14.50
 -47116.895    36.763    -7.47   11.36
 -46830.483    38.335     5.49   12.72
 -46544.076    42.922    16.02   15.04
 -46257.673    50.009    24.74   15.95
 -45971.275    57.288    25.42   15.35
 -45684.882    63.914    23.13   15.20
 -45398.494    70.782    23.98   15.47
 -45112.110    76.719    20.73   15.30
 -44825.732    82.686    20.84   14.70
 -44539.357    88.992    22.02   11.88
 -44252.988    93.035    14.12    8.98
 -43966.623    95.790     9.62    5.64
 -43680.263    96.777     3.45    3.96
 -43393.908    95.882    -3.13    5.09
 -43107.557    93.370    -8.77    7.54
 -42821.211    89.981   -11.83    8.82
 -42534.870    85.938   -14.12    9.35
 -42248.534    82.826   -10.87    8.28
 -41962.202    81.090    -6.06    6.96
 -41675.875    80.915    -0.61    6.26
 -41389.553    81.150     0.82    5.88
 -41103.235    80.960    -0.67    6.05
 -40816.923    80.453    -1.77    6.64
 -40530.614    78.919    -5.36    6.99
 -40244.311    76.350    -8.97    7.10
 -39958.012    72.910   -12.01    6.16
 -39671.718    69.338   -12.48    5.03
 -39385.429    66.581    -9.63    4.87
 -39099.145    64.536    -7.14    4.56
 -38812.865    62.932    -5.60    4.40
 -38526.590    61.319    -5.64    3.89
 -38240.319    59.956    -4.76    3.12
 -37954.053    59.112    -2.95    2.64
 -37667.792    58.844    -0.94    2.78
 -37381.536    58.657    -0.66    3.13
 -37095.285    58.620    -0.13    3.58
 -36809.038    58.959     1.19    4.22
 -36522.796    59.631     2.35    5.16
 -36236.558    60.632     3.50    5.77
 -35950.325    61.173     1.89    7.02
 -35664.097    62.375     4.20    7.32
 -35377.874    63.587     4.23    7.48
 -35091.656    64.211     2.18    7.75
 -34805.442    64.295     0.29    7.94
 -34519.233    63.647    -2.26    8.25
 -34233.028    62.605    -3.64    8.07
 -33946.828    61.078    -5.33    7.27
 -33660.633    59.588    -5.21    6.28
 -33374.443    58.233    -4.74    5.50
 -33088.257    57.229    -3.51    4.47
 -32802.076    56.719    -1.78    4.20
 -32515.900    57.097     1.32    4.62
 -32229.729    57.888     2.76    5.21
 -31943.562    59.517     5.69    5.87
 -31657.400    61.625     7.37    6.39
 -31371.242    63.363     6.08    6.42
 -31085.090    65.324     6.85    6.19
 -30798.942    66.127     2.80    6.16
 -30512.798    66.177     0.18    6.52
 -30226.660    65.754    -1.48    6.60
 -29940.526    65.092    -2.32    6.72
 -29654.397    65.097     0.02    6.07
 -29368.272    65.194     0.34    5.59
 -29082.153    65.215     0.07    5.17
 -28796.037    65.687     1.65    5.09
 -28509.927    66.319     2.21    5.21
 -28223.821    66.839     1.82    5.62
 -27937.720    67.328     1.71    5.92
 -27651.624    68.233     3.16    5.83
 -27365.533    68.945     2.49    5.03
 -27079.446    69.217     0.95    4.44
 -26793.364    68.529    -2.40    5.01
 -26507.286    67.175    -4.73    5.25
 -26221.213    65.600    -5.51    5.40
 -25935.145    63.394    -7.71    5.46
 -25649.082    60.742    -9.27    5.73
 -25363.023    57.502   -11.33    6.90
 -25076.969    54.270   -11.30    8.14
 -24790.920    50.467   -13.29    9.06
 -24504.876    46.945   -12.31    9.23
 -24218.836    43.481   -12.11    8.57
 -23932.801    41.095    -8.34    7.83
 -23646.770    40.299    -2.78    8.07
 -23360.744    40.215    -0.29    8.73
 -23074.723    41.108     3.12    9.30
 -22788.707    42.786     5.87    9.46
 -22502.695    45.884    10.83    9.65
 -22216.688    49.349    12.11    8.58
 -21930.686    51.625     7.96    7.16
 -21644.688    53.425     6.30    5.78
 -21358.696    54.359     3.26    4.35
 -21072.707    55.046     2.40    3.38
 -20786.724    54.740    -1.07    3.64
 -20500.745    53.338    -4.90    4.34
 -20214.771    51.896    -5.04    4.53
 -19928.802    50.074    -6.37    4.07
 -19642.837    49.215    -3.00    3.52
 -19356.877    48.920    -1.03    3.10
 -19070.921    49.117     0.69    3.26
 -18784.971    50.198     3.78    3.57
 -18499.025    51.026     2.90    3.63
 -18213.084    51.821     2.78    3.21
 -17927.147    51.903     0.29    3.39
 -17641.215    50.949    -3.34    3.90
 -17355.007    49.551    -4.89    4.19
 -17067.985    47.960    -5.54    4.36
 -16780.968    46.752    -4.21    4.12
 -16493.956    45.760    -3.46    4.11
 -16206.950    44.613    -4.00    3.99
 -15919.950    44.005    -2.12    3.91
 -15632.954    44.091     0.30    3.98
 -15345.965    44.431     1.19    4.03
 -15058.981    44.855     1.48    3.52
 -14772.002    45.201     1.21    2.83
 -14485.029    45.502     1.05    2.09
 -14198.061    45.812     1.08    1.71
 -13911.099    45.403    -1.43    2.00
 -13624.142    44.446    -3.34    3.31
 -13337.191    43.157    -4.49    4.76
 -13050.245    40.661    -8.70    6.07
 -12763.305    38.445    -7.72    6.42
 -12476.370    36.589    -6.47    5.74
 -12189.440    35.253    -4.66    4.62
 -11902.516    34.052    -4.19    3.54
 -11615.598    33.117    -3.26    3.55
 -11328.685    33.252     0.47    3.79
 -11041.778    34.131     3.06    4.40
 -10754.876    35.964     6.39    5.50
 -10467.979    38.214     7.84    6.00
 -10181.088    40.798     9.01    5.65
  -9894.203    42.617     6.34    4.79
  -9607.322    44.201     5.52    3.95
  -9320.448    44.963     2.66    3.78
  -9033.579    44.677    -1.00    4.34
  -8746.715    44.072    -2.11    4.99
  -8459.857    42.831    -4.33    5.75
  -8173.004    41.224    -5.60    6.86
  -7886.157    38.784    -8.51    7.36
  -7599.315    37.148    -5.70    6.91
  -7312.479    36.995    -0.53    6.83
  -7025.648    38.017     3.56    7.09
  -6738.822    39.559     5.38    7.17
  -6452.003    41.356     6.26    6.83
  -6165.188    43.967     9.10    6.00
  -5878.379    46.067     7.32    4.83
  -5591.576    46.844     2.71    4.75
  -5304.778    47.060     0.75    4.85
  -5017.985    47.180     0.42    4.64
  -4731.198    47.174    -0.02    4.25
  -4444.416    46.726    -1.56    4.32
  -4157.640    45.649    -3.76    4.52
  -3870.869    44.474    -4.10    4.40
  -3584.104    44.044    -1.50    4.24
  -3297.344    44.281     0.83    4.50
  -3010.590    44.765     1.69    4.50
  -2723.841    45.637     3.04    4.54
  -2437.098    46.419     2.73    4.20
  -2150.360    47.021     2.10    4.38
  -1863.627    47.517     1.73    4.94
  -1576.900    47.096    -1.47    5.96
  -1290.179    43.860   -11.29   12.09
  -1003.463    37.201   -23.22   19.15
   -716.752    28.396   -30.71   23.10
   -430.047    20.510   -27.51   22.95
   -143.347    12.328   -28.54   19.11
    143.347     5.784   -22.83   11.89
    430.036     2.758   -10.56    5.02
    716.719     3.688     3.25    5.32
   1003.397     5.031     4.68    5.50
   1290.070     5.694     2.31    5.06
   1576.736     5.793     0.35    4.67
   1863.398     5.481    -1.09    4.31
   2150.054     5.311    -0.59    4.12
   2436.705     5.446     0.47    3.74
   2723.350     5.446     0.00    3.00
   3009.989     5.593     0.51    2.73
   3296.624     5.588    -0.02    2.90
   3583.252     5.711     0.43    3.27
   3869.876     5.897     0.65    3.56
   4156.494     5.889    -0.03    3.87
   4443.106     4.999    -3.11    4.62
   4729.713     4.024    -3.40    4.90
   5016.314     3.202    -2.87    4.59
   5302.910     2.521    -2.38    4.17
   5589.501     2.621     0.35    4.02
   5876.086     3.402     2.73    4.19
   6162.666     4.395     3.47    4.17
   6449.240     5.523     3.93    4.00
   6735.809     6.654     3.95    3.43
   7022.372     7.016     1.26    3.00
   7308.930     6.594    -1.47    3.26
   7595.483     6.088    -1.77    3.42
   7882.030     5.384    -2.46    3.68
   8168.571     4.928    -1.59    3.59
   8455.107     4.552    -1.31    3.13
   8741.638     4.184    -1.29    3.01
   9028.163     4.204     0.07    3.15
   9314.683     4.362     0.55    3.20
   9601.197     4.369     0.02    3.09
   9887.706     4.143    -0.79    2.92
  10174.209     3.988    -0.54    2.58
  10460.707     3.621    -1.28    2.67
  10747.200     3.125    -1.73    2.73
  11033.687     2.425    -2.44    2.33
  11320.169     2.025    -1.40    2.06
  11606.645     1.445    -2.02    2.11
  11893.116     0.984    -1.61    2.17
  12179.581     0.875    -0.38    2.52
  12466.041     1.119     0.85    3.38
  12752.495     1.669     1.92    4.09
  13038.944     1.960     1.01    4.38
  13325.388     2.046     0.30    4.37
  13611.826     1.939    -0.37    3.99
  13898.259     1.668    -0.95    3.79
  14184.686     1.545    -0.43    3.61
  14471.108     1.157    -1.36    3.05
  14757.524     0.761    -1.38    2.84
  15043.935     0.537    -0.78    2.82
  15330.340     0.872     1.17    2.67
  15616.740     1.252     1.33    2.78
  15903.135     1.627     1.31    2.93
  16189.524     2.293     2.33    2.76
  16475.908     3.070     2.71    2.80
  16762.286     3.967     3.13    3.10
  17048.659     4.917     3.32    3.12
  17335.026     5.832     3.20    3.29
  17621.388     7.002     4.08    3.57
  17907.745     8.229     4.29    3.52
  18194.096     9.380     4.02    3.63
  18480.442    10.131     2.62    3.57
  18766.782    10.963     2.91    3.48
  19053.117    11.571     2.12    3.34
  19339.446    12.064     1.72    3.12
  19625.770    12.409     1.21    2.99
  19912.089    12.551     0.49    2.88
  20198.402    12.844     1.03    2.80
  20484.709    13.360     1.80    2.68
  20771.012    13.695     1.17    2.74
  21057.308    14.143     1.56    2.72
  21343.600    14.729     2.05    2.58
  21629.886    15.101     1.30    2.66
  21916.166    15.373     0.95    2.61
  22202.441    15.769     1.38    2.57
  22488.711    16.157     1.36    2.59
  22774.975    16.530     1.30    2.64
  23061.234    16.821     1.02    2.71
  23347.487    16.988     0.58    2.81
  23633.735    17.143     0.54    2.84
  23919.978    17.229     0.30    2.78
  24206.215    17.331     0.36    2.86
  24492.447    17.565     0.82    2.80
  24778.673    17.688     0.43    2.78
  25064.894    17.611    -0.27    2.94
  25351.109    17.576    -0.12    2.91
  25637.319    17.557    -0.07    3.09
  25923.524    17.531    -0.09    3.26
  26209.723    17.038    -1.72    3.45
  26495.917    16.649    -1.36    3.60
  26782.105    16.182    -1.63    3.59
  27068.288    15.439    -2.60    3.51
  27354.465    14.738    -2.45    3.31
  27640.637    14.006    -2.56    2.99
  27926.804    13.671    -1.17    3.15
  28212.965    13.215    -1.59    3.26
  28499.121    13.041    -0.61    3.35
  28785.271    12.895    -0.51    3.35
  29071.416    12.776    -0.42    3.30
  29357.555    12.523    -0.88    3.28
  29643.690    12.397    -0.44    3.28
  29929.818    12.215    -0.64    3.08
  30215.941    12.157    -0.20    3.05
  30502.059    12.030    -0.44    3.02
  30788.172    11.936    -0.33    2.97
  31074.279    11.839    -0.34    2.98
  31360.380    11.829    -0.04    3.01
  31646.476    11.654    -0.61    3.18
  31932.567    11.376    -0.97    3.08
  32218.653    11.196    -0.63    2.96
  32504.733    11.044    -0.53    3.10
  32790.807    11.038    -0.02    2.99
  33076.876    11.167     0.45    2.90
  33362.940    11.222     0.19    3.00
  33648.998    11.438     0.76    2.98
  33935.051    11.691     0.88    3.02
  34221.098    12.035     1.20    3.18
  34507.141    12.438     1.41    3.26
  34793.177    12.777     1.18    3.48
  35079.208    13.257     1.68    3.59
  35365.234    13.826     1.99    3.66
  35651.255    14.517     2.41    4.02
  35937.270    15.404     3.10    4.19
  36223.279    16.337     3.26    4.32
  36509.283    17.297     3.36    4.38
  36795.282    17.952     2.29    4.09
  37081.275    18.474     1.82    3.74
  37367.263    18.599     0.44    3.66
  37653.246    18.701     0.36    3.53
  37939.223    18.395    -1.07    3.34
  38225.195    18.210    -0.65    3.37
  38511.161    17.268    -3.29    3.88
  38797.122    15.995    -4.45    4.72
  39083.078    14.675    -4.62    5.10
  39369.028    13.754    -3.22    4.98
  39654.972    13.467    -1.01    4.93
  39940.912    13.791     1.13    4.90
  40226.846    14.537     2.61    5.11
  40512.774    16.101     5.47    5.14
  40798.697    18.027     6.74    4.92
  41084.615    20.877     9.97    6.25
  41370.527    24.383    12.26    7.94
  41656.434    27.623    11.33    8.30
  41942.336    30.974    11.72    8.39
  42228.232    33.760     9.74    7.54
  42514.123    36.324     8.97    5.41
  42800.008    37.902     5.52    3.53
  43085.888    38.215     1.09    3.33
  43371.762    37.884    -1.16    3.42
  43657.631    36.860    -3.58    3.95
  43943.495    35.446    -4.95    4.62
  44229.353    33.684    -6.16    5.81
  44515.615    31.396    -7.99    6.67
  44802.716    28.988    -8.39    7.13
  45089.811    26.352    -9.18    7.26
  45376.899    23.777    -8.97    6.86
  45663.981    22.334    -5.03    7.21
  45951.057    20.888    -5.04    7.40
  46238.127    19.121    -6.15    7.90
  46525.191    17.363    -6.12    7.63
  46812.248    15.446    -6.68    6.88
  47099.299    14.668    -2.71    6.23
  47386.344    15.300     2.20    7.10
  47673.383    18.059     9.61   10.06
  47960.415    21.515    12.04   12.50
  48247.442    25.467    13.77   13.51
  48534.462    30.301    16.84   12.73
  48821.476    33.654    11.68   11.23
  49108.484    36.925    11.39    8.47
  49395.485    39.021     7.30    5.72
  49682.480    39.884     3.01    4.04
  49969.470    40.145     0.91    2.94
  50256.453    40.202     0.20    2.46
  50543.429    40.662     1.60    2.50
  50830.400    42.057     4.86    4.54
  51117.364    44.946    10.07    7.94
  51404.322    48.411    12.08   10.41
  51691.274    52.875    15.56   11.38
  51978.220    57.191    15.04   10.72
  52265.160    61.133    13.74    8.17
  52552.093    63.632     8.71    5.42
  52839.020    64.970     4.66    4.01
  53125.941    64.654    -1.10    3.98
  53412.856    63.812    -2.93    4.01
  53699.765    62.412    -4.88    3.72
  53986.667    61.299    -3.88    3.37
  54273.563    60.560    -2.58    3.15
  54560.453    60.539    -0.07    3.78
  54847.337    61.594     3.68    5.58
  55134.215    63.784     7.63    7.82
  55421.086    67.430    12.71    9.57
  55707.951    71.260    13.35   10.24
  55994.810    75.222    13.81    9.13
  56281.663    78.733    12.24    6.78
  56568.510    80.805     7.22    5.23
  56855.350    81.589     2.73    5.10
  57142.185    80.821    -2.68    5.73
  57429.013    78.926    -6.61    7.15
  57715.835    76.256    -9.31    8.45
  58002.651    72.423   -13.37    9.03
  58289.460    69.327   -10.80    8.79
  58576.264    66.507    -9.83    7.56
  58863.061    64.518    -6.94    5.14
