-116423.656    -0.777     0.00    2.53
-116136.404    -1.028    -0.87    2.51
-115849.144    -0.988     0.14    2.55
-115561.876    -0.613     1.31    3.10
-115274.599    -0.036     2.01    3.51
-114987.315     0.439     1.65    3.47
-114700.022     0.588     0.52    3.42
-114412.720     0.457    -0.45    3.45
-114125.411    -0.038    -1.72    3.52
-113838.326    -1.181    -3.98    3.15
-113552.680    -1.916    -2.57    2.68
-113267.026    -2.498    -2.04    1.93
-112981.364    -2.483     0.05    2.36
-112695.696    -2.601    -0.41    2.60
-112410.020    -2.761    -0.56    2.61
-112124.336    -3.219    -1.60    2.02
-111838.646    -3.526    -1.08    1.79
-111552.948    -3.924    -1.39    1.52
-111267.242    -4.233    -1.08    1.27
-110981.530    -4.333    -0.35    1.27
-110695.810    -4.515    -0.64    1.06
-110410.082    -4.701    -0.65    0.90
-110124.347    -4.856    -0.54    0.57
-109838.605    -4.916    -0.21    0.43
-109552.856    -4.972    -0.20    0.00
-109267.099    -4.885     0.30    0.28
-108981.335    -4.741     0.51    0.42
-108695.563    -4.630     0.39    0.61
-108409.785    -4.544     0.30    1.11
-108123.998    -4.461     0.29    1.34
-107838.205    -4.170     1.02    1.54
-107552.404    -3.542     2.20    2.96
-107266.596    -2.697     2.96    4.82
-106980.780    -2.009     2.41    5.82
-106694.957    -0.112     6.63    8.26
-106409.127     0.659     2.70    8.47
-106123.289     1.403     2.60    9.14
-105837.444     2.728     4.64   10.40
-105551.592     3.559     2.91   11.16
-105265.732     3.817     0.90   11.02
-104979.865     3.093    -2.53   10.32
-104693.991     3.007    -0.30    9.91
-104408.109     3.077     0.25   10.18
-104122.220     3.759     2.39   11.51
-103836.323     6.020     7.91   14.19
-103550.419     9.370    11.72   17.70
-103264.508    11.371     7.00   19.29
-102978.590    11.969     2.09   19.99
-102692.664    14.219     7.87   21.59
-102406.730    15.756     5.37   22.75
-102120.790    15.549    -0.72   23.07
-101834.841    15.563     0.05   23.89
-101548.886    14.028    -5.37   23.16
-101262.923    12.728    -4.54   21.68
-100976.953    10.035    -9.42   19.24
-100690.976     8.916    -3.91   17.83
-100404.991     7.935    -3.43   16.10
-100118.998     6.426    -5.27   14.41
 -99832.999     7.524     3.84   15.28
 -99546.992     7.978     1.59   14.76
 -99260.977     9.172     4.18   14.92
 -98974.955    12.898    13.03   19.35
 -98688.926    18.720    20.35   24.50
 -98402.890    27.207    29.67   28.63
 -98116.846    32.520    18.57   30.03
 -97830.795    35.860    11.67   30.82
 -97544.736    36.588     2.55   31.95
 -97258.670    34.071    -8.80   31.60
 -96972.597    28.603   -19.11   30.89
 -96686.516    21.262   -25.66   27.65
 -96400.428    13.354   -27.64   21.31
 -96114.332     7.071   -21.96   15.02
 -95828.229     4.014   -10.69   10.09
 -95542.119     4.184     0.59    9.42
 -95256.001     7.535    11.71   14.84
 -94969.876    14.169    23.19   20.94
 -94683.744    24.013    34.40   26.32
 -94397.604    35.636    40.62   29.58
 -94111.456    47.969    43.10   31.64
 -93825.302    62.140    49.52   35.59
 -93539.140    73.654    40.24   35.29
 -93252.970    84.325    37.29   32.78
 -92966.794    92.396    28.20   30.35
 -92680.609    99.260    23.98   24.95
 -92394.418   103.225    13.85   18.80
 -92108.219   102.513    -2.49   14.57
 -91822.013   101.394    -3.91   10.40
 -91535.799   101.957     1.97   10.18
 -91249.578   102.803     2.95   12.19
 -90963.349   102.452    -1.23   14.69
 -90677.113   100.917    -5.36   16.39
 -90390.870    97.230   -12.88   17.42
 -90104.619    92.867   -15.24   17.28
 -89818.361    86.399   -22.59   14.65
 -89532.096    81.659   -16.56   13.01
 -89245.823    80.137    -5.32   12.86
 -88959.542    81.352     4.24   14.76
 -88673.255    84.579    11.27   16.67
 -88386.960    87.796    11.23   16.29
 -88100.657    90.281     8.68   15.87
 -87814.347    96.295    21.00   15.44
 -87528.030   101.392    17.80   13.81
 -87241.705   105.553    14.53   11.99
 -86955.373   108.070     8.79   11.36
 -86669.033   110.182     7.38    9.42
 -86382.686   111.288     3.86    7.00
 -86096.332   111.258    -0.11    4.82
 -85809.970   109.867    -4.86    5.53
 -85523.601   107.495    -8.28    6.90
 -85237.225   105.807    -5.89    7.62
 -84950.841   104.809    -3.48    8.11
 -84664.449   104.866     0.20    8.16
 -84378.050   105.233     1.28    8.05
 -84091.644   105.478     0.85    7.62
 -83805.231   106.188     2.48    7.10
 -83518.809   106.977     2.75    6.16
 -83232.381   107.252     0.96    4.77
 -82945.945   106.753    -1.74    5.05
 -82659.502   105.675    -3.76    5.03
 -82373.051   104.998    -2.36    4.50
 -82086.593   104.914    -0.29    4.30
 -81800.127   105.408     1.72    4.69
 -81513.655   106.615     4.21    6.11
 -81227.174   107.955     4.68    6.96
 -80940.686   110.352     8.37    7.46
 -80654.191   111.229     3.06    7.18
 -80367.688   110.941    -1.00    7.36
 -80081.178   109.779    -4.06    7.63
 -79794.661   107.392    -8.33    8.63
 -79508.136   104.867    -8.81    9.12
 -79221.604   102.852    -7.03    8.84
 -78935.064   101.694    -4.04    8.48
 -78648.517   100.433    -4.40    7.57
 -78361.962    99.346    -3.79    7.10
 -78075.400    99.377     0.11    7.15
 -77788.831    99.389     0.04    6.84
 -77502.254   100.553     4.06    6.43
 -77215.669   101.767     4.24    5.98
 -76929.078   102.737     3.38    5.65
 -76642.478   103.609     3.04    4.55
 -76355.872   104.366     2.64    3.34
 -76069.258   105.513     4.00    2.77
 -75782.636   106.430     3.20    3.35
 -75496.007   107.817     4.84    4.09
 -75209.371   108.462     2.25    4.18
 -74922.727   108.588     0.44    4.21
 -74636.076   108.812     0.78    4.51
 -74349.417   108.728    -0.29    4.73
 -74062.751   107.563    -4.07    5.06
 -73776.077   106.253    -4.57    5.67
 -73489.396   104.955    -4.53    6.34
 -73202.708   103.215    -6.07    7.53
 -72916.012   101.366    -6.45    8.14
 -72629.309    99.542    -6.36    8.42
 -72342.598    97.354    -7.63    8.68
 -72055.880    94.595    -9.62    9.33
 -71769.154    93.380    -4.24    8.47
 -71482.421    93.546     0.58    6.61
 -71195.681    92.642    -3.15    5.59
 -70908.933    91.749    -3.11    5.06
 -70622.177    90.107    -5.72    5.60
 -70335.414    87.711    -8.36    7.09
 -70048.644    84.006   -12.92    8.67
 -69761.866    78.921   -17.73   10.84
 -69475.081    73.498   -18.91   12.93
 -69188.288    67.460   -21.05   14.62
 -68901.488    62.316   -17.94   14.21
 -68614.681    58.977   -11.64   12.86
 -68327.866    57.941    -3.61   13.06
 -68041.043    58.123     0.64   14.30
 -67754.213    57.426    -2.43   15.85
 -67467.376    55.574    -6.46   18.03
 -67180.531    54.219    -4.72   19.13
 -66893.678    52.870    -4.70   18.49
 -66606.819    52.622    -0.87   17.03
 -66319.951    52.593    -0.10   17.01
 -66033.077    55.356     9.63   18.16
 -65746.195    62.262    24.07   20.66
 -65459.305    71.100    30.81   21.73
 -65172.408    79.401    28.93   18.72
 -64885.503    87.232    27.29   12.79
 -64598.591    92.094    16.95    7.54
 -64311.672    93.774     5.86    4.80
 -64024.745    93.935     0.56    4.51
 -63737.811    93.099    -2.91    4.22
 -63450.869    92.113    -3.44    3.63
 -63163.919    90.619    -5.21    3.60
 -62876.963    88.580    -7.11    4.59
 -62589.998    88.368    -0.74    5.64
 -62303.027    89.212     2.94    7.11
 -62016.047    89.971     2.65    8.21
 -61729.061    91.517     5.38    7.66
 -61442.067    92.390     3.04    7.51
 -61155.065    93.538     4.00    6.72
 -60868.056    94.230     2.41    7.10
 -60581.039    94.107    -0.43    7.97
 -60294.015    93.963    -0.50    8.63
 -60006.984    94.728     2.67    9.24
 -59719.945    96.288     5.44    8.82
 -59432.898    97.622     4.64    7.38
 -59145.844    99.049     4.97    5.99
 -58858.783    99.680     2.20    5.37
 -58571.714   100.072     1.36    4.26
 -58284.638    99.422    -2.26    4.02
 -57997.554    98.485    -3.26    4.28
 -57710.463    97.201    -4.47    4.89
 -57423.364    94.491    -9.44    6.61
 -57136.257    90.102   -15.29    9.66
 -56849.144    85.928   -14.54   11.51
 -56562.022    82.265   -12.76   12.98
 -56274.894    79.077   -11.10   13.88
 -55987.757    75.928   -10.96   14.62
 -55700.614    73.433    -8.69   14.86
 -55413.462    72.245    -4.14   14.76
 -55126.304    70.337    -6.64   14.51
 -54839.137    67.970    -8.24   13.50
 -54551.964    65.491    -8.63   13.17
 -54264.783    61.272   -14.69   13.46
 -53977.594    55.464   -20.22   15.25
 -53690.398    50.186   -18.38   13.92
 -53403.194    47.531    -9.24   13.83
 -53115.983    46.694    -2.91   15.30
 -52828.764    48.363     5.81   17.61
 -52541.538    50.911     8.87   18.35
 -52254.305    57.063    21.42   19.23
 -51967.383    64.380    25.50   17.72
 -51681.664    69.752    18.80   16.47
 -51395.938    72.394     9.25   15.71
 -51110.206    75.706    11.59   16.58
 -50824.467    78.309     9.11   15.84
 -50538.722    79.375     3.73   14.42
 -50252.970    77.637    -6.08   13.81
 -49967.211    74.746   -10.12   11.69
 -49681.446    73.249    -5.24    9.60
 -49395.674    70.962    -8.00    9.69
 -49109.895    67.882   -10.78   10.70
 -48824.110    66.041    -6.44   11.75
 -48538.318    64.999    -3.65   13.56
 -48252.519    64.201    -2.79   14.46
 -47966.714    64.260     0.20   14.62
 -47680.902    63.978    -0.99   14.47
 -47395.083    62.337    -5.74   14.42
 -47109.258    61.207    -3.95   14.33
 -46823.426    60.601    -2.12   14.36
 -46537.588    59.084    -5.31   14.51
 -46251.743    57.854    -4.30   14.44
 -45965.891    57.107    -2.61   14.16
 -45680.032    57.354     0.86   14.22
 -45394.167    58.230     3.07   13.66
 -45108.295    59.128     3.14   11.29
 -44822.417    57.906    -4.28   10.89
 -44536.532    55.375    -8.85   12.38
 -44250.640    50.091   -18.48   15.03
 -43964.742    43.535   -22.93   17.53
 -43678.837    38.232   -18.55   17.39
 -43392.925    36.965    -4.43   17.11
 -43107.006    36.330    -2.22   18.33
 -42821.081    36.919     2.06   20.01
 -42535.150    39.168     7.87   21.62
 -42249.211    42.720    12.42   23.38
 -41963.266    47.332    16.13   21.94
 -41677.314    52.187    16.98   19.34
 -41391.356    55.323    10.97   15.26
 -41105.391    58.552    11.29    9.37
 -40819.419    59.728     4.11    8.10
 -40533.441    59.251    -1.67    8.63
 -40247.456    55.862   -11.85   11.06
 -39961.464    52.923   -10.28   13.29
 -39675.466    49.078   -13.44   15.74
 -39389.461    44.861   -14.75   17.21
 -39103.449    38.202   -23.28   17.86
 -38817.431    31.260   -24.27   17.09
 -38531.406    24.940   -22.10   15.42
 -38245.374    20.215   -16.52   13.60
 -37959.336    16.846   -11.78   10.69
 -37673.291    14.184    -9.31    8.86
 -37387.239    13.861    -1.13   10.97
 -37101.180    14.808     3.31   14.02
 -36815.115    16.409     5.60   15.89
 -36529.044    19.294    10.09   17.86
 -36242.965    23.785    15.70   20.15
 -35956.880    29.594    20.31   21.97
 -35670.788    35.524    20.73   21.82
 -35384.690    42.056    22.83   20.92
 -35098.585    49.817    27.13   17.04
 -34812.473    56.118    22.02   13.47
 -34526.354    60.816    16.42    8.47
 -34240.229    62.296     5.17    7.37
 -33954.097    61.875    -1.47    8.88
 -33667.959    61.048    -2.89   10.36
 -33381.814    59.274    -6.20   11.12
 -33095.662    58.820    -1.59    9.82
 -32809.503    58.999     0.62    8.98
 -32523.338    60.049     3.67    8.21
 -32237.166    59.656    -1.37    8.04
 -31950.987    59.230    -1.49    7.40
 -31664.802    60.177     3.31    5.78
 -31378.610    59.936    -0.84    4.79
 -31092.411    59.663    -0.95    3.45
 -30806.206    59.325    -1.18    3.18
 -30519.994    59.192    -0.46    2.84
 -30233.775    59.262     0.25    2.88
 -29947.550    58.817    -1.55    3.27
 -29661.318    58.201    -2.15    3.82
 -29375.079    57.098    -3.86    4.69
 -29088.833    56.685    -1.44    4.74
 -28802.581    56.366    -1.11    4.73
 -28516.322    54.745    -5.66    5.62
 -28230.057    52.802    -6.79    6.27
 -27943.785    51.344    -5.09    6.74
 -27657.506    50.723    -2.17    6.98
 -27371.220    49.941    -2.73    6.89
 -27084.928    48.343    -5.58    7.35
 -26798.629    47.587    -2.64    7.93
 -26512.323    47.578    -0.03    8.30
 -26226.010    47.028    -1.92    8.58
 -25939.691    45.378    -5.76    8.35
 -25653.365    43.528    -6.46    7.35
 -25367.033    40.861    -9.31    7.69
 -25080.694    39.175    -5.89    7.60
 -24794.348    38.762    -1.44    7.74
 -24507.995    39.868     3.86    8.03
 -24221.636    41.013     4.00    8.14
 -23935.270    41.549     1.87    8.05
 -23648.897    42.514     3.37    7.21
 -23362.518    43.600     3.79    6.66
 -23076.132    42.646    -3.33    6.64
 -22789.739    41.198    -5.06    6.29
 -22503.339    40.309    -3.10    6.21
 -22216.933    39.267    -3.64    6.47
 -21930.520    37.883    -4.83    6.78
 -21644.101    35.562    -8.10    7.01
 -21357.674    33.825    -6.07    6.65
 -21071.241    32.238    -5.54    6.51
 -20784.801    30.306    -6.74    5.58
 -20498.355    28.618    -5.89    4.72
 -20211.902    26.753    -6.51    4.43
 -19925.442    24.835    -6.70    4.49
 -19638.975    22.964    -6.53    4.50
 -19352.502    21.330    -5.70    4.20
 -19066.022    20.243    -3.79    3.51
 -18779.535    19.330    -3.19    2.85
 -18493.042    19.104    -0.79    2.80
 -18206.542    19.462     1.25    2.61
 -17920.035    19.767     1.06    2.56
 -17633.521    19.861     0.33    2.72
 -17347.001    19.678    -0.64    2.72
 -17060.474    19.349    -1.15    2.77
 -16773.940    19.107    -0.85    2.74
 -16487.400    18.578    -1.84    2.81
 -16200.853    18.663     0.30    2.95
 -15914.299    19.020     1.25    3.48
 -15627.738    19.144     0.43    3.71
 -15341.171    19.359     0.75    3.96
 -15054.597    20.125     2.68    4.16
 -14768.016    20.937     2.83    3.78
 -14481.428    21.466     1.85    3.41
 -14194.834    21.885     1.46    3.32
 -13908.233    22.706     2.86    3.50
 -13621.626    23.396     2.41    3.48
 -13335.011    24.179     2.73    3.48
 -13048.390    24.880     2.45    3.71
 -12761.762    25.592     2.48    3.67
 -12475.128    26.383     2.76    3.85
 -12188.487    26.904     1.82    3.59
 -11901.839    27.335     1.50    3.07
 -11615.184    27.521     0.65    2.55
 -11328.522    28.013     1.72    2.36
 -11041.854    28.462     1.57    2.43
 -10755.179    28.789     1.14    2.14
 -10468.498    28.830     0.14    1.99
 -10181.809    28.733    -0.34    2.04
  -9895.114    28.733     0.00    2.14
  -9608.412    28.795     0.22    2.19
  -9321.704    28.786    -0.03    2.28
  -9034.989    28.774    -0.04    2.29
  -8748.267    28.971     0.69    2.64
  -8461.538    29.405     1.51    3.51
  -8174.802    30.262     2.99    4.61
  -7888.060    31.646     4.83    5.48
  -7601.311    32.818     4.09    5.35
  -7314.555    33.721     3.15    5.00
  -7027.793    34.919     4.18    4.66
  -6741.024    35.361     1.54    4.62
  -6454.248    35.105    -0.89    4.83
  -6167.465    34.111    -3.46    4.45
  -5880.676    32.819    -4.51    3.73
  -5593.880    31.653    -4.06    3.75
  -5307.077    30.142    -5.27    2.91
  -5020.267    29.000    -3.98    2.91
  -4733.451    27.754    -4.34    3.48
  -4446.628    26.344    -4.92    3.57
  -4159.798    24.462    -6.56    3.89
  -3872.961    23.028    -5.00    4.12
  -3586.118    22.272    -2.63    4.09
  -3299.268    21.680    -2.06    4.12
  -3012.411    21.000    -2.37    4.10
  -2725.548    20.113    -3.09    3.91
  -2438.677    19.085    -3.58    4.13
  -2151.800    18.219    -3.02    4.52
  -1864.916    16.956    -4.40    5.33
  -1578.026    14.839    -7.38    6.69
  -1291.129    11.977    -9.98    7.36
  -1004.224     9.097   -10.04    7.29
   -717.314     6.118   -10.38    6.78
   -430.396     4.194    -6.71    6.11
   -143.472     2.404    -6.24    4.85
    143.459     1.776    -2.19    4.27
    430.397     0.887    -3.10    2.99
    717.342     0.428    -1.60    1.87
   1004.293     0.337    -0.32    1.84
   1291.251     0.204    -0.46    1.84
   1578.216     0.063    -0.49    1.85
   1865.187    -0.096    -0.55    1.92
   2152.166     0.389     1.69    3.21
   2439.151     0.776     1.35    3.55
   2726.143     1.113     1.17    3.52
   3013.141     1.294     0.63    3.33
   3300.147     1.354     0.21    3.18
   3587.159     1.327    -0.09    3.00
   3874.178     1.172    -0.54    2.82
   4161.203     0.448    -2.52    0.85
   4448.236     0.366    -0.29    1.03
   4735.275     0.373     0.02    1.04
   5022.321     0.390     0.06    1.05
   5309.374     0.455     0.23    1.09
   5596.433     0.435    -0.07    1.08
   5883.499     0.330    -0.36    0.94
   6170.572     0.258    -0.25    0.59
   6457.652     0.281     0.08    0.62
   6744.739     0.286     0.02    0.61
   7031.832     0.349     0.22    0.68
   7318.932     0.459     0.38    0.88
   7606.039     0.616     0.55    1.17
   7893.153     0.692     0.26    1.22
   8180.273     0.928     0.82    1.40
   8467.400     1.114     0.65    1.69
   8754.534     1.202     0.31    1.83
   9041.675     1.105    -0.34    1.81
   9328.822     0.819    -1.00    1.55
   9615.976     0.984     0.58    1.49
   9902.761     1.173     0.66    1.61
  10188.556     1.412     0.84    1.88
  10474.357     1.797     1.35    1.92
  10760.164     2.270     1.66    2.01
  11045.977     2.930     2.31    2.30
  11331.796     3.630     2.45    2.70
  11617.621     4.513     3.09    2.93
  11903.451     5.578     3.73    2.97
  12189.288     6.084     1.77    2.78
  12475.131     6.244     0.56    2.57
  12760.979     6.211    -0.12    2.76
  13046.834     6.397     0.65    2.99
  13332.694     5.826    -2.00    3.01
  13618.561     4.978    -2.97    2.92
  13904.433     4.328    -2.27    2.97
  14190.311     3.817    -1.79    2.99
  14476.196     3.776    -0.15    3.05
  14762.086     3.867     0.32    3.28
  15047.982     4.548     2.38    4.54
  15333.884     5.238     2.41    5.37
  15619.792     5.375     0.48    5.39
  15905.706     5.755     1.33    5.39
  16191.626     5.528    -0.79    5.22
  16477.552     4.943    -2.04    4.95
  16763.484     4.835    -0.38    4.31
  17049.422     4.663    -0.60    3.42
  17335.366     4.545    -0.41    3.36
  17621.316     4.285    -0.91    3.28
  17907.271     4.607     1.13    3.45
  18193.233     5.187     2.03    3.44
  18479.201     6.056     3.04    3.66
  18765.174     6.671     2.15    3.59
  19051.154     7.488     2.86    3.47
  19337.140     8.542     3.69    2.91
  19623.131     9.124     2.04    2.97
  19909.128     9.966     2.94    3.59
  20195.132    10.769     2.80    3.93
  20481.141    11.740     3.40    4.53
  20767.157    12.690     3.32    4.63
  21053.178    13.181     1.72    4.65
  21339.205    13.288     0.37    4.49
  21625.238    13.006    -0.99    4.29
  21911.278    12.785    -0.77    4.17
  22197.323    12.866     0.28    3.94
  22483.374    13.188     1.13    4.16
  22769.431    13.956     2.68    4.50
  23055.494    15.143     4.15    4.94
  23341.563    16.500     4.74    4.84
  23627.638    17.267     2.68    4.63
  23913.719    17.651     1.34    4.37
  24199.806    18.013     1.27    4.08
  24485.899    18.042     0.10    3.76
  24771.998    18.007    -0.12    3.12
  25058.103    18.233     0.79    2.59
  25344.214    18.985     2.63    2.89
  25630.330    19.950     3.37    3.19
  25916.453    20.730     2.72    3.32
  26202.582    21.467     2.58    3.21
  26488.717    22.128     2.31    3.59
  26774.857    22.942     2.84    4.18
  27061.004    23.524     2.03    4.44
  27347.157    24.615     3.81    4.55
  27633.315    25.890     4.46    4.62
  27919.480    27.723     6.41    5.20
  28205.650    29.655     6.75    6.76
  28491.827    31.531     6.55    7.37
  28778.009    34.538    10.51    6.84
  29064.198    37.049     8.77    6.39
  29350.392    38.804     6.13    5.18
  29636.593    40.070     4.42    4.68
  29922.799    40.778     2.47    4.53
  30209.011    41.383     2.11    4.59
  30495.230    42.056     2.35    4.97
  30781.454    42.384     1.15    5.79
  31067.684    42.852     1.63    6.60
  31353.921    43.385     1.86    7.06
  31640.163    44.826     5.04    7.23
  31926.411    46.466     5.73    7.53
  32212.666    48.741     7.95    7.58
  32498.926    51.238     8.72    7.65
  32785.192    54.216    10.40    7.29
  33071.464    56.632     8.44    6.70
  33357.742    58.653     7.06    6.21
  33644.027    60.265     5.63    6.55
  33930.317    62.637     8.29    7.61
  34216.613    65.972    11.65    9.41
  34502.915    70.415    15.52   11.03
  34789.223    75.285    17.01   12.61
  35075.537    81.078    20.24   13.55
  35361.857    87.929    23.93   13.77
  35648.183    94.839    24.13   13.59
  35934.516   101.545    23.42   13.74
  36220.854   107.313    20.14   12.77
  36507.198   112.100    16.72   11.01
  36793.548   115.443    11.67    8.30
  37079.904   117.372     6.74    5.51
  37366.266   117.296    -0.27    4.59
  37652.634   115.416    -6.56    5.42
  37939.008   112.657    -9.63    6.43
  38225.388   109.077   -12.50    6.76
  38511.774   105.243   -13.39    6.85
  38798.166   102.035   -11.20    6.59
  39084.564    98.908   -10.92    5.95
  39370.968    96.366    -8.88    4.84
  39657.378    94.342    -7.07    4.20
  39943.794    92.948    -4.87    3.82
  40230.216    91.850    -3.83    3.59
  40516.643    91.153    -2.44    3.77
  40803.077    90.790    -1.27    3.67
  41089.517    90.445    -1.20    3.65
  41375.963    90.020    -1.48    3.83
  41662.415    89.708    -1.09    4.16
  41948.873    88.708    -3.49    4.29
  42235.337    87.904    -2.81    4.31
  42521.807    87.632    -0.95    4.46
  42808.283    87.590    -0.15    4.73
  43094.765    88.104     1.80    5.13
  43381.253    89.100     3.48    5.18
  43667.747    89.984     3.09    5.27
  43954.247    90.935     3.32    5.27
  44240.753    92.063     3.94    4.90
  44527.265    93.049     3.44    4.31
  44813.783    93.692     2.24    4.93
  45100.307    93.612    -0.28    6.17
  45386.837    93.423    -0.66    6.73
  45673.372    93.412    -0.04    6.60
  45959.914    92.992    -1.47    6.22
  46246.462    92.413    -2.02    5.64
  46533.016    90.973    -5.03    5.34
  46819.576    89.368    -5.60    5.17
  47106.142    87.035    -8.14    5.07
  47392.714    84.790    -7.83    5.93
  47679.292    81.657   -10.93    7.02
  47965.876    78.482   -11.08    8.02
  48252.467    74.833   -12.73    8.75
  48539.063    71.905   -10.22    7.99
  48825.665    69.748    -7.53    6.45
  49112.273    68.524    -4.27    5.83
  49398.887    69.356     2.90    6.54
  49685.507    70.862     5.25    7.26
  49972.133    73.218     8.22    7.43
  50258.765    75.790     8.97    6.71
  50545.403    77.937     7.49    6.40
  50832.047    79.833     6.62    6.56
  51118.698    82.456     9.15    6.55
  51405.354    84.749     8.00    5.56
  51692.016    86.131     4.82    4.59
  51978.684    86.310     0.62    5.03
  52265.358    84.769    -5.38    6.64
  52552.039    83.000    -6.17    7.33
  52838.725    80.889    -7.36    7.86
  53125.417    79.092    -6.27    8.30
  53412.115    78.471    -2.17    8.79
  53698.820    78.321    -0.52    9.74
  53985.530    79.290     3.38   10.18
  54272.246    81.252     6.84    9.97
  54558.969    83.344     7.30    9.22
  54845.697    84.359     3.54    9.49
  55132.432    85.028     2.33    9.96
  55419.172    85.035     0.02    9.60
  55705.918    83.635    -4.88    9.68
  55992.671    81.113    -8.80   10.62
  56279.429    77.381   -13.01   11.42
  56566.194    72.692   -16.35   11.48
  56852.964    68.129   -15.91   10.81
  57139.741    63.977   -14.48    9.37
  57426.524    59.783   -14.63    9.09
  57713.312    58.160    -5.66    9.16
  58000.107    55.617    -8.86    9.59
  58286.908    53.363    -7.86   11.24
  58573.714    49.314   -14.12   13.66
  58860.527    44.340   -17.34   14.40
  59147.346    39.323   -17.49   13.47
  59434.171    35.607   -12.95   13.21
  59721.001    31.942   -12.78   11.00
  60007.838    29.902    -7.11    8.91
  60294.681    28.822    -3.76    7.47
  60581.530    29.220     1.39    8.28
  60868.385    31.269     7.14   10.77
  61155.246    33.531     7.89   12.65
  61442.113    34.965     5.00   12.78
  61728.986    36.788     6.36   12.34
  62015.865    38.984     7.65   12.43
  62302.750    42.735    13.07   12.78
  62589.641    45.690    10.30   12.66
  62876.539    50.100    15.37   12.37
  63163.442    53.675    12.46   11.79
  63450.351    56.035     8.22   11.56
  63737.266    56.035    -0.00   13.38
  64024.188    54.790    -4.34   14.24
  64311.115    51.699   -10.77   14.76
  64598.048    49.753    -6.78   14.45
  64884.988    48.063    -5.89   13.37
  65171.933    48.249     0.65   11.57
  65458.885    49.738     5.19   10.52
  65745.842    51.978     7.81    9.43
  66032.806    54.265     7.97    8.36
  66319.776    56.559     7.99    7.85
  66606.751    58.613     7.16    6.44
  66893.733    59.790     4.10    5.57
  67180.721    60.789     3.48    4.58
  67467.715    60.764    -0.09    4.14
  67754.714    59.745    -3.55    5.29
  68041.720    57.644    -7.32    6.68
  68328.732    55.179    -8.59    6.71
  68615.750    53.048    -7.43    6.36
  68902.774    52.387    -2.30    5.66
  69189.804    52.885     1.73    6.08
  69476.840    54.625     6.06    6.94
  69763.882    57.405     9.69    6.03
  70050.931    59.478     7.22    4.59
  70337.985    60.781     4.54    3.40
  70625.045    61.084     1.05    3.37
  70912.112    60.804    -0.98    3.92
  71199.184    59.957    -2.95    4.15
  71486.262    59.308    -2.26    3.71
  71772.929    58.822    -1.69    3.74
  72058.799    58.280    -1.90    3.57
