# NaN NaN NaN ;Mean Elev.(m), Avg Gradient(m/km), RMS Gradient(m/km) - SRTM1     
#   19.978  -3.716   7.888 ;Mean Elev.(m), Avg Gradient(m/km), RMS Gradient(m/km) - ASTER GDEM
#   30.631  -0.552   7.609 ;Mean Elev.(m), Avg Gradient(m/km), RMS Gradient(m/km) - GMTED2010 
   1    24.604 54667.37043501 37.78  55.170232  66.118906 17.935 -100.00 -100.00 -100.00
   1    23.697 54667.37043560 39.77  55.176703  66.119037   -100 -100.00 -100.00 -100.00
   1    23.779 54667.37043619 38.51  55.183174  66.119168 32.000 -100.00 -100.00 -100.00
   2    28.024 54677.28607973 25.04  55.173230  66.119906 19.852 -100.00 -100.00 -100.00
   2    28.186 54677.28608032 28.61  55.179702  66.120037 28.886 -100.00 -100.00 -100.00
   3     2.107 54687.20172282  7.31  55.172622  66.121633  2.873 -100.00 -100.00 -100.00
   3     2.898 54687.20172341  7.89  55.179094  66.121764  2.773 -100.00 -100.00 -100.00
   4    74.517 54697.11736437  9.57  55.174879  66.122746 11.948 -100.00 -100.00 -100.00
   4    78.742 54697.11736496  5.30  55.181351  66.122877  6.661 -100.00 -100.00 -100.00
   5     8.018 54707.03300508 11.73  55.172216  66.121796  3.699 -100.00 -100.00 -100.00
   5     8.797 54707.03300567 11.71  55.178688  66.121927  3.300 -100.00 -100.00 -100.00
   6    73.519 54716.94865734  4.59  55.175062  66.119499  4.153 -100.00 -100.00 -100.00
   6    71.856 54716.94865793  4.80  55.181532  66.119631  5.286 -100.00 -100.00 -100.00
   7     6.527 54726.86430670 21.85  55.173666  66.117088 17.670 -100.00 -100.00 -100.00
   7     6.427 54726.86430729 26.91  55.180136  66.117220 27.487 -100.00 -100.00 -100.00
   8    73.151 54736.77995421 16.66  55.170271  66.116483 14.309 -100.00 -100.00 -100.00
   8    73.105 54736.77995480 20.89  55.176741  66.116614 16.541 -100.00 -100.00 -100.00
   8    74.568 54736.77995539  5.47  55.183211  66.116745  4.843 -100.00 -100.00 -100.00
   9    28.295 54746.69560195 23.71  55.174915  66.118003  8.227 -100.00 -100.00 -100.00
   9    28.616 54746.69560255 23.90  55.181386  66.118134  8.887 -100.00 -100.00 -100.00
  10    25.710 54756.61124858 37.02  55.171925  66.119520 23.038 -100.00 -100.00 -100.00
  10    25.380 54756.61124917 40.69  55.178397  66.119651   -100 -100.00 -100.00 -100.00
  11    27.987 54766.52689355 22.36  55.170360  66.119480  9.106 -100.00 -100.00 -100.00
  11    28.407 54766.52689414 22.86  55.176832  66.119611 10.075 -100.00 -100.00 -100.00
  11    28.902 54766.52689473 26.11  55.183304  66.119742 15.797 -100.00 -100.00 -100.00
  12    27.041 54776.44253549 35.91  55.170208  66.117592 24.619 -100.00 -100.00 -100.00
  12    26.314 54776.44253608 39.60  55.176679  66.117723   -100 -100.00 -100.00 -100.00
  12    28.247 54776.44253667 34.25  55.183150  66.117854 25.906 -100.00 -100.00 -100.00
  13    23.917 54786.35817496 29.71  55.169552  66.115712 24.365 -100.00 -100.00 -100.00
  13    27.679 54786.35817555 27.74  55.176023  66.115843 15.454 -100.00 -100.00 -100.00
  13    28.122 54786.35817614 29.56  55.182493  66.115974 19.198 -100.00 -100.00 -100.00
  14    23.628 54796.27381365 36.57  55.173535  66.115684   -100 -100.00 -100.00 -100.00
  14    24.039 54796.27381424 39.78  55.180006  66.115815 30.465 -100.00 -100.00 -100.00
  15    24.773 54806.18945134 30.61  55.171294  66.117568 28.602 -100.00 -100.00 -100.00
  15    24.772 54806.18945194 32.25  55.177765  66.117699 30.746 -100.00 -100.00 -100.00
  16    27.896 54816.10508874 22.64  55.172358  66.119459 10.790 -100.00 -100.00 -100.00
  16    27.854 54816.10508933 26.95  55.178830  66.119590 16.650 -100.00 -100.00 -100.00
  17    27.688 54826.02073632 19.18  55.172474  66.120255  5.866 -100.00 -100.00 -100.00
  17    28.005 54826.02073691 21.03  55.178945  66.120386  8.560 -100.00 -100.00 -100.00
  19    75.317 54845.85202540  0.63  55.173645  66.119697  2.423 -100.00 -100.00 -100.00
  19    74.952 54845.85202599  0.19  55.180116  66.119828  2.407 -100.00 -100.00 -100.00
  20    73.416 54855.76767454  1.48  55.175809  66.120440  2.475 -100.00 -100.00 -100.00
  20    74.213 54855.76767513  1.57  55.182280  66.120571  2.607 -100.00 -100.00 -100.00
  21    74.139 54865.68332325  1.35  55.173925  66.121781  2.500 -100.00 -100.00 -100.00
  21    73.869 54865.68332384  1.47  55.180397  66.121912  3.029 -100.00 -100.00 -100.00
  22    74.494 54875.59897144  2.58  55.171222  66.122129  2.850 -100.00 -100.00 -100.00
  22    72.490 54875.59897203  2.58  55.177694  66.122260  3.178 -100.00 -100.00 -100.00
  22    73.622 54875.59897262  2.21  55.184167  66.122391  2.972 -100.00 -100.00 -100.00
  23    74.351 54885.51461730  2.10  55.174153  66.121267  3.080 -100.00 -100.00 -100.00
  23    74.018 54885.51461789  2.07  55.180625  66.121398  3.454 -100.00 -100.00 -100.00
  24    75.773 54895.43025904  3.29  55.169800  66.119010  3.123 -100.00 -100.00 -100.00
  24    75.338 54895.43025963  2.98  55.176272  66.119141  3.428 -100.00 -100.00 -100.00
  24    74.758 54895.43026022  2.79  55.182744  66.119271  2.730 -100.00 -100.00 -100.00
  25    76.417 54905.34589894  1.23  55.174284  66.117255  3.130 -100.00 -100.00 -100.00
  25    76.002 54905.34589953  0.98  55.180755  66.117386  2.906 -100.00 -100.00 -100.00
  26    76.237 54915.26153730  1.90  55.174293  66.116946  3.286  253.06  243.76  223.98
  26    75.618 54915.26153789  1.63  55.180764  66.117077  3.434  253.06  243.76  223.98
  27    76.283 54925.17717506  4.66  55.171364  66.117886  3.136 -100.00 -100.00 -100.00
  27    75.659 54925.17717565  4.77  55.177835  66.118017  3.083 -100.00 -100.00 -100.00
  28    75.636 54935.09281268  4.87  55.174834  66.119002  3.155 -100.00 -100.00 -100.00
  28    74.913 54935.09281327  4.93  55.181305  66.119133  3.382 -100.00 -100.00 -100.00
  29    75.960 54945.00844762  1.64  55.170364  66.118863  2.833 -100.00 -100.00 -100.00
  29    75.617 54945.00844821  1.11  55.176834  66.118994  2.672 -100.00 -100.00 -100.00
  29    75.009 54945.00844880  1.20  55.183305  66.119126  2.779 -100.00 -100.00 -100.00
  30    75.787 54954.92408091  3.46  55.174479  66.117484  3.011 -100.00 -100.00 -100.00
  30    75.620 54954.92408150  3.21  55.180949  66.117616  2.614 -100.00 -100.00 -100.00
  31    49.287 54964.83972696 15.90  55.168659  66.115936 16.421 -100.00 -100.00 -100.00
  31    47.961 54964.83972755 16.93  55.175128  66.116068 15.282 -100.00 -100.00 -100.00
  31    28.458 54964.83972814 20.24  55.181598  66.116199 22.877 -100.00 -100.00 -100.00
  32    30.788 54974.75537546 39.27  55.172977  66.116058   -100 -100.00 -100.00 -100.00
  32    30.490 54974.75537605 36.19  55.179446  66.116189 29.380 -100.00 -100.00 -100.00
  33    73.341 54984.67102289 14.45  55.169452  66.117567  3.964 -100.00 -100.00 -100.00
  33    74.794 54984.67102348 13.90  55.175922  66.117698  4.355 -100.00 -100.00 -100.00
  33    69.133 54984.67102407 13.78  55.182393  66.117829  4.205 -100.00 -100.00 -100.00
  34    82.669 54994.58667109 22.88  55.175205  66.119434 12.183 -100.00 -100.00 -100.00
  34    82.202 54994.58667168 27.00  55.181676  66.119566 18.104 -100.00 -100.00 -100.00
  35    28.959 55004.50231703 27.55  55.171069  66.120227 12.190 -100.00 -100.00 -100.00
  35    28.968 55004.50231762 30.23  55.177540  66.120358 19.171 -100.00 -100.00 -100.00
  35    29.127 55004.50231821 32.21  55.184011  66.120489 24.959 -100.00 -100.00 -100.00
  36    26.365 55014.41796122 36.90  55.171219  66.120195 13.697 -100.00 -100.00 -100.00
  36    25.263 55014.41796182 39.99  55.177690  66.120326 25.381 -100.00 -100.00 -100.00
  36    25.098 55014.41796241 52.51  55.184161  66.120457   -100 -100.00 -100.00 -100.00
  37    28.469 55024.33360427 25.68  55.174064  66.120032 15.446 -100.00 -100.00 -100.00
  37    28.546 55024.33360486 27.98  55.180536  66.120163 17.754 -100.00 -100.00 -100.00
  38    28.471 55034.24924621 23.81  55.171078  66.120588 13.846 -100.00 -100.00 -100.00
  38    28.495 55034.24924680 24.16  55.177549  66.120719 14.395 -100.00 -100.00 -100.00
  38    28.473 55034.24924739 28.68  55.184021  66.120850 22.936 -100.00 -100.00 -100.00
  39    23.416 55044.16488779 35.34  55.172120  66.121321 25.272 -100.00 -100.00 -100.00
  39    23.274 55044.16488838 39.12  55.178592  66.121452 28.495 -100.00 -100.00 -100.00
  39    23.172 55044.16488897 47.14  55.185063  66.121583 20.396 -100.00 -100.00 -100.00
  40    28.253 55054.08052761 21.63  55.172072  66.121188  9.923 -100.00 -100.00 -100.00
  40    28.412 55054.08052820 24.11  55.178544  66.121320 13.603 -100.00 -100.00 -100.00
  40    28.595 55054.08052879 28.69  55.185015  66.121451 23.471 -100.00 -100.00 -100.00
  41    24.038 55063.99616500 30.15  55.170245  66.119632 13.617 -100.00 -100.00 -100.00
  41    22.710 55063.99616559 33.50  55.176716  66.119764 31.416 -100.00 -100.00 -100.00
  41    28.225 55063.99616618 28.91  55.183187  66.119895 19.994 -100.00 -100.00 -100.00
  42    27.814 55073.91181145 28.89  55.174482  66.118022 20.133 -100.00 -100.00 -100.00
  42    28.167 55073.91181204 29.29  55.180952  66.118153 26.138 -100.00 -100.00 -100.00
  43    27.455 55083.82745927 27.30  55.172197  66.116929 23.665 -100.00 -100.00 -100.00
  43    28.121 55083.82745986 26.34  55.178667  66.117060 18.093 -100.00 -100.00 -100.00
  44    32.818 55093.74310562 11.23  55.170832  66.117149  9.803 -100.00 -100.00 -100.00
  44    28.805 55093.74310621 19.93  55.177303  66.117280 27.529 -100.00 -100.00 -100.00
  44    29.035 55093.74310680 20.02  55.183773  66.117410 20.945 -100.00 -100.00 -100.00
  45    75.410 55103.65875222 10.04  55.173736  66.117919  4.993 -100.00 -100.00 -100.00
  45    75.773 55103.65875282  9.77  55.180207  66.118050  4.248 -100.00 -100.00 -100.00
  46    73.667 55113.57439848  9.66  55.175366  66.118500  3.995 -100.00 -100.00 -100.00
  46    72.183 55113.57439907 10.61  55.181837  66.118631  6.529 -100.00 -100.00 -100.00
  47    72.988 55123.49004209  6.90  55.174859  66.118088  4.103 -100.00 -100.00 -100.00
  47    72.591 55123.49004268  6.51  55.181330  66.118219  5.422 -100.00 -100.00 -100.00
  48    23.989 55133.40568269 39.18  55.172920  66.117142 25.580 -100.00 -100.00 -100.00
  48    23.669 55133.40568328 43.28  55.179391  66.117274   -100 -100.00 -100.00 -100.00
  49    23.556 55143.32132104 36.46  55.169389  66.116286 32.760 -100.00 -100.00 -100.00
  49    23.877 55143.32132163 37.17  55.175860  66.116418 23.402 -100.00 -100.00 -100.00
  49    23.495 55143.32132222 39.96  55.182331  66.116549   -100 -100.00 -100.00 -100.00
  50    27.309 55153.23695933 26.63  55.171521  66.116714 11.877  256.96  253.83  247.74
  50    27.256 55153.23695992 30.62  55.177992  66.116845 21.464  256.96  253.83  247.74
  51    27.444 55163.15259771 25.94  55.170642  66.117825 11.465 -100.00 -100.00 -100.00
  51    27.926 55163.15259830 27.37  55.177113  66.117957 14.738 -100.00 -100.00 -100.00
  51    27.957 55163.15259889 29.34  55.183585  66.118088 18.978 -100.00 -100.00 -100.00
  52    28.037 55173.06823632 24.54  55.175712  66.119224  9.824 -100.00 -100.00 -100.00
  52    28.179 55173.06823691 24.37  55.182184  66.119356  8.724 -100.00 -100.00 -100.00
  54    27.800 55192.89952471 21.65  55.176196  66.120087 10.232 -100.00 -100.00 -100.00
  54    28.269 55192.89952530 21.21  55.182668  66.120218  7.080 -100.00 -100.00 -100.00
  64    76.012 55292.05595637  3.81  55.173636  66.118137  2.940 -100.00 -100.00 -100.00
  64    75.384 55292.05595696  3.69  55.180107  66.118268  2.851 -100.00 -100.00 -100.00
  66    23.311 55311.88723873 28.56  55.172101  66.116241 17.245 -100.00 -100.00 -100.00
  66    28.715 55311.88723932 23.55  55.178570  66.116373  6.977 -100.00 -100.00 -100.00
  67    79.647 55321.80288414 21.95  55.171958  66.116490 28.841 -100.00 -100.00 -100.00
  67    81.875 55321.80288473 13.94  55.178427  66.116621 10.101 -100.00 -100.00 -100.00
  68    72.741 55331.71852851 12.53  55.173193  66.117649  5.712 -100.00 -100.00 -100.00
  68    72.605 55331.71852910 11.96  55.179663  66.117780  5.643 -100.00 -100.00 -100.00
  69    94.062 55341.63417245 16.94  55.169846  66.118859  9.151 -100.00 -100.00 -100.00
  69    93.804 55341.63417304 19.87  55.176317  66.118990 16.064 -100.00 -100.00 -100.00
  69    90.069 55341.63417363 25.21  55.182787  66.119121 23.088 -100.00 -100.00 -100.00
  70    28.757 55351.54981681 25.63  55.173466  66.119441 18.766 -100.00 -100.00 -100.00
  70    29.182 55351.54981740 26.44  55.179937  66.119573 16.695 -100.00 -100.00 -100.00
  71    74.524 55361.46545837  8.53  55.170335  66.119461  3.409 -100.00 -100.00 -100.00
  71    68.847 55361.46545896  9.58  55.176806  66.119592  6.322 -100.00 -100.00 -100.00
  71    71.899 55361.46545955  7.72  55.183277  66.119723  4.312 -100.00 -100.00 -100.00
  72    74.494 55371.38109814  6.30  55.170470  66.119701  4.353 -100.00 -100.00 -100.00
  72    73.354 55371.38109873  5.49  55.176942  66.119832  3.375 -100.00 -100.00 -100.00
  72    82.608 55371.38109932  4.46  55.183413  66.119963  3.041 -100.00 -100.00 -100.00
  73    73.739 55381.29673649  6.44  55.170758  66.120469  4.871 -100.00 -100.00 -100.00
  73    72.208 55381.29673708  5.48  55.177229  66.120600  4.220 -100.00 -100.00 -100.00
  73    81.227 55381.29673767  5.19  55.183701  66.120731  4.801 -100.00 -100.00 -100.00
  74    28.259 55391.21237452 23.29  55.175427  66.121420 10.280 -100.00 -100.00 -100.00
  74    28.155 55391.21237511 28.54  55.181899  66.121551 18.288 -100.00 -100.00 -100.00
  75    27.929 55401.12801086 26.57  55.175556  66.121323 23.204 -100.00 -100.00 -100.00
  75    28.509 55401.12801145 29.20  55.182027  66.121455 22.075 -100.00 -100.00 -100.00
  76    71.010 55411.04365971  3.77  55.171359  66.119684  6.199 -100.00 -100.00 -100.00
  76    78.120 55411.04366030  1.23  55.177830  66.119816  2.802 -100.00 -100.00 -100.00
  76    82.367 55411.04366089  9.20  55.184300  66.119947  7.424 -100.00 -100.00 -100.00
  77    28.049 55420.95930985 24.80  55.174103  66.117462 15.627 -100.00 -100.00 -100.00
  77    28.345 55420.95931044 27.04  55.180573  66.117593 20.305 -100.00 -100.00 -100.00
  78    75.743 55430.87495682 11.48  55.174624  66.116131  9.967  262.90  262.31  260.93
  78    80.863 55430.87495741  5.11  55.181094  66.116262  4.447  262.90  262.31  260.93
  79    74.406 55440.79060146 14.85  55.174733  66.116792 13.424  262.64  261.27  259.87
  79    72.415 55440.79060205  4.35  55.181203  66.116923  4.366  262.64  261.27  259.87
  80    75.362 55450.70624457 16.75  55.174558  66.118275  8.965 -100.00 -100.00 -100.00
  80    72.813 55450.70624516 23.24  55.181029  66.118406 13.295 -100.00 -100.00 -100.00
  81    24.892 55460.62188717 39.25  55.175346  66.119052 24.431 -100.00 -100.00 -100.00
  81    25.355 55460.62188776 51.60  55.181817  66.119183   -100 -100.00 -100.00 -100.00
  82    27.815 55470.53752820 24.55  55.171513  66.118077 14.593 -100.00 -100.00 -100.00
  82    28.263 55470.53752879 23.31  55.177984  66.118208 10.999 -100.00 -100.00 -100.00
  83    75.196 55480.45316644  8.76  55.170383  66.116493  5.398  263.62  262.94  262.94
  83    75.124 55480.45316703  7.26  55.176853  66.116624  3.479  263.62  262.94  262.94
  83    73.185 55480.45316762  7.52  55.183324  66.116755  5.046  263.62  262.94  262.94
  84    27.783 55490.36880230 20.39  55.170904  66.115591  6.311  258.94  257.40  256.39
  84    28.378 55490.36880289 21.92  55.177374  66.115722  7.822  258.94  257.40  256.39
  85    24.965 55500.28443605 41.47  55.171577  66.116320 27.677 -100.00 -100.00 -100.00
  85    24.476 55500.28443664 44.08  55.178048  66.116452   -100 -100.00 -100.00 -100.00
  86    24.694 55510.20007828 41.41  55.175506  66.118200   -100 -100.00 -100.00 -100.00
  86    24.705 55510.20007887 44.57  55.181977  66.118331   -100 -100.00 -100.00 -100.00
  87    25.584 55520.11572789 39.06  55.173117  66.119566 24.749 -100.00 -100.00 -100.00
  87    25.279 55520.11572848 43.53  55.179589  66.119698   -100 -100.00 -100.00 -100.00
  88    25.784 55530.03137688 29.86  55.174897  66.120015 17.642 -100.00 -100.00 -100.00
  88    25.726 55530.03137747 30.94  55.181368  66.120146 19.277 -100.00 -100.00 -100.00
  89    27.920 55539.94702385 23.57  55.173469  66.119610  6.845 -100.00 -100.00 -100.00
  89    28.371 55539.94702444 25.54  55.179941  66.119741  9.643 -100.00 -100.00 -100.00
  90    32.924 55549.86266874  6.36  55.173155  66.119491 10.128 -100.00 -100.00 -100.00
  90    43.513 55549.86266933  3.83  55.179626  66.119622  7.117 -100.00 -100.00 -100.00
  93    28.577 55579.60959576 11.36  55.172053  66.121431 14.856 -100.00 -100.00 -100.00
  93    28.361 55579.60959636 15.34  55.178525  66.121562 10.652 -100.00 -100.00 -100.00
  93    28.586 55579.60959695 18.17  55.184997  66.121693  6.415 -100.00 -100.00 -100.00
 101    23.339 55658.93472990 29.33  55.172447  66.116186   -100 -100.00 -100.00 -100.00
 101    23.406 55658.93473049 29.83  55.178917  66.116317 32.245 -100.00 -100.00 -100.00
 102    24.103 55668.85037155 29.33  55.170827  66.115110 22.417 -100.00 -100.00 -100.00
 102    26.871 55668.85037214 26.94  55.177297  66.115241 15.939 -100.00 -100.00 -100.00
 103    27.945 55678.76601093 27.82  55.169621  66.116335 16.108 -100.00 -100.00 -100.00
 103    27.608 55678.76601152 32.48  55.176090  66.116467 26.832 -100.00 -100.00 -100.00
 103    27.732 55678.76601211 34.25  55.182560  66.116598   -100 -100.00 -100.00 -100.00
 104    83.523 55688.68164857 21.51  55.170454  66.118775 14.287 -100.00 -100.00 -100.00
 104    83.103 55688.68164916 13.60  55.176924  66.118907  4.705 -100.00 -100.00 -100.00
 104    81.581 55688.68164975 25.05  55.183395  66.119038 23.992 -100.00 -100.00 -100.00
 105    73.758 55698.59728528  7.17  55.176449  66.120571  3.724 -100.00 -100.00 -100.00
 105    72.058 55698.59728587  6.37  55.182921  66.120702  2.913 -100.00 -100.00 -100.00
 106    77.495 55708.51292172 17.06  55.172435  66.120423 10.285 -100.00 -100.00 -100.00
 106    77.402 55708.51292231 23.46  55.178906  66.120554 13.550 -100.00 -100.00 -100.00
 107    30.341 55718.42857233 29.02  55.169955  66.119480 15.714 -100.00 -100.00 -100.00
 107    30.373 55718.42857292 28.67  55.176426  66.119611 12.627 -100.00 -100.00 -100.00
 107    30.524 55718.42857351 31.84  55.182897  66.119742 20.839 -100.00 -100.00 -100.00
 108    28.706 55728.34422068 25.03  55.170410  66.119237 11.333 -100.00 -100.00 -100.00
 108    28.806 55728.34422127 25.21  55.176881  66.119369 11.434 -100.00 -100.00 -100.00
 108    29.001 55728.34422186 30.47  55.183352  66.119500 20.445 -100.00 -100.00 -100.00
 109    24.690 55738.25986779 36.83  55.173749  66.120053 21.595 -100.00 -100.00 -100.00
 109    25.033 55738.25986838 43.49  55.180221  66.120185 30.115 -100.00 -100.00 -100.00
 110    28.380 55748.17551342 23.86  55.174408  66.121074 13.313 -100.00 -100.00 -100.00
 110    28.360 55748.17551401 28.99  55.180880  66.121205 25.553 -100.00 -100.00 -100.00
 111    22.810 55758.09115676 31.52  55.174688  66.120985   -100 -100.00 -100.00 -100.00
 111    28.208 55758.09115735 29.40  55.181159  66.121116 19.003 -100.00 -100.00 -100.00
 112    23.597 55768.00679718 31.74  55.173124  66.119285 16.471 -100.00 -100.00 -100.00
 112    27.518 55768.00679777 33.33  55.179595  66.119417   -100 -100.00 -100.00 -100.00
 113    27.746 55777.92243457 26.71  55.172480  66.116808 20.658 -100.00 -100.00 -100.00
 113    28.236 55777.92243516 26.54  55.178950  66.116939 17.246 -100.00 -100.00 -100.00
 114    27.828 55787.83806930 23.12  55.170673  66.115282 11.808  267.73  267.22  265.58
 114    28.134 55787.83806989 26.19  55.177142  66.115413 18.063  267.73  267.22  265.58
 115    29.550 55797.75370258 19.98  55.168548  66.116030  8.556 -100.00 -100.00 -100.00
 115    28.203 55797.75370317 25.25  55.175018  66.116162 16.206 -100.00 -100.00 -100.00
 115    28.220 55797.75370376 27.23  55.181488  66.116293 17.965 -100.00 -100.00 -100.00
 116    22.322 55807.66934637 31.76  55.170291  66.117964 25.662 -100.00 -100.00 -100.00
 116    22.269 55807.66934696 37.64  55.176761  66.118096 29.707 -100.00 -100.00 -100.00
 116    22.297 55807.66934755 48.81  55.183232  66.118227 13.165 -100.00 -100.00 -100.00
 117    27.688 55817.58499584 28.67  55.175408  66.119458 20.122 -100.00 -100.00 -100.00
 117    27.881 55817.58499643 30.05  55.181879  66.119589 23.035 -100.00 -100.00 -100.00
 118    22.007 55827.50064100 35.77  55.174056  66.118610 23.547 -100.00 -100.00 -100.00
 118    22.728 55827.50064159 46.74  55.180527  66.118742   -100 -100.00 -100.00 -100.00
 119    27.705 55837.41628161 21.88  55.170638  66.116667 20.779 -100.00 -100.00 -100.00
 119    28.101 55837.41628220 23.66  55.177109  66.116799 18.116 -100.00 -100.00 -100.00
 119    28.578 55837.41628279 23.91  55.183580  66.116930 17.014 -100.00 -100.00 -100.00
 120    74.067 55847.33191948  9.34  55.171489  66.115311  4.504  262.50  262.04  262.77
 120    73.553 55847.33192007  8.89  55.177959  66.115442  4.923  262.50  262.04  262.77
 121    66.353 55857.24755502 16.65  55.172064  66.116372  9.426 -100.00 -100.00 -100.00
 121    71.184 55857.24755561 22.16  55.178535  66.116503  9.499 -100.00 -100.00 -100.00
 122    24.205 55867.16319975 39.39  55.172359  66.118820 26.873 -100.00 -100.00 -100.00
 122    24.043 55867.16320034 42.64  55.178830  66.118951   -100 -100.00 -100.00 -100.00
 123    23.867 55877.07885207 36.45  55.173972  66.120931   -100 -100.00 -100.00 -100.00
 123    23.940 55877.07885266 38.74  55.180444  66.121062   -100 -100.00 -100.00 -100.00
 124    27.264 55886.99449769 27.43  55.171351  66.121122 13.817 -100.00 -100.00 -100.00
 124    27.313 55886.99449828 28.90  55.177823  66.121254 16.830 -100.00 -100.00 -100.00
 124    27.817 55886.99449887 28.51  55.184295  66.121385 15.996 -100.00 -100.00 -100.00
 125    27.542 55896.91013782 23.64  55.171469  66.120206  7.618 -100.00 -100.00 -100.00
 125    27.992 55896.91013841 24.03  55.177940  66.120338  8.082 -100.00 -100.00 -100.00
 125    28.115 55896.91013900 24.71  55.184412  66.120469  9.214 -100.00 -100.00 -100.00
 126    27.814 55906.82577318 20.59  55.175420  66.119362  7.011 -100.00 -100.00 -100.00
 126    28.343 55906.82577378 20.68  55.181891  66.119493  6.756 -100.00 -100.00 -100.00
 128    74.831 55926.65707178  0.53  55.173424  66.120451  3.197 -100.00 -100.00 -100.00
 128    74.738 55926.65707237  0.53  55.179896  66.120583  3.129 -100.00 -100.00 -100.00
 134    75.903 55986.15091897  0.95  55.171345  66.118227  2.997 -100.00 -100.00 -100.00
 134    75.523 55986.15091956  0.71  55.177816  66.118358  2.643 -100.00 -100.00 -100.00
 134    75.112 55986.15092015  0.52  55.184287  66.118489  3.347 -100.00 -100.00 -100.00
 135    75.862 55996.06655517  1.80  55.169542  66.119111  3.033 -100.00 -100.00 -100.00
 135    75.494 55996.06655576  1.34  55.176013  66.119243  3.071 -100.00 -100.00 -100.00
 135    74.871 55996.06655635  1.36  55.182484  66.119374  3.219 -100.00 -100.00 -100.00
 136    76.487 56005.98220725  0.54  55.173314  66.118437  2.609 -100.00 -100.00 -100.00
 136    75.283 56005.98220784  0.55  55.179785  66.118568  2.871 -100.00 -100.00 -100.00
 137    76.722 56015.89785488  1.19  55.172516  66.116729  2.800 -100.00 -100.00 -100.00
 137    76.224 56015.89785547  0.50  55.178986  66.116861  2.909 -100.00 -100.00 -100.00
 138    76.946 56025.81349971  0.93  55.173466  66.116172  3.141 -100.00 -100.00 -100.00
 138    76.335 56025.81350030  0.98  55.179936  66.116303  3.238 -100.00 -100.00 -100.00
 139    75.944 56035.72914243  4.57  55.170421  66.117348  2.872 -100.00 -100.00 -100.00
 139    75.697 56035.72914302  4.48  55.176891  66.117479  2.689 -100.00 -100.00 -100.00
 139    75.165 56035.72914361  4.32  55.183361  66.117610  2.777 -100.00 -100.00 -100.00
 140    23.717 56045.64478357 33.47  55.172192  66.119502 29.940 -100.00 -100.00 -100.00
 140    23.688 56045.64478416 32.04  55.178663  66.119633 23.844 -100.00 -100.00 -100.00
 141    28.870 56055.56042178 38.53  55.172778  66.120988 28.095 -100.00 -100.00 -100.00
 141    28.922 56055.56042237 40.62  55.179250  66.121120   -100 -100.00 -100.00 -100.00
 142    86.258 56065.47605604  9.20  55.174137  66.121127  3.010 -100.00 -100.00 -100.00
 142    84.481 56065.47605663  8.51  55.180609  66.121258  2.690 -100.00 -100.00 -100.00
 143    73.912 56075.39170154  5.52  55.172338  66.120317  3.808 -100.00 -100.00 -100.00
 143    72.402 56075.39170213  5.26  55.178809  66.120448  4.266 -100.00 -100.00 -100.00
 144    73.307 56085.30735117  4.45  55.175220  66.120013  3.298 -100.00 -100.00 -100.00
 144    71.893 56085.30735176  4.28  55.181691  66.120145  3.970 -100.00 -100.00 -100.00
 145    74.060 56095.22299803  6.92  55.173608  66.119962  3.556 -100.00 -100.00 -100.00
 145    72.408 56095.22299862  6.46  55.180079  66.120093  4.001 -100.00 -100.00 -100.00
 146    28.440 56105.13864311 24.50  55.175775  66.120118 10.867 -100.00 -100.00 -100.00
 146    28.390 56105.13864370 29.38  55.182246  66.120249 18.906 -100.00 -100.00 -100.00
 147    76.605 56115.05427297  5.69  55.170028  66.119324  6.830 -100.00 -100.00 -100.00
 147    81.443 56115.05427356  2.99  55.176498  66.119456  4.020 -100.00 -100.00 -100.00
 147    84.085 56115.05427415  2.01  55.182969  66.119587  3.749 -100.00 -100.00 -100.00
 148    28.176 56124.96991111 19.27  55.169573  66.118269 21.520 -100.00 -100.00 -100.00
 148    28.311 56124.96991170 22.60  55.176043  66.118401  8.624 -100.00 -100.00 -100.00
 148    28.751 56124.96991229 25.41  55.182513  66.118532  9.046 -100.00 -100.00 -100.00
 149    24.027 56134.88554526 40.67  55.169314  66.116888 17.905 -100.00 -100.00 -100.00
 149    23.634 56134.88554586 42.64  55.175784  66.117020 29.526 -100.00 -100.00 -100.00
 149    23.363 56134.88554645 49.19  55.182254  66.117151   -100 -100.00 -100.00 -100.00
 150    76.258 56144.80118656  0.86  55.172694  66.116472  3.795 -100.00 -100.00 -100.00
 150    82.206 56144.80118715  1.19  55.179164  66.116603  2.987 -100.00 -100.00 -100.00
 151    27.775 56154.71683676 26.63  55.174114  66.117028 21.497 -100.00 -100.00 -100.00
 151    28.393 56154.71683735 27.09  55.180585  66.117159 18.830 -100.00 -100.00 -100.00
 152    23.408 56164.63248557 40.35  55.172411  66.118108   -100 -100.00 -100.00 -100.00
 152    23.429 56164.63248616 33.35  55.178881  66.118239 12.158 -100.00 -100.00 -100.00
 153    23.341 56174.54813242 39.55  55.172769  66.118748 22.529 -100.00 -100.00 -100.00
 153    23.910 56174.54813301 40.69  55.179240  66.118880 15.709 -100.00 -100.00 -100.00
 154    23.259 56184.46377420 32.92  55.173940  66.118450 20.492 -100.00 -100.00 -100.00
 154    28.086 56184.46377479 28.25  55.180411  66.118581 11.823 -100.00 -100.00 -100.00
 155    24.271 56194.37941197 32.00  55.172494  66.117393 20.510 -100.00 -100.00 -100.00
 155    27.074 56194.37941256 32.93  55.178965  66.117525   -100 -100.00 -100.00 -100.00
 156    28.289 56204.29504722 22.47  55.174836  66.117089  7.443 -100.00 -100.00 -100.00
 156    28.656 56204.29504781 23.23  55.181307  66.117221  8.368 -100.00 -100.00 -100.00
 157    27.674 56214.21068033 24.57  55.170240  66.117973  5.644 -100.00 -100.00 -100.00
 157    28.212 56214.21068092 25.37  55.176711  66.118104  7.683 -100.00 -100.00 -100.00
 157    28.499 56214.21068151 26.88  55.183183  66.118236  9.034 -100.00 -100.00 -100.00
 158    23.508 56224.12631614 31.77  55.174576  66.119885 31.558 -100.00 -100.00 -100.00
 158    27.307 56224.12631673 31.41  55.181047  66.120016 24.172 -100.00 -100.00 -100.00
 159    24.053 56234.04197223 40.83  55.176196  66.121133 24.996 -100.00 -100.00 -100.00
 159    24.198 56234.04197282 43.85  55.182667  66.121265 27.206 -100.00 -100.00 -100.00
 160    23.357 56243.95762389 30.92  55.172989  66.121116 23.051 -100.00 -100.00 -100.00
 160    23.266 56243.95762448 34.93  55.179461  66.121248 32.297 -100.00 -100.00 -100.00
 161    72.398 56253.87327129 12.50  55.176070  66.120533 13.248 -100.00 -100.00 -100.00
 161    70.834 56253.87327188  5.68  55.182541  66.120665  6.826 -100.00 -100.00 -100.00
 162    24.832 56263.78891403 28.66  55.175190  66.120216 14.568 -100.00 -100.00 -100.00
 162    24.561 56263.78891462 32.25  55.181661  66.120347   -100 -100.00 -100.00 -100.00
 163    23.245 56273.70455491 28.99  55.173978  66.120243   -100 -100.00 -100.00 -100.00
 163    24.045 56273.70455550 32.88  55.180450  66.120374 29.396 -100.00 -100.00 -100.00
 164    23.470 56283.62019852 27.57  55.172925  66.119961 30.494 -100.00 -100.00 -100.00
 164    23.758 56283.62019911 27.73  55.179396  66.120092 27.404 -100.00 -100.00 -100.00
 165    23.564 56293.53584990 22.45  55.172329  66.118977 14.925 -100.00 -100.00 -100.00
 165    24.801 56293.53585049 20.65  55.178800  66.119108 10.528 -100.00 -100.00 -100.00
 166    26.970 56303.45149668 17.75  55.169267  66.117429  6.351 -100.00 -100.00 -100.00
 166    27.069 56303.45149727 18.50  55.175739  66.117560  8.275 -100.00 -100.00 -100.00
 166    27.568 56303.45149786 17.55  55.182210  66.117692  6.449 -100.00 -100.00 -100.00
 168    24.377 56323.28278072 18.72  55.170952  66.117157  8.744 -100.00 -100.00 -100.00
 168    26.914 56323.28278131 18.45  55.177423  66.117288  7.904 -100.00 -100.00 -100.00
 168    27.689 56323.28278190 18.66  55.183894  66.117419  7.654 -100.00 -100.00 -100.00
 170    75.736 56343.11406069  0.79  55.169908  66.118667  3.067 -100.00 -100.00 -100.00
 170    75.595 56343.11406128  1.33  55.176379  66.118799  3.466 -100.00 -100.00 -100.00
 170    76.254 56343.11406187  0.52  55.182850  66.118930  3.099 -100.00 -100.00 -100.00
 171    76.050 56353.02969834  0.53  55.171922  66.118298  3.033 -100.00 -100.00 -100.00
 171    75.669 56353.02969893  0.42  55.178393  66.118429  3.323 -100.00 -100.00 -100.00
 172    76.251 56362.94534056  1.36  55.173679  66.117520  3.111 -100.00 -100.00 -100.00
 172    75.799 56362.94534115  1.38  55.180149  66.117651  3.454 -100.00 -100.00 -100.00
 173    76.360 56372.86098970  1.12  55.174085  66.117416  3.126 -100.00 -100.00 -100.00
 173    75.417 56372.86099029  1.46  55.180555  66.117547  3.282 -100.00 -100.00 -100.00
 175    74.590 56392.69228021  2.74  55.172441  66.119870  3.067 -100.00 -100.00 -100.00
 175    74.637 56392.69228080  2.15  55.178912  66.120001  3.414 -100.00 -100.00 -100.00
 176    22.526 56402.60792264 39.87  55.170439  66.120745   -100 -100.00 -100.00 -100.00
 176    22.856 56402.60792323 41.06  55.176910  66.120876 28.876 -100.00 -100.00 -100.00
 176    22.300 56402.60792382 43.80  55.183381  66.121007   -100 -100.00 -100.00 -100.00
 177    23.897 56412.52356286 28.98  55.175294  66.121020 15.485 -100.00 -100.00 -100.00
 177    28.731 56412.52356345 28.04  55.181766  66.121151 13.846 -100.00 -100.00 -100.00
 178    72.494 56422.43919749 14.79  55.173587  66.120462  4.458 -100.00 -100.00 -100.00
 178    65.535 56422.43919808 15.26  55.180058  66.120593  6.161 -100.00 -100.00 -100.00
 179    73.926 56432.35483881  9.68  55.170307  66.120189  3.803 -100.00 -100.00 -100.00
 179    72.594 56432.35483940  9.46  55.176779  66.120321  4.549 -100.00 -100.00 -100.00
 179    71.612 56432.35483999  9.02  55.183251  66.120452  4.716 -100.00 -100.00 -100.00
 180    29.215 56442.27049185 40.83  55.175338  66.120500 19.985 -100.00 -100.00 -100.00
 180    28.935 56442.27049244 47.08  55.181810  66.120631   -100 -100.00 -100.00 -100.00
 181    28.154 56452.18614193 39.96  55.175839  66.120793 17.502 -100.00 -100.00 -100.00
 181    27.323 56452.18614253 47.09  55.182311  66.120924   -100 -100.00 -100.00 -100.00
 182    27.384 56462.10178939 34.17  55.174795  66.120052 17.858 -100.00 -100.00 -100.00
 182    26.903 56462.10178998 36.92  55.181266  66.120183 30.016 -100.00 -100.00 -100.00
 183    27.382 56472.01743315 22.26  55.169371  66.118408 14.722 -100.00 -100.00 -100.00
 183    28.059 56472.01743374 20.18  55.175841  66.118539  8.688 -100.00 -100.00 -100.00
 183    28.352 56472.01743433 23.65  55.182312  66.118670 15.134 -100.00 -100.00 -100.00
 184    23.534 56481.93307439 36.26  55.174611  66.117008 20.060 -100.00 -100.00 -100.00
 184    23.860 56481.93307498 48.22  55.181081  66.117139   -100 -100.00 -100.00 -100.00
 185    22.228 56491.84871133 34.23  55.173394  66.116705 21.713 -100.00 -100.00 -100.00
 185    22.636 56491.84871192 41.02  55.179863  66.116836   -100 -100.00 -100.00 -100.00
 186    27.443 56501.76434559 24.53  55.170051  66.117542 18.744 -100.00 -100.00 -100.00
 186    27.900 56501.76434618 24.90  55.176521  66.117673 17.187 -100.00 -100.00 -100.00
 186    28.078 56501.76434677 28.12  55.182991  66.117804 23.402 -100.00 -100.00 -100.00
 187    21.846 56511.67997910 41.11  55.175409  66.118853 23.173 -100.00 -100.00 -100.00
 187    22.039 56511.67997970 45.81  55.181880  66.118985   -100 -100.00 -100.00 -100.00
 188    27.669 56521.59562487 22.81  55.173102  66.119086  8.400 -100.00 -100.00 -100.00
 188    28.219 56521.59562546 25.19  55.179573  66.119217 12.160 -100.00 -100.00 -100.00
 189    27.489 56531.51127784 28.01  55.174029  66.118407 27.838 -100.00 -100.00 -100.00
 189    28.027 56531.51127843 26.70  55.180500  66.118539 18.467 -100.00 -100.00 -100.00
 191    22.978 56551.34257164 28.78  55.170880  66.117449 16.985 -100.00 -100.00 -100.00
 191    23.021 56551.34257223 28.92  55.177351  66.117580 19.774 -100.00 -100.00 -100.00
 191    22.861 56551.34257282 31.20  55.183823  66.117711 27.684 -100.00 -100.00 -100.00
 192    27.883 56561.25821468 23.23  55.174087  66.118997 11.939 -100.00 -100.00 -100.00
 192    22.867 56561.25821527 28.49  55.180559  66.119129 27.948 -100.00 -100.00 -100.00
 193    22.331 56571.17385616 42.70  55.172251  66.120800   -100 -100.00 -100.00 -100.00
 193    22.433 56571.17385675 37.12  55.178723  66.120931 17.506 -100.00 -100.00 -100.00
 194    23.730 56581.08949633 41.07  55.173327  66.121882   -100 -100.00 -100.00 -100.00
 194    24.154 56581.08949692 42.91  55.179798  66.122013 30.013 -100.00 -100.00 -100.00
 195    22.929 56591.00513248 38.96  55.176161  66.121310 32.219 -100.00 -100.00 -100.00
 195    22.692 56591.00513307 41.77  55.182632  66.121441   -100 -100.00 -100.00 -100.00
 196    23.983 56600.92078009 29.74  55.171433  66.119997 17.157 -100.00 -100.00 -100.00
 196    23.852 56600.92078069 34.84  55.177904  66.120128 32.692 -100.00 -100.00 -100.00
 196    23.632 56600.92078128 35.11  55.184376  66.120259   -100 -100.00 -100.00 -100.00
 197    26.935 56610.83643048 39.88  55.175250  66.119498 27.710 -100.00 -100.00 -100.00
 197    27.041 56610.83643107 44.15  55.181721  66.119630 25.161 -100.00 -100.00 -100.00
 198    24.796 56620.75207553 37.12  55.171399  66.120182   -100 -100.00 -100.00 -100.00
 198    25.172 56620.75207613 38.02  55.177870  66.120314 29.007 -100.00 -100.00 -100.00
 198    24.657 56620.75207672 41.01  55.184341  66.120445  0.964 -100.00 -100.00 -100.00
 199    24.591 56630.66771780 27.27  55.170497  66.120935 19.395 -100.00 -100.00 -100.00
 199    24.567 56630.66771839 31.11  55.176969  66.121066   -100 -100.00 -100.00 -100.00
 199    24.516 56630.66771898 32.08  55.183441  66.121197   -100 -100.00 -100.00 -100.00
 201    27.219 56650.49900346 16.82  55.171743  66.118300  5.977 -100.00 -100.00 -100.00
 201    27.582 56650.49900405 18.23  55.178214  66.118432  7.997 -100.00 -100.00 -100.00
 203    77.230 56670.33030144  0.38  55.174588  66.116139  2.964 -100.00 -100.00 -100.00
 203    76.625 56670.33030203  0.11  55.181059  66.116270  2.767 -100.00 -100.00 -100.00
 204    76.364 56680.24594595  1.54  55.169129  66.117961  3.084 -100.00 -100.00 -100.00
 204    75.997 56680.24594654  1.38  55.175600  66.118093  2.799 -100.00 -100.00 -100.00
 204    75.307 56680.24594713  0.96  55.182072  66.118224  2.747 -100.00 -100.00 -100.00
 205    76.031 56690.16158951  1.45  55.172550  66.119853  2.569 -100.00 -100.00 -100.00
 205    74.700 56690.16159010  1.35  55.179022  66.119984  3.334 -100.00 -100.00 -100.00
 207    75.721 56709.99286498  0.75  55.173674  66.118475  3.552 -100.00 -100.00 -100.00
 207    75.213 56709.99286557  0.66  55.180145  66.118606  3.345 -100.00 -100.00 -100.00
 208    76.484 56719.90850646  2.64  55.173326  66.117214  3.405 -100.00 -100.00 -100.00
 208    76.050 56719.90850705  2.22  55.179797  66.117345  2.913 -100.00 -100.00 -100.00
 210    75.760 56739.73980692  1.07  55.173297  66.119777  2.519 -100.00 -100.00 -100.00
 210    75.046 56739.73980751  0.97  55.179768  66.119909  2.444 -100.00 -100.00 -100.00
 211    74.787 56749.65545123  2.84  55.173667  66.121965  2.772 -100.00 -100.00 -100.00
 211    73.873 56749.65545182  2.83  55.180139  66.122096  2.855 -100.00 -100.00 -100.00
 212    72.708 56759.57109062 10.69  55.173054  66.122538  3.006 -100.00 -100.00 -100.00
 212    71.299 56759.57109121 11.08  55.179526  66.122669  4.170 -100.00 -100.00 -100.00
 213    27.301 56769.48672401 23.30  55.176298  66.121476 10.834 -100.00 -100.00 -100.00
 213    27.661 56769.48672460 23.80  55.182770  66.121607 12.592 -100.00 -100.00 -100.00
 214    24.294 56779.40237355 26.03  55.171523  66.119832 26.533 -100.00 -100.00 -100.00
 214    24.523 56779.40237414 20.27  55.177995  66.119964 11.796 -100.00 -100.00 -100.00
 214    24.418 56779.40237473 20.71  55.184466  66.120095 11.849 -100.00 -100.00 -100.00
 215    27.270 56789.31802911 33.78  55.171983  66.119284 26.702 -100.00 -100.00 -100.00
 215    28.167 56789.31802970 34.18  55.178455  66.119415 25.260 -100.00 -100.00 -100.00
 216    67.695 56799.23368158 18.45  55.175299  66.119964  9.017 -100.00 -100.00 -100.00
 216    67.115 56799.23368217 16.15  55.181770  66.120095  6.901 -100.00 -100.00 -100.00
 217    84.575 56809.14932728 18.71  55.172564  66.120897  8.818 -100.00 -100.00 -100.00
 217    80.692 56809.14932787 24.07  55.179035  66.121028   -100 -100.00 -100.00 -100.00
 218    28.940 56819.06496808 43.31  55.175974  66.120672 24.071 -100.00 -100.00 -100.00
 218    28.773 56819.06496867 49.47  55.182445  66.120803   -100 -100.00 -100.00 -100.00
 219    28.958 56828.98060437 27.30  55.171162  66.118765 15.691 -100.00 -100.00 -100.00
 219    29.110 56828.98060496 27.96  55.177632  66.118896 16.365 -100.00 -100.00 -100.00
 219    29.310 56828.98060555 28.53  55.184103  66.119027 15.345 -100.00 -100.00 -100.00
 220    73.904 56838.89623819  7.37  55.174220  66.116584  3.996 -100.00 -100.00 -100.00
 220    75.003 56838.89623878  6.03  55.180690  66.116715  3.614 -100.00 -100.00 -100.00
 221    28.280 56848.81186968 26.13  55.171726  66.116008 16.895  265.53  264.46  263.42
 221    28.603 56848.81187027 27.93  55.178195  66.116140 20.168  265.53  264.46  263.42
 222    23.353 56858.72752423 34.41  55.171587  66.117632 22.428 -100.00 -100.00 -100.00
 222    23.521 56858.72752482 40.14  55.178057  66.117763   -100 -100.00 -100.00 -100.00
 223    81.303 56868.64317820  0.81  55.176136  66.119937  2.532 -100.00 -100.00 -100.00
 223    85.419 56868.64317879  5.29  55.182607  66.120068  4.734 -100.00 -100.00 -100.00
 224    24.073 56878.55882921 34.35  55.171591  66.120521 17.473 -100.00 -100.00 -100.00
 224    23.970 56878.55882980 35.40  55.178062  66.120652 18.663 -100.00 -100.00 -100.00
 224    23.532 56878.55883039 42.05  55.184534  66.120783   -100 -100.00 -100.00 -100.00
 225    71.228 56888.47447752 12.42  55.174214  66.119500 15.671 -100.00 -100.00 -100.00
 225    76.537 56888.47447811  2.18  55.180686  66.119631  3.453 -100.00 -100.00 -100.00
 226    80.990 56898.39012293  1.65  55.174707  66.117941  4.576 -100.00 -100.00 -100.00
 226    80.893 56898.39012352  5.84  55.181178  66.118072  6.409 -100.00 -100.00 -100.00
 227    75.033 56908.30576565  3.94  55.172693  66.118027  3.630 -100.00 -100.00 -100.00
 227    74.103 56908.30576624  3.18  55.179165  66.118158  3.981 -100.00 -100.00 -100.00
 228    78.294 56918.22140685  6.49  55.175418  66.120050  4.607 -100.00 -100.00 -100.00
 228    87.397 56918.22140744  2.92  55.181890  66.120181  2.403 -100.00 -100.00 -100.00
 229    27.999 56928.13704542 21.30  55.171444  66.122219  8.297 -100.00 -100.00 -100.00
 229    28.646 56928.13704601 23.02  55.177916  66.122351  9.426 -100.00 -100.00 -100.00
 229    28.832 56928.13704660 27.86  55.184388  66.122481 20.818 -100.00 -100.00 -100.00
 230    24.377 56938.05268066 37.36  55.176266  66.122996 27.341 -100.00 -100.00 -100.00
 230    24.088 56938.05268125 34.32  55.182738  66.123127 29.639 -100.00 -100.00 -100.00
 231    23.828 56947.96831345 41.16  55.175951  66.121681 31.508 -100.00 -100.00 -100.00
 231    24.038 56947.96831404 44.12  55.182423  66.121813 28.546 -100.00 -100.00 -100.00
 232    23.360 56957.88396637 36.26  55.170468  66.119641 32.560 -100.00 -100.00 -100.00
 232    23.431 56957.88396696 37.20  55.176939  66.119772   -100 -100.00 -100.00 -100.00
 232    23.366 56957.88396755 36.65  55.183410  66.119903 32.371 -100.00 -100.00 -100.00
 233    27.844 56967.79961451 21.55  55.171091  66.118709  7.465 -100.00 -100.00 -100.00
 233    28.242 56967.79961510 21.24  55.177561  66.118841  7.322 -100.00 -100.00 -100.00
 233    28.634 56967.79961569 22.16  55.184032  66.118972  7.320 -100.00 -100.00 -100.00
 234    24.127 56977.71525890 30.02  55.174157  66.119375 25.384 -100.00 -100.00 -100.00
 234    24.171 56977.71525949 30.25  55.180628  66.119506 25.213 -100.00 -100.00 -100.00
 235    24.147 56987.63089834 23.55  55.172091  66.120354  9.056 -100.00 -100.00 -100.00
 235    23.873 56987.63089893 25.13  55.178562  66.120486 13.542 -100.00 -100.00 -100.00
 235    27.789 56987.63089952 23.81  55.185034  66.120617  9.063 -100.00 -100.00 -100.00
 237    77.637 57007.46217932  0.88  55.172991  66.118623  2.615 -100.00 -100.00 -100.00
 237    78.131 57007.46217991  0.82  55.179463  66.118755  2.432 -100.00 -100.00 -100.00
 238    87.801 57017.37783307  0.28  55.174784  66.116848  2.566 -100.00 -100.00 -100.00
 238    89.097 57017.37783366  0.03  55.181255  66.116979  2.167 -100.00 -100.00 -100.00
 241    74.845 57047.12477694  2.21  55.170449  66.119681  3.089 -100.00 -100.00 -100.00
 241    74.886 57047.12477753  1.91  55.176921  66.119812  3.329 -100.00 -100.00 -100.00
 241    74.509 57047.12477812  1.65  55.183392  66.119943  3.281 -100.00 -100.00 -100.00
 242    75.521 57057.04041938  1.15  55.173914  66.120459  2.533 -100.00 -100.00 -100.00
 242    74.483 57057.04041997  1.10  55.180386  66.120590  2.929 -100.00 -100.00 -100.00
 243    76.098 57066.95605572  1.67  55.170266  66.119414  2.848 -100.00 -100.00 -100.00
 243    73.721 57066.95605631  1.90  55.176737  66.119545  3.747 -100.00 -100.00 -100.00
 243    74.863 57066.95605690  1.65  55.183208  66.119676  2.993 -100.00 -100.00 -100.00
 244    75.719 57076.87168841  5.55  55.174410  66.118620  3.012 -100.00 -100.00 -100.00
 244    74.969 57076.87168901  5.74  55.180881  66.118752  3.466 -100.00 -100.00 -100.00
 245    75.273 57086.78731844  5.68  55.170735  66.118630  3.223 -100.00 -100.00 -100.00
 245    73.896 57086.78731903  5.64  55.177206  66.118762  3.446 -100.00 -100.00 -100.00
 245    74.691 57086.78731962  5.60  55.183676  66.118893  3.676 -100.00 -100.00 -100.00
 246    75.026 57096.70297747  8.64  55.172342  66.120441  3.592 -100.00 -100.00 -100.00
 246    74.449 57096.70297806  8.36  55.178813  66.120572  3.642 -100.00 -100.00 -100.00
 247    74.489 57106.61863364  5.69  55.173864  66.122215  2.885 -100.00 -100.00 -100.00
 247    72.396 57106.61863423  5.63  55.180336  66.122346  3.036 -100.00 -100.00 -100.00
 248    74.275 57116.53428505  1.72  55.175664  66.122729  2.524 -100.00 -100.00 -100.00
 248    73.538 57116.53428564  1.60  55.182136  66.122860  2.471 -100.00 -100.00 -100.00
 251    22.823 57146.28120509 31.45  55.175487  66.119062   -100 -100.00 -100.00 -100.00
 251    22.913 57146.28120568 32.04  55.181958  66.119193   -100 -100.00 -100.00 -100.00
 252    73.450 57156.19683771 15.67  55.170512  66.119113  4.899 -100.00 -100.00 -100.00
 252    72.788 57156.19683830 16.03  55.176983  66.119245  6.407 -100.00 -100.00 -100.00
 252    80.137 57156.19683889 10.00  55.183454  66.119376  5.177 -100.00 -100.00 -100.00
 253    33.830 57166.11248057 31.13  55.175854  66.119732 10.397 -100.00 -100.00 -100.00
 253    34.094 57166.11248116 33.32  55.182324  66.119863 15.617 -100.00 -100.00 -100.00
 254    33.389 57176.02813678 39.35  55.172040  66.119729 26.845 -100.00 -100.00 -100.00
 254    33.189 57176.02813737 39.87  55.178511  66.119861 27.510 -100.00 -100.00 -100.00
 255    84.507 57185.94378953 17.85  55.172724  66.118699 10.984 -100.00 -100.00 -100.00
 255    80.536 57185.94379012 24.34  55.179194  66.118831 13.812 -100.00 -100.00 -100.00
 256    75.637 57195.85943810  6.38  55.172562  66.117426  4.292 -100.00 -100.00 -100.00
 256    74.878 57195.85943869  5.76  55.179032  66.117557  5.277 -100.00 -100.00 -100.00
 257    28.882 57205.77507298 21.98  55.171925  66.117103 10.867 -100.00 -100.00 -100.00
 257    28.930 57205.77507357 25.48  55.178395  66.117234 15.942 -100.00 -100.00 -100.00
 258    23.938 57215.69071839 35.56  55.174296  66.118239 15.243 -100.00 -100.00 -100.00
 258    23.991 57215.69071898 38.72  55.180767  66.118370 24.153 -100.00 -100.00 -100.00
 259    83.030 57225.60636213  0.05  55.172583  66.119574  2.661 -100.00 -100.00 -100.00
 259    85.420 57225.60636272  0.97  55.179054  66.119705  2.955 -100.00 -100.00 -100.00
 260    27.903 57235.52200427 31.45  55.175148  66.120251  9.588 -100.00 -100.00 -100.00
 260    28.432 57235.52200486 30.71  55.181619  66.120382  8.085 -100.00 -100.00 -100.00
 261    28.249 57245.43764231 20.96  55.170456  66.119750  9.395 -100.00 -100.00 -100.00
 261    28.417 57245.43764290 23.99  55.176928  66.119882 14.558 -100.00 -100.00 -100.00
 261    28.942 57245.43764349 24.45  55.183399  66.120013 13.315 -100.00 -100.00 -100.00
 262    28.034 57255.35327867 27.33  55.175531  66.119287 21.849 -100.00 -100.00 -100.00
 262    28.357 57255.35327926 29.30  55.182002  66.119419 24.409 -100.00 -100.00 -100.00
 263    72.954 57265.26891336  3.30  55.176186  66.119785  3.318 -100.00 -100.00 -100.00
 263    71.523 57265.26891395  3.23  55.182658  66.119916  4.098 -100.00 -100.00 -100.00
 264    76.005 57275.18455544 10.13  55.175761  66.121042  5.528 -100.00 -100.00 -100.00
 264    76.470 57275.18455603 16.70  55.182233  66.121174  6.701 -100.00 -100.00 -100.00
 265    29.759 57285.10021233 20.48  55.173292  66.122049  6.360 -100.00 -100.00 -100.00
 265    28.531 57285.10021292 24.38  55.179764  66.122181 11.006 -100.00 -100.00 -100.00
 266    23.567 57295.01586682 35.76  55.176033  66.121856 28.556 -100.00 -100.00 -100.00
 266    24.707 57295.01586741 42.57  55.182505  66.121987 20.192 -100.00 -100.00 -100.00
 267    27.893 57304.93151705 28.46  55.172165  66.120704 18.192 -100.00 -100.00 -100.00
 267    28.333 57304.93151764 29.65  55.178637  66.120835 20.031 -100.00 -100.00 -100.00
 267    28.792 57304.93151823 30.36  55.185108  66.120966 20.913 -100.00 -100.00 -100.00
 268    23.514 57314.84716405 39.43  55.175208  66.119677   -100 -100.00 -100.00 -100.00
 268    23.635 57314.84716464 43.12  55.181679  66.119808   -100 -100.00 -100.00 -100.00
 269    23.417 57324.76280704 37.73  55.169657  66.119231   -100 -100.00 -100.00 -100.00
 269    23.516 57324.76280763 40.42  55.176128  66.119362   -100 -100.00 -100.00 -100.00
 269    23.392 57324.76280822 42.20  55.182599  66.119493   -100 -100.00 -100.00 -100.00
 270    23.768 57334.67844867 26.06  55.170370  66.119370 14.736 -100.00 -100.00 -100.00
 270    23.852 57334.67844926 26.15  55.176841  66.119501 14.783 -100.00 -100.00 -100.00
 270    23.924 57334.67844985 26.89  55.183312  66.119632 17.041 -100.00 -100.00 -100.00
 271    23.806 57344.59408846 24.16  55.172194  66.119450 14.261 -100.00 -100.00 -100.00
 271    27.592 57344.59408905 23.77  55.178666  66.119582 13.274 -100.00 -100.00 -100.00
 273    76.151 57364.42538630  0.69  55.171721  66.118070  2.534 -100.00 -100.00 -100.00
 273    75.983 57364.42538690  0.47  55.178193  66.118201  3.284 -100.00 -100.00 -100.00
 278    75.350 57414.00358738  1.80  55.172960  66.119552  2.988 -100.00 -100.00 -100.00
 278    74.722 57414.00358797  1.62  55.179432  66.119683  3.351 -100.00 -100.00 -100.00
 280    75.718 57433.83488736  2.54  55.171395  66.119883  3.196 -100.00 -100.00 -100.00
 280    75.282 57433.83488795  2.31  55.177866  66.120015  2.817 -100.00 -100.00 -100.00
 280    74.343 57433.83488854  1.83  55.184337  66.120146  2.850 -100.00 -100.00 -100.00
 281    74.817 57443.75053464  1.53  55.176457  66.121009  2.903 -100.00 -100.00 -100.00
 281    74.039 57443.75053523  1.20  55.182928  66.121140  3.042 -100.00 -100.00 -100.00
 282    74.582 57453.66618049  2.63  55.173202  66.121893  3.636 -100.00 -100.00 -100.00
 282    74.112 57453.66618108  1.87  55.179673  66.122024  2.631 -100.00 -100.00 -100.00
 283    73.739 57463.58182518  5.98  55.176452  66.122165  3.283 -100.00 -100.00 -100.00
 283    72.098 57463.58182578  5.62  55.182924  66.122296  3.296 -100.00 -100.00 -100.00
 284    74.489 57473.49746586  6.13  55.175822  66.121070  3.399 -100.00 -100.00 -100.00
 284    72.225 57473.49746645  5.85  55.182294  66.121201  2.956 -100.00 -100.00 -100.00
 285    75.788 57483.41310260  1.35  55.172551  66.119706  2.926 -100.00 -100.00 -100.00
 285    75.040 57483.41310319  1.08  55.179023  66.119837  2.344 -100.00 -100.00 -100.00
 286    33.316 57493.32873679 12.21  55.173992  66.118981  4.168 -100.00 -100.00 -100.00
 286    28.310 57493.32873738 12.35  55.180463  66.119113  4.351 -100.00 -100.00 -100.00
 287    24.282 57503.24436850 27.17  55.169996  66.119308 17.181 -100.00 -100.00 -100.00
 287    24.032 57503.24436909 29.31  55.176467  66.119440 26.109 -100.00 -100.00 -100.00
 287    24.297 57503.24436968 25.70  55.182938  66.119571 13.887 -100.00 -100.00 -100.00
 288    28.995 57513.16002107 26.77  55.170266  66.119734 14.208 -100.00 -100.00 -100.00
 288    29.060 57513.16002166 28.07  55.176737  66.119866 14.958 -100.00 -100.00 -100.00
 288    29.281 57513.16002225 29.12  55.183208  66.119997 15.246 -100.00 -100.00 -100.00
 289    27.241 57523.07567624 38.49  55.173734  66.119427 23.977 -100.00 -100.00 -100.00
 289    26.950 57523.07567683 50.97  55.180205  66.119558   -100 -100.00 -100.00 -100.00
 290    29.261 57532.99132851 42.13  55.171162  66.118191 29.923 -100.00 -100.00 -100.00
 290    29.159 57532.99132910 44.23  55.177633  66.118322   -100 -100.00 -100.00 -100.00
 290    29.288 57532.99132969 47.85  55.184103  66.118453   -100 -100.00 -100.00 -100.00
 291    28.003 57542.90697767 28.53  55.169457  66.117180 15.846 -100.00 -100.00 -100.00
 291    28.456 57542.90697826 29.62  55.175927  66.117312 17.178 -100.00 -100.00 -100.00
 291    28.671 57542.90697885 29.81  55.182397  66.117443 15.302 -100.00 -100.00 -100.00
 292    25.227 57552.82262473 41.67  55.174832  66.117439   -100 -100.00 -100.00 -100.00
 292    24.865 57552.82262532 40.82  55.181302  66.117570   -100 -100.00 -100.00 -100.00
 293    75.277 57562.73826944  3.82  55.170773  66.118490  3.730 -100.00 -100.00 -100.00
 293    74.657 57562.73827003  2.92  55.177244  66.118622  3.848 -100.00 -100.00 -100.00
 293    81.501 57562.73827062  3.82  55.183714  66.118753  4.620 -100.00 -100.00 -100.00
 294    24.529 57572.65391427 35.76  55.172989  66.119637 31.621 -100.00 -100.00 -100.00
 294    25.102 57572.65391486 47.39  55.179460  66.119768   -100 -100.00 -100.00 -100.00
 295    27.935 57582.56955883 24.96  55.173799  66.119831 11.691 -100.00 -100.00 -100.00
 295    28.348 57582.56955942 26.95  55.180270  66.119962 16.058 -100.00 -100.00 -100.00
 296    27.755 57592.48520132 24.15  55.172300  66.119400 15.663 -100.00 -100.00 -100.00
 296    28.165 57592.48520191 26.87  55.178771  66.119531 16.657 -100.00 -100.00 -100.00
 297    71.380 57602.40084141  3.31  55.172035  66.119243  4.642 -100.00 -100.00 -100.00
 297    72.244 57602.40084200  1.65  55.178506  66.119374  3.530 -100.00 -100.00 -100.00
