# NaN NaN NaN ;Mean Elev.(m), Avg Gradient(m/km), RMS Gradient(m/km) - SRTM1     
#   33.119  -0.031   8.180 ;Mean Elev.(m), Avg Gradient(m/km), RMS Gradient(m/km) - ASTER GDEM
#   42.526  -0.174   7.900 ;Mean Elev.(m), Avg Gradient(m/km), RMS Gradient(m/km) - GMTED2010 
   1    88.031 54665.41971847  0.89  56.723627  65.804211  4.318  279.99  280.06  278.09
   1    89.630 54665.41971906  1.35  56.729936  65.803768  6.009  279.99  280.06  278.09
   1    88.548 54665.41971965  5.18  56.736244  65.803326  6.772  279.99  280.06  278.09
   2    48.529 54675.33536332 12.30  56.726042  65.805035 30.427  273.88  273.79  272.39
   2    38.048 54675.33536391 13.29  56.732351  65.804593   -100  273.88  273.79  272.39
   2    38.179 54675.33536450 12.83  56.738660  65.804150 22.952  273.88  273.79  272.39
   3   -30.653 54685.25100648 17.54  56.725494  65.806699 11.479 -100.00 -100.00 -100.00
   3   -30.522 54685.25100707 17.51  56.731803  65.806257  9.655 -100.00 -100.00 -100.00
   3   -33.730 54685.25100766 21.94  56.738112  65.805814  9.412 -100.00 -100.00 -100.00
   4    48.649 54695.16664845 18.62  56.728306  65.807614   -100 -100.00 -100.00 -100.00
   4    48.274 54695.16664904 20.73  56.734615  65.807171   -100 -100.00 -100.00 -100.00
   5     6.448 54705.08228742 10.34  56.725068  65.807202  4.189 -100.00 -100.00 -100.00
   5   -27.522 54705.08228801 19.57  56.731377  65.806760 13.508 -100.00 -100.00 -100.00
   5   -26.744 54705.08228860 19.77  56.737686  65.806317 14.188 -100.00 -100.00 -100.00
   6    83.988 54714.99793928 19.62  56.725193  65.804611 14.457  264.01  264.77  264.11
   6    84.373 54714.99793987 19.50  56.731501  65.804169 13.074  264.01  264.77  264.11
   6    83.763 54714.99794046 27.05  56.737809  65.803726 25.106  264.01  264.77  264.11
   7    11.878 54724.91358949 11.58  56.723855  65.802186  2.793 -100.00 -100.00 -100.00
   7    12.150 54724.91359008 11.27  56.730163  65.801743  2.563 -100.00 -100.00 -100.00
   7    12.231 54724.91359067 11.47  56.736470  65.801301  2.979 -100.00 -100.00 -100.00
   8    80.652 54734.82923766 22.68  56.723431  65.801387   -100  258.55  258.39  259.11
   8   101.719 54734.82923825  8.53  56.729739  65.800944  4.359  258.55  258.39  259.11
   8   102.434 54734.82923884  8.74  56.736046  65.800501  5.264  258.55  258.39  259.11
   9    78.566 54744.74488514 22.55  56.728674  65.802319 13.215  261.23  261.97  262.21
   9    80.540 54744.74488573 28.63  56.734982  65.801876 18.837  261.23  261.97  262.21
  10   100.430 54754.66053132 16.56  56.724691  65.804047  7.589  258.52  257.51  257.88
  10   100.022 54754.66053191 17.21  56.731000  65.803604 10.385  258.52  257.51  257.88
  10    80.730 54754.66053250 24.71  56.737308  65.803161 12.596  258.52  257.51  257.88
  11    82.730 54764.57617688 15.06  56.724273  65.803889  8.891  254.90  256.46  257.49
  11    92.752 54764.57617747 12.44  56.730582  65.803446  5.779  254.90  256.46  257.49
  11    88.765 54764.57617806 12.80  56.736890  65.803003  7.673  254.90  256.46  257.49
  12   100.896 54774.49181990 15.55  56.725516  65.801801 11.967 -100.00 -100.00 -100.00
  12    85.014 54774.49182049 22.96  56.731824  65.801359 17.052 -100.00 -100.00 -100.00
  13    81.448 54784.40745995 16.48  56.722692  65.800231 15.232  261.32  260.32  260.06
  13    81.549 54784.40746054 20.70  56.729000  65.799789 16.946  261.32  260.32  260.06
  13    81.849 54784.40746113 26.85  56.735308  65.799346 20.154  261.32  260.32  260.06
  14    83.614 54794.32309867 15.21  56.725752  65.800315 11.045  247.92  245.77  239.12
  14    83.856 54794.32309926 18.49  56.732061  65.799872 13.905  247.92  245.77  239.12
  17    35.774 54824.07001832 16.40  56.728375  65.805016  5.388  242.71  235.93  222.52
  17    35.792 54824.07001891 17.22  56.734684  65.804574  6.011  242.71  235.93  222.52
  24    86.873 54893.47954321  2.94  56.725410  65.803248  3.477 -100.00 -100.00 -100.00
  24   101.379 54893.47954380  2.21  56.731718  65.802806  2.779 -100.00 -100.00 -100.00
  25   102.764 54903.39518360  4.19  56.727980  65.800808  4.138 -100.00 -100.00 -100.00
  25   102.426 54903.39518419  3.88  56.734288  65.800365  3.321 -100.00 -100.00 -100.00
  26    86.737 54913.31082243  4.08  56.727852  65.800680  4.743 -100.00 -100.00 -100.00
  26   102.507 54913.31082302  3.27  56.734160  65.800237  4.055 -100.00 -100.00 -100.00
  27   103.668 54923.22646055  6.31  56.728681  65.802190  4.050  254.73  250.93  242.24
  27   103.305 54923.22646114  5.35  56.734989  65.801747  3.433  254.73  250.93  242.24
  28   104.236 54933.14209775  5.58  56.727978  65.803856  3.653  246.17  239.36  223.73
  28   103.969 54933.14209834  5.20  56.734286  65.803413  3.649  246.17  239.36  223.73
  29   104.080 54943.05773313  1.81  56.727154  65.803954  3.508 -100.00 -100.00 -100.00
  29   103.158 54943.05773372  4.10  56.733462  65.803512  6.639 -100.00 -100.00 -100.00
  30   103.765 54952.97336677  4.36  56.727910  65.802393  3.187  230.49  220.92  210.32
  30   103.687 54952.97336736  3.72  56.734217  65.801950  2.395  230.49  220.92  210.32
  32    41.189 54972.80465881 44.03  56.724627  65.800755 23.959  253.10  248.71  239.29
  32    41.028 54972.80465940 49.35  56.730934  65.800313   -100  253.10  248.71  239.29
  33   101.905 54982.72030645 21.47  56.725689  65.802459  6.926  236.11  238.23  243.98
  33   100.882 54982.72030704 20.28  56.731997  65.802016  7.180  236.11  238.23  243.98
  34    83.757 54992.63595405 18.97  56.729330  65.804243  8.061 -100.00 -100.00 -100.00
  34    91.866 54992.63595464 16.70  56.735638  65.803800  5.444 -100.00 -100.00 -100.00
  35   102.871 55002.55160012 10.56  56.725092  65.805162  6.353  262.23  263.65  264.23
  35   102.640 55002.55160071 10.02  56.731400  65.804720  6.070  262.23  263.65  264.23
  35    96.510 55002.55160130  8.52  56.737709  65.804277  5.233  262.23  263.65  264.23
  36    90.072 55012.46724474  8.41  56.724871  65.804739  6.132  262.73  262.65  262.96
  36   102.625 55012.46724533  8.08  56.731180  65.804296  6.878  262.73  262.65  262.96
  36    89.538 55012.46724592  6.44  56.737488  65.803854  5.011  262.73  262.65  262.96
  37    90.068 55022.38288789 12.48  56.723975  65.804135  6.165  269.24  271.45  269.53
  37    92.387 55022.38288848 11.48  56.730284  65.803693  5.395  269.24  271.45  269.53
  37    88.388 55022.38288907 12.17  56.736592  65.803250  7.831  269.24  271.45  269.53
  38    89.613 55032.29853029  9.00  56.724356  65.804700  7.154  266.59  266.03  266.22
  38   102.817 55032.29853088  6.81  56.730665  65.804258  5.362  266.59  266.03  266.22
  38   102.170 55032.29853147  6.11  56.736973  65.803815  4.491  266.59  266.03  266.22
  39    48.420 55042.21417223 19.10  56.727497  65.805775   -100 -100.00 -100.00 -100.00
  39    35.891 55042.21417283 21.28  56.733806  65.805332   -100 -100.00 -100.00 -100.00
  40    48.380 55052.12981230 19.90  56.726728  65.806681 19.697 -100.00 -100.00 -100.00
  40    48.336 55052.12981289 20.91  56.733037  65.806239 12.229 -100.00 -100.00 -100.00
  40    35.992 55052.12981348 24.91  56.739345  65.805796 16.085 -100.00 -100.00 -100.00
  41    48.514 55062.04545023 18.06  56.725765  65.805811   -100 -100.00 -100.00 -100.00
  41    37.848 55062.04545082 19.84  56.732074  65.805369 14.560 -100.00 -100.00 -100.00
  41    37.902 55062.04545141 20.98  56.738382  65.804926 10.850 -100.00 -100.00 -100.00
  44    84.372 55091.79238892  1.85  56.721973  65.801007  5.025 -100.00 -100.00 -100.00
  44    97.336 55091.79238951  2.03  56.728280  65.800564  5.219 -100.00 -100.00 -100.00
  45   101.578 55101.70803560 10.84  56.724837  65.802016  6.426  258.87  259.56  259.53
  45   102.079 55101.70803619  8.95  56.731145  65.801573  4.164  258.87  259.56  259.53
  46    79.734 55111.62368182 27.27  56.727135  65.803320 25.932  253.14  253.57  254.53
  46    79.813 55111.62368241 29.16  56.733443  65.802878 29.690  253.14  253.57  254.53
  47   101.150 55121.53932570  8.74  56.726615  65.803323  3.893  256.79  257.22  258.19
  47   105.965 55121.53932629  8.38  56.732924  65.802880  4.994  256.79  257.22  258.19
  48    83.926 55131.45496678 16.74  56.725995  65.801853 10.046 -100.00 -100.00 -100.00
  48    82.229 55131.45496737 19.55  56.732303  65.801410 10.985 -100.00 -100.00 -100.00
  49    82.687 55141.37060574 15.58  56.723806  65.800370 12.075 -100.00 -100.00 -100.00
  49    83.434 55141.37060633 18.87  56.730114  65.799927 14.336 -100.00 -100.00 -100.00
  50    33.725 55151.28624421 32.76  56.724196  65.800540   -100  253.90  250.53  244.68
  50    33.850 55151.28624480 33.07  56.730504  65.800098   -100  253.90  250.53  244.68
  51    34.442 55161.20188261 28.16  56.723168  65.802560 17.059  245.40  240.15  232.31
  51    34.373 55161.20188320 30.64  56.729477  65.802117 25.536  245.40  240.15  232.31
  51    34.547 55161.20188379 28.12  56.735785  65.801675 15.899  245.40  240.15  232.31
  52    34.602 55171.11752106 22.72  56.727017  65.804449  6.661 -100.00 -100.00 -100.00
  52    34.551 55171.11752165 23.27  56.733326  65.804006  7.832 -100.00 -100.00 -100.00
  56   102.566 55210.78010618  3.58  56.724440  65.805058  7.332 -100.00 -100.00 -100.00
  56    86.283 55210.78010677  3.01  56.730749  65.804615  6.384 -100.00 -100.00 -100.00
  56   101.923 55210.78010736  1.39  56.737057  65.804173  4.092 -100.00 -100.00 -100.00
  59   102.544 55240.52704815  1.86  56.723794  65.804133  3.812 -100.00 -100.00 -100.00
  59   101.884 55240.52704874  2.17  56.730103  65.803691  4.407 -100.00 -100.00 -100.00
  59    90.528 55240.52704933  1.73  56.736411  65.803248  4.862 -100.00 -100.00 -100.00
  60   101.468 55250.44268960  1.98  56.725060  65.802242  4.480  247.66  236.58  211.11
  60    85.928 55250.44269019  2.56  56.731368  65.801800  4.791  247.66  236.58  211.11
  61    89.779 55260.35832844  1.93  56.722888  65.801215  4.693  256.62  247.39  226.62
  61    88.869 55260.35832903  2.08  56.729196  65.800772  4.937  256.62  247.39  226.62
  61    88.285 55260.35832962  1.62  56.735504  65.800329  4.635  256.62  247.39  226.62
  62    86.325 55270.27396697  3.56  56.726372  65.801166  4.115 -100.00 -100.00 -100.00
  62    86.145 55270.27396756  3.05  56.732680  65.800723  3.595 -100.00 -100.00 -100.00
  63   102.315 55280.18960518  1.81  56.727453  65.802110  2.583  250.28  238.55  218.01
  63   101.821 55280.18960577  1.74  56.733760  65.801667  2.968  250.28  238.55  218.01
  64   103.399 55290.10524162  2.01  56.722746  65.803266  3.057  252.01  248.29  239.51
  64   103.280 55290.10524221  1.58  56.729053  65.802824  2.535  252.01  248.29  239.51
  64   103.195 55290.10524280  1.60  56.735361  65.802381  3.376  252.01  248.29  239.51
  66    83.077 55309.93652179 10.13  56.725577  65.802011  8.842  264.32  265.24  265.15
  66    82.110 55309.93652238 14.72  56.731885  65.801568 12.450  264.32  265.24  265.15
  67    89.572 55319.85216745 32.06  56.724220  65.801163   -100  248.51  251.09  254.23
  67    89.538 55319.85216804 30.28  56.730527  65.800721   -100  248.51  251.09  254.23
  68    89.407 55329.76781249 19.13  56.728164  65.801098  5.218  250.91  255.06  254.55
  68    91.328 55329.76781308 19.00  56.734471  65.800655  6.739  250.91  255.06  254.55
  69   102.260 55339.68345650 11.46  56.724428  65.802786  5.525  250.86  251.70  254.17
  69    95.881 55339.68345709 10.87  56.730735  65.802343  5.365  250.86  251.70  254.17
  69   103.076 55339.68345768  8.82  56.737043  65.801900  4.660  250.86  251.70  254.17
  70   102.571 55349.59910100  6.93  56.728954  65.803941  4.095  262.89  263.19  263.55
  70   103.788 55349.59910159  6.44  56.735262  65.803499  4.207  262.89  263.19  263.55
  71   102.728 55359.51474261 13.88  56.723846  65.805096  5.802  260.46  260.71  261.47
  71    81.591 55359.51474320 16.80  56.730155  65.804654 10.562  260.46  260.71  261.47
  71    89.795 55359.51474379 12.48  56.736463  65.804211  5.698  260.46  260.71  261.47
  72    96.748 55369.43038299  8.60  56.728433  65.804860  4.821 -100.00 -100.00 -100.00
  72   102.744 55369.43038358  7.62  56.734742  65.804418  4.152 -100.00 -100.00 -100.00
  73   102.944 55379.34602148  7.15  56.728448  65.804967  4.887 -100.00 -100.00 -100.00
  73   102.824 55379.34602207  6.67  56.734757  65.804524  4.853 -100.00 -100.00 -100.00
  74   100.360 55389.26165926  1.73  56.728534  65.805456  3.313 -100.00 -100.00 -100.00
  74   101.254 55389.26165985  3.21  56.734843  65.805013  5.647 -100.00 -100.00 -100.00
  75    83.085 55399.17729582 14.96  56.726098  65.805979 15.754 -100.00 -100.00 -100.00
  75    81.671 55399.17729641 13.85  56.732407  65.805536 13.184 -100.00 -100.00 -100.00
  75    81.379 55399.17729700 22.31  56.738715  65.805094 20.866 -100.00 -100.00 -100.00
  76   100.594 55409.09294232  2.81  56.728279  65.805048  3.700 -100.00 -100.00 -100.00
  76   101.283 55409.09294291  2.28  56.734588  65.804606  4.507 -100.00 -100.00 -100.00
  77    89.348 55419.00859269  3.31  56.724194  65.803468  5.229  272.04  274.39  271.52
  77    92.272 55419.00859328  1.39  56.730502  65.803026  4.745  272.04  274.39  271.52
  77    98.533 55419.00859387  0.08  56.736809  65.802583  3.172  272.04  274.39  271.52
  78   101.861 55428.92424031  6.81  56.727175  65.801536  6.283 -100.00 -100.00 -100.00
  78   101.799 55428.92424090  4.35  56.733482  65.801093  4.041 -100.00 -100.00 -100.00
  79    89.082 55438.83988454 10.63  56.722618  65.801451  7.014  258.88  258.88  258.24
  79   101.690 55438.83988513  8.91  56.728926  65.801009  5.550  258.88  258.88  258.24
  79   101.221 55438.83988572  8.06  56.735233  65.800566  4.555  258.88  258.88  258.24
  80    84.359 55448.75552771 12.75  56.722440  65.802207  7.155  258.96  258.84  258.74
  80   101.850 55448.75552830 11.32  56.728747  65.801765  5.734  258.96  258.84  258.74
  80    88.904 55448.75552890  9.52  56.735055  65.801322  5.140  258.96  258.84  258.74
  81    80.555 55458.67117085 25.25  56.725232  65.802711 15.149 -100.00 -100.00 -100.00
  81    80.704 55458.67117144 24.08  56.731539  65.802269 13.465 -100.00 -100.00 -100.00
  82    82.192 55468.58681289 15.06  56.724206  65.802804  8.592  253.26  253.59  254.93
  82    82.080 55468.58681348 14.99  56.730514  65.802361  9.574  253.26  253.59  254.93
  82    81.594 55468.58681407 14.55  56.736822  65.801918 10.272  253.26  253.59  254.93
  83   101.801 55478.50245206 10.11  56.726910  65.801885  5.602 -100.00 -100.00 -100.00
  83   102.827 55478.50245265  8.66  56.733218  65.801442  5.450 -100.00 -100.00 -100.00
  84    88.643 55488.41808773 11.33  56.724156  65.801503  6.197 -100.00 -100.00 -100.00
  84    94.174 55488.41808832  8.69  56.730465  65.801061  4.409 -100.00 -100.00 -100.00
  85    90.123 55498.33372131  9.48  56.723341  65.801678  5.636 -100.00 -100.00 -100.00
  85    94.790 55498.33372190  7.00  56.729650  65.801235  3.820 -100.00 -100.00 -100.00
  85    97.286 55498.33372249  6.64  56.735958  65.800793  3.594 -100.00 -100.00 -100.00
  86    82.890 55508.24936016 15.19  56.726431  65.802601 10.992 -100.00 -100.00 -100.00
  86    80.885 55508.24936075 19.63  56.732739  65.802159 28.031 -100.00 -100.00 -100.00
  87    82.978 55518.16501033 18.01  56.725807  65.803622 11.182  252.66  250.78  248.22
  87    82.357 55518.16501092 22.32  56.732115  65.803179 13.860  252.66  250.78  248.22
  88    35.495 55528.08065990 35.53  56.728385  65.804229 29.358  245.49  241.53  236.51
  88    35.340 55528.08066049 37.89  56.734694  65.803787   -100  245.49  241.53  236.51
  89    35.186 55537.99630702 28.29  56.725051  65.804655 21.548 -100.00 -100.00 -100.00
  89    35.508 55537.99630761 29.06  56.731359  65.804213 18.354 -100.00 -100.00 -100.00
  89    35.498 55537.99630820 27.24  56.737668  65.803770 17.179 -100.00 -100.00 -100.00
  90    35.958 55547.91195218 23.79  56.725037  65.804726 10.693 -100.00 -100.00 -100.00
  90    36.110 55547.91195277 23.99  56.731346  65.804283  9.665 -100.00 -100.00 -100.00
  90    36.103 55547.91195336 22.72  56.737654  65.803841  9.172 -100.00 -100.00 -100.00
  93   102.432 55577.65887999  0.17  56.727959  65.805455  2.687  256.33  251.97  242.74
  93   102.748 55577.65888058  0.05  56.734268  65.805012  2.854  256.33  251.97  242.74
  94   101.661 55587.57451952  1.65  56.727118  65.804104  3.328  253.47  248.21  235.54
  94   101.762 55587.57452011  1.20  56.733427  65.803662  3.223  253.47  248.21  235.54
  96   102.205 55607.40578948  2.06  56.723311  65.801432  5.008 -100.00 -100.00 -100.00
  96   102.244 55607.40579007  1.01  56.729619  65.800990  3.785 -100.00 -100.00 -100.00
  96   102.077 55607.40579066  0.58  56.735928  65.800547  3.396 -100.00 -100.00 -100.00
  99    86.468 55637.15271741  1.75  56.723077  65.803927  4.561  256.02  249.02  231.32
  99   102.175 55637.15271801  0.59  56.729386  65.803485  3.090  256.02  249.02  231.32
  99   102.126 55637.15271860  0.80  56.735694  65.803043  4.045  256.02  249.02  231.32
 100   103.036 55647.06836741  1.76  56.727332  65.802872  2.952  253.35  244.38  225.14
 100   103.097 55647.06836800  1.37  56.733640  65.802429  2.841  253.35  244.38  225.14
 101   103.421 55656.98401425  2.81  56.727945  65.801228  3.593 -100.00 -100.00 -100.00
 101   102.904 55656.98401484  2.14  56.734253  65.800786  2.496 -100.00 -100.00 -100.00
 103    85.672 55676.81529568  9.61  56.722424  65.801665  7.944 -100.00 -100.00 -100.00
 103    83.900 55676.81529627  9.56  56.728731  65.801223 10.685 -100.00 -100.00 -100.00
 103    83.747 55676.81529686 17.04  56.735038  65.800780 20.003 -100.00 -100.00 -100.00
 104    89.052 55686.73093364 20.48  56.726324  65.803249  7.085  249.71  252.85  255.08
 104    88.598 55686.73093423 19.96  56.732631  65.802806  6.590  249.71  252.85  255.08
 105    87.875 55696.64657016 27.04  56.727456  65.804729 26.877  251.13  251.20  253.70
 105    87.014 55696.64657075 25.49  56.733764  65.804287 12.838  251.13  251.20  253.70
 106    85.426 55706.56220551 14.99  56.729492  65.805099  6.962  264.53  266.78  267.88
 106    79.406 55706.56220610 24.76  56.735800  65.804657 22.170  264.53  266.78  267.88
 107    86.366 55716.47785524 20.81  56.726022  65.804736 12.552  272.90  274.82  274.83
 107    86.194 55716.47785583 15.40  56.732331  65.804294  9.085  272.90  274.82  274.83
 107    86.496 55716.47785642 21.04  56.738639  65.803851 16.945  272.90  274.82  274.83
 108    98.610 55726.39350370  3.31  56.723599  65.804648  3.928 -100.00 -100.00 -100.00
 108    99.866 55726.39350429  2.32  56.729908  65.804206  3.775 -100.00 -100.00 -100.00
 108    89.367 55726.39350488  4.66  56.736216  65.803763  5.804 -100.00 -100.00 -100.00
 109    87.335 55736.30915080 17.02  56.725798  65.805125 12.177 -100.00 -100.00 -100.00
 109    85.241 55736.30915139 16.56  56.732107  65.804683 15.906 -100.00 -100.00 -100.00
 110    48.347 55746.22479643 19.33  56.725582  65.805982   -100  264.73  264.56  265.04
 110    47.913 55746.22479702 20.45  56.731891  65.805540 14.417  264.73  264.56  265.04
 110    37.949 55746.22479761 20.20  56.738200  65.805097  9.518  264.73  264.56  265.04
 111    85.431 55756.14044049 13.25  56.728586  65.805526 19.454 -100.00 -100.00 -100.00
 111    89.497 55756.14044108 24.50  56.734895  65.805083 12.789 -100.00 -100.00 -100.00
 113    78.292 55775.97172007  5.09  56.725834  65.801616 10.406  266.55  266.78  266.16
 113    92.022 55775.97172066  1.40  56.732142  65.801174  6.147  266.55  266.78  266.16
 116    88.271 55805.71862917 11.56  56.728650  65.803449 10.748  266.12  266.13  265.49
 116    82.029 55805.71862976 19.30  56.734958  65.803006 21.798  266.12  266.13  265.49
 117    49.944 55815.63427802  6.42  56.725791  65.804492 12.900 -100.00 -100.00 -100.00
 117    85.146 55815.63427861  1.23  56.732099  65.804049  5.410 -100.00 -100.00 -100.00
 117    88.397 55815.63427920  3.09  56.738408  65.803607  3.275 -100.00 -100.00 -100.00
 119    75.904 55835.46556654 19.26  56.726467  65.801479 13.371 -100.00 -100.00 -100.00
 119    79.495 55835.46556713 24.53  56.732775  65.801037 10.450 -100.00 -100.00 -100.00
 120    95.382 55845.38120500  6.79  56.726341  65.800598  3.737  258.02  258.29  256.91
 120   100.590 55845.38120559  6.24  56.732649  65.800156  3.557  258.02  258.29  256.91
 121    84.237 55855.29684047 13.45  56.724460  65.802130  6.886 -100.00 -100.00 -100.00
 121   101.722 55855.29684106 10.71  56.730769  65.801688  5.181 -100.00 -100.00 -100.00
 122    35.105 55865.21248084 37.41  56.723959  65.804442 28.541 -100.00 -100.00 -100.00
 122    35.074 55865.21248143 40.50  56.730269  65.804000   -100 -100.00 -100.00 -100.00
 122    35.067 55865.21248202 43.62  56.736578  65.803558   -100 -100.00 -100.00 -100.00
 123    34.656 55875.12813406 35.46  56.726539  65.805684 22.290  260.07  259.00  257.81
 123    35.184 55875.12813465 36.95  56.732848  65.805242 22.982  260.07  259.00  257.81
 123    34.279 55875.12813524 35.77  56.739157  65.804799   -100  260.07  259.00  257.81
 133   101.494 55974.28456803  1.14  56.724098  65.801231  4.128 -100.00 -100.00 -100.00
 133    86.110 55974.28456862  1.22  56.730406  65.800789  4.652 -100.00 -100.00 -100.00
 134   102.825 55984.20020425  1.98  56.724706  65.803685  3.336  251.24  245.15  226.69
 134   102.750 55984.20020484  1.48  56.731014  65.803243  3.147  251.24  245.15  226.69
 134   102.650 55984.20020543  1.24  56.737323  65.802800  3.402  251.24  245.15  226.69
 135   104.431 55994.11583850  2.01  56.728308  65.804880  3.429  248.39  240.01  218.28
 135   103.992 55994.11583909  1.83  56.734616  65.804437  3.836  248.39  240.01  218.28
 136    86.601 56004.03148947  6.07  56.727380  65.803692  5.243 -100.00 -100.00 -100.00
 136    89.455 56004.03149006  4.49  56.733688  65.803249  4.522 -100.00 -100.00 -100.00
 137    86.629 56013.94713799  6.96  56.723290  65.801530  6.447  248.28  237.48  212.46
 137    86.350 56013.94713858  6.56  56.729597  65.801088  5.372  248.28  237.48  212.46
 137    85.947 56013.94713917  5.81  56.735904  65.800646  5.051  248.28  237.48  212.46
 141    86.515 56053.60970637 17.04  56.724857  65.806400  8.631  256.27  253.52  248.36
 141    85.613 56053.60970696 20.24  56.731166  65.805958 10.505  256.27  253.52  248.36
 141    85.162 56053.60970755 25.40  56.737474  65.805515   -100  256.27  253.52  248.36
 142    83.861 56063.52534168 29.56  56.727390  65.806342 30.554  256.09  258.82  260.40
 142    83.999 56063.52534227 26.67  56.733699  65.805899 22.087  256.09  258.82  260.40
 143    90.605 56073.44098356 13.86  56.724115  65.805306  6.328  260.31  261.97  263.74
 143    81.654 56073.44098415 16.45  56.730423  65.804863 10.304  260.31  261.97  263.74
 143    92.642 56073.44098474 12.54  56.736732  65.804421  6.657  260.31  261.97  263.74
 144    99.827 56083.35663381 21.50  56.726861  65.804216 13.220 -100.00 -100.00 -100.00
 144    81.461 56083.35663440 25.71  56.733169  65.803774 17.269 -100.00 -100.00 -100.00
 145   102.798 56093.27228135  7.58  56.726783  65.804445  6.428 -100.00 -100.00 -100.00
 145   100.230 56093.27228194  5.27  56.733092  65.804002  4.256 -100.00 -100.00 -100.00
 146   102.749 56103.18792655  8.02  56.725363  65.805387  5.797 -100.00 -100.00 -100.00
 146    89.312 56103.18792714  7.16  56.731672  65.804945  6.381 -100.00 -100.00 -100.00
 146    94.406 56103.18792774  5.63  56.737980  65.804502  4.451 -100.00 -100.00 -100.00
 147    83.173 56113.10355736  5.09  56.724034  65.805232  6.302 -100.00 -100.00 -100.00
 147    83.222 56113.10355795  4.33  56.730342  65.804790  5.631 -100.00 -100.00 -100.00
 147    85.860 56113.10355854  2.55  56.736650  65.804347  5.175 -100.00 -100.00 -100.00
 148    78.637 56123.01919646 19.34  56.727071  65.803695 32.660  271.87  274.51  272.02
 148    80.473 56123.01919705 18.29  56.733379  65.803252 14.270  271.87  274.51  272.02
 149    79.341 56132.93483105 23.47  56.723304  65.801996 22.051 -100.00 -100.00 -100.00
 149    81.535 56132.93483164 14.60  56.729612  65.801554 11.284 -100.00 -100.00 -100.00
 149    81.500 56132.93483223 12.13  56.735919  65.801111 10.119 -100.00 -100.00 -100.00
 150    86.320 56142.85046895  7.98  56.725023  65.800943  5.210  264.42  265.14  264.29
 150    83.138 56142.85046954  8.27  56.731330  65.800501  7.173  264.42  265.14  264.29
 151    82.758 56152.76611953 17.43  56.724375  65.801586 12.522  264.86  265.18  264.20
 151    81.037 56152.76612012 11.30  56.730682  65.801144 15.004  264.86  265.18  264.20
 152    82.131 56162.68176891 15.33  56.727888  65.803053 11.817  269.83  270.43  269.42
 152    82.204 56162.68176950 22.84  56.734196  65.802611 10.041  269.83  270.43  269.42
 153    93.042 56172.59741609  2.89  56.728781  65.804079  4.871 -100.00 -100.00 -100.00
 153    84.785 56172.59741668  3.40  56.735089  65.803637  6.041 -100.00 -100.00 -100.00
 154    90.189 56182.51305806 11.26  56.725106  65.803779  7.394  267.29  267.93  267.49
 154   102.221 56182.51305865  8.92  56.731414  65.803337  4.739  267.29  267.93  267.49
 154   100.896 56182.51305924  8.34  56.737722  65.802894  4.524  267.29  267.93  267.49
 155    77.482 56192.42869690 21.76  56.727649  65.802034 30.657 -100.00 -100.00 -100.00
 155    76.567 56192.42869749 19.93  56.733957  65.801592 11.253 -100.00 -100.00 -100.00
 156    88.966 56202.34433257 12.61  56.725327  65.801344  5.936  257.03  256.80  258.46
 156    95.458 56202.34433316 11.35  56.731635  65.800901  5.607  257.03  256.80  258.46
 157    95.135 56212.25996629 11.73  56.722686  65.802836  4.804  256.99  257.75  258.30
 157    96.161 56212.25996688 10.77  56.728994  65.802394  5.266  256.99  257.75  258.30
 157    97.366 56212.25996748  9.77  56.735303  65.801952  4.458  256.99  257.75  258.30
 158   110.070 56222.17559870 21.97  56.727025  65.805159 14.757  255.41  255.13  256.38
 158   106.525 56222.17559929 21.83  56.733334  65.804717 13.960  255.41  255.13  256.38
 159    84.435 56232.09125380 20.44  56.730578  65.806514 13.282  262.20  262.33  262.08
 159    82.801 56232.09125439 24.74  56.736888  65.806071 15.432  262.20  262.33  262.08
 160    34.912 56242.00690586 26.03  56.725526  65.806720 13.878 -100.00 -100.00 -100.00
 160    35.284 56242.00690645 30.58  56.731835  65.806278 18.700 -100.00 -100.00 -100.00
 160    35.470 56242.00690704 31.73  56.738144  65.805835 20.333 -100.00 -100.00 -100.00
 162    35.190 56261.83819787 15.02  56.727097  65.804351  4.220  240.01  235.58  227.33
 162    35.300 56261.83819846 15.42  56.733406  65.803909  4.968  240.01  235.58  227.33
 163    34.964 56271.75383912 15.00  56.725204  65.804457  5.087  242.42  237.25  228.31
 163    34.936 56271.75383972 14.76  56.731512  65.804014  4.291  242.42  237.25  228.31
 163    35.358 56271.75384031 14.98  56.737821  65.803572  4.536  242.42  237.25  228.31
 164    34.759 56281.66948038 14.91  56.726210  65.804780  4.517  244.03  238.31  225.90
 164    34.818 56281.66948097 15.49  56.732519  65.804338  5.146  244.03  238.31  225.90
 164    35.183 56281.66948156 16.15  56.738827  65.803895  5.170  244.03  238.31  225.90
 165    34.817 56291.58513250 14.92  56.726021  65.804542  4.009 -100.00 -100.00 -100.00
 165    35.027 56291.58513309 15.56  56.732330  65.804099  4.588 -100.00 -100.00 -100.00
 165    35.175 56291.58513368 15.74  56.738639  65.803656  4.917 -100.00 -100.00 -100.00
 166    34.554 56301.50078010 15.77  56.725017  65.803221  4.624 -100.00 -100.00 -100.00
 166    34.755 56301.50078069 16.13  56.731325  65.802778  5.149 -100.00 -100.00 -100.00
 166    34.971 56301.50078128 16.34  56.737634  65.802336  5.100 -100.00 -100.00 -100.00
 167    34.660 56311.41642365 16.00  56.725277  65.801493  5.426  248.34  241.61  223.09
 167    34.872 56311.41642424 16.18  56.731585  65.801051  5.815  248.34  241.61  223.09
 168    34.434 56321.33206494 16.53  56.725221  65.800853  6.219  247.23  238.76  216.85
 168    34.640 56321.33206553 17.76  56.731529  65.800411  9.087  247.23  238.76  216.85
 170   103.653 56341.16334596  3.25  56.727527  65.803190  3.965 -100.00 -100.00 -100.00
 170   103.293 56341.16334655  2.80  56.733835  65.802747  3.493 -100.00 -100.00 -100.00
 171   104.145 56351.07898369  1.85  56.725721  65.804239  3.035  240.77  229.65  208.55
 171   103.833 56351.07898428  1.31  56.732029  65.803797  2.664  240.77  229.65  208.55
 171   103.198 56351.07898488  1.13  56.738337  65.803354  3.593  240.77  229.65  208.55
 172   104.103 56360.99462261  2.09  56.726108  65.803642  2.953  240.53  228.31  204.87
 172   103.754 56360.99462320  1.62  56.732416  65.803200  2.902  240.53  228.31  204.87
 173   102.841 56370.91027230  2.65  56.725883  65.802327  3.043  239.49  225.75  201.19
 173   102.760 56370.91027289  2.43  56.732190  65.801884  2.763  239.49  225.75  201.19
 174   103.139 56380.82591909  1.37  56.723509  65.802158  2.508  244.32  232.17  211.20
 174   103.089 56380.82591968  1.96  56.729816  65.801715  3.179  244.32  232.17  211.20
 174   102.703 56380.82592027  1.35  56.736123  65.801273  2.570  244.32  232.17  211.20
 175   102.485 56390.74156405  2.97  56.725868  65.803315  3.404  248.40  237.22  218.01
 175   101.690 56390.74156464  2.54  56.732176  65.802872  2.846  248.40  237.22  218.01
 177    81.998 56410.57284758 18.41  56.726764  65.806180 13.608  249.84  252.28  254.79
 177    81.719 56410.57284817 17.06  56.733073  65.805738 11.663  249.84  252.28  254.79
 177    81.453 56410.57284876 14.52  56.739381  65.805295  7.678  249.84  252.28  254.79
 178   101.999 56420.48848334 19.58  56.728499  65.806093  7.553  252.17  253.71  255.99
 178    85.481 56420.48848393 19.18  56.734808  65.805650  7.842  252.17  253.71  255.99
 179    81.952 56430.40412023 12.34  56.725176  65.805761  7.604  254.21  253.71  254.58
 179    81.927 56430.40412082 10.94  56.731485  65.805319  5.433  254.21  253.71  254.58
 179    81.319 56430.40412141 10.45  56.737794  65.804876  6.919  254.21  253.71  254.58
 180    79.930 56440.31977380 22.84  56.729866  65.804710 11.522  257.57  257.98  260.02
 180    83.188 56440.31977440 27.90  56.736175  65.804267 15.662  257.57  257.98  260.02
 181   102.987 56450.23542415  6.96  56.726303  65.804613  5.653  264.46  264.05  266.62
 181   103.751 56450.23542474  7.07  56.732611  65.804170  5.394  264.46  264.05  266.62
 182    77.398 56460.15107237 18.66  56.723945  65.804439 13.244  268.94  269.64  269.66
 182    77.281 56460.15107296 18.71  56.730253  65.803996 15.525  268.94  269.64  269.66
 182    80.766 56460.15107355 25.98  56.736561  65.803553 16.956  268.94  269.64  269.66
 184    86.378 56479.98235876 16.19  56.722646  65.802643 10.241 -100.00 -100.00 -100.00
 184    83.454 56479.98235935  4.13  56.728953  65.802201  6.769 -100.00 -100.00 -100.00
 184    80.402 56479.98235995 20.59  56.735261  65.801758   -100 -100.00 -100.00 -100.00
 185    83.748 56489.89799647 16.61  56.726161  65.801840 12.117 -100.00 -100.00 -100.00
 185    81.998 56489.89799706 21.70  56.732468  65.801397 12.755 -100.00 -100.00 -100.00
 188    87.871 56519.64490684 13.03  56.728555  65.803648  8.785  272.84  274.20  272.38
 188    83.247 56519.64490743 18.94  56.734863  65.803206 11.039  272.84  274.20  272.38
 189   100.634 56529.56055998  3.35  56.723250  65.803920  3.745 -100.00 -100.00 -100.00
 189   101.506 56529.56056057  2.59  56.729559  65.803478  4.201 -100.00 -100.00 -100.00
 189   102.790 56529.56056116  0.92  56.735867  65.803035  2.762 -100.00 -100.00 -100.00
 190    94.482 56539.47620966  5.34  56.724004  65.803428  4.408 -100.00 -100.00 -100.00
 190    96.816 56539.47621025  4.11  56.730313  65.802985  4.214 -100.00 -100.00 -100.00
 190    99.661 56539.47621084  3.92  56.736622  65.802543  4.196 -100.00 -100.00 -100.00
 191    89.190 56549.39185505  1.60  56.724228  65.802949  4.595  265.80  265.44  265.23
 191    97.609 56549.39185564  0.29  56.730536  65.802507  4.065  265.80  265.44  265.23
 191    83.658 56549.39185623 10.62  56.736845  65.802064 12.235  265.80  265.44  265.23
 192   102.179 56559.30749843  8.12  56.728772  65.803055  5.444  259.08  259.02  259.39
 192   102.400 56559.30749902  6.35  56.735081  65.802612  3.691  259.08  259.02  259.39
 193    99.919 56569.22314043  2.80  56.728618  65.804237  3.956  257.13  258.64  260.16
 193   101.352 56569.22314102  0.71  56.734926  65.803794  3.002  257.13  258.64  260.16
 194   107.762 56579.13878088 13.43  56.725897  65.805916  8.446 -100.00 -100.00 -100.00
 194   103.847 56579.13878147 15.25  56.732206  65.805474 16.220 -100.00 -100.00 -100.00
 194    96.689 56579.13878206  3.23  56.738515  65.805031  4.174 -100.00 -100.00 -100.00
 196    35.488 56598.97006238 24.29  56.729087  65.805831 11.774 -100.00 -100.00 -100.00
 196    35.504 56598.97006297 24.40  56.735396  65.805388 11.422 -100.00 -100.00 -100.00
 197    86.693 56608.88571337 16.28  56.729378  65.804796  8.279  252.06  250.74  246.45
 197    86.631 56608.88571396 18.72  56.735687  65.804353  7.974  252.06  250.74  246.45
 198   100.060 56618.80135893 14.43  56.724499  65.805021  8.953  249.99  247.39  240.13
 198    79.441 56618.80135952 16.49  56.730808  65.804578  9.804  249.99  247.39  240.13
 198    80.648 56618.80136011 22.52  56.737116  65.804136 29.017  249.99  247.39  240.13
 199    34.944 56628.71700208 34.27  56.728929  65.804890 21.108 -100.00 -100.00 -100.00
 199    34.349 56628.71700267 32.86  56.735238  65.804448   -100 -100.00 -100.00 -100.00
 200    35.090 56638.63264137 25.43  56.724113  65.804931 19.087  248.68  245.47  237.59
 200    35.169 56638.63264196 22.17  56.730422  65.804488 11.901  248.68  245.47  237.59
 200    35.088 56638.63264255 21.71  56.736730  65.804046 11.140  248.68  245.47  237.59
 203   102.862 56668.37958431  0.56  56.723617  65.801364  2.317  229.22  220.26  205.02
 203   102.386 56668.37958490  0.70  56.729925  65.800922  2.536  229.22  220.26  205.02
 203   102.208 56668.37958549  0.30  56.736234  65.800479  2.257  229.22  220.26  205.02
 206   101.917 56698.12651449  2.66  56.728382  65.803990  2.962  240.93  233.63  220.53
 206   101.797 56698.12651508  2.60  56.734691  65.803547  2.946  240.93  233.63  220.53
 207   102.068 56708.04215118  1.51  56.728584  65.803321  2.979 -100.00 -100.00 -100.00
 207   101.556 56708.04215177  1.08  56.734892  65.802878  2.767 -100.00 -100.00 -100.00
 208    90.402 56717.95778811  4.97  56.723536  65.802891  3.624 -100.00 -100.00 -100.00
 208   101.898 56717.95778870  4.27  56.729844  65.802449  2.848 -100.00 -100.00 -100.00
 208   100.970 56717.95778929  4.12  56.736151  65.802007  3.193 -100.00 -100.00 -100.00
 211   104.861 56747.70473474  3.06  56.725740  65.805894  3.132  219.43  208.96  197.44
 211   104.595 56747.70473533  2.55  56.732049  65.805451  3.017  219.43  208.96  197.44
 211   104.252 56747.70473592  2.66  56.738357  65.805008  2.725  219.43  208.96  197.44
 212   104.940 56757.62037561  3.36  56.728772  65.806409  3.674 -100.00 -100.00 -100.00
 212   104.535 56757.62037620  2.64  56.735081  65.805967  3.150 -100.00 -100.00 -100.00
 213    86.282 56767.53601016  8.27  56.727316  65.806132 13.253 -100.00 -100.00 -100.00
 213    82.978 56767.53601075  9.98  56.733625  65.805689 16.721 -100.00 -100.00 -100.00
 214    95.898 56777.45165475  2.06  56.726511  65.805027  3.470 -100.00 -100.00 -100.00
 214    89.597 56777.45165534  2.53  56.732820  65.804584  4.369 -100.00 -100.00 -100.00
 215    94.397 56787.36731075  4.63  56.724648  65.804518  4.104 -100.00 -100.00 -100.00
 215    94.791 56787.36731134 10.76  56.730957  65.804076  9.330 -100.00 -100.00 -100.00
 215    91.752 56787.36731193 13.61  56.737265  65.803633  9.250 -100.00 -100.00 -100.00
 216   102.477 56797.28296337 20.08  56.724791  65.804674  7.124 -100.00 -100.00 -100.00
 216    83.448 56797.28296396 20.70  56.731099  65.804232  8.476 -100.00 -100.00 -100.00
 216   100.624 56797.28296455 18.54  56.737407  65.803789  5.869 -100.00 -100.00 -100.00
 217    82.162 56807.19861097 15.62  56.726875  65.804913  8.467 -100.00 -100.00 -100.00
 217    81.937 56807.19861156 14.87  56.733183  65.804470  8.044 -100.00 -100.00 -100.00
 219    95.037 56827.02989005 13.91  56.726664  65.802834  6.419  252.49  253.57  255.16
 219    95.865 56827.02989064 11.93  56.732972  65.802392  3.900  252.49  253.57  255.16
 220    90.688 56836.94552456 23.02  56.727003  65.801365 10.562 -100.00 -100.00 -100.00
 220    90.269 56836.94552515 28.95  56.733311  65.800922 15.831 -100.00 -100.00 -100.00
 221    97.658 56846.86115587 14.88  56.726240  65.801706 14.874  262.90  263.25  263.45
 221    84.067 56846.86115646 23.12  56.732547  65.801264 14.609  262.90  263.25  263.45
 223    90.779 56866.69245921 13.91  56.723357  65.804584 10.930  269.27  269.90  268.92
 223    90.145 56866.69245980 13.48  56.729665  65.804141  9.760  269.27  269.90  268.92
 224    62.730 56876.60811139  6.09  56.725004  65.804523 10.885  276.11  277.14  275.33
 224    88.805 56876.60811257  2.43  56.737620  65.803638  3.831  276.11  277.14  275.33
 225    76.598 56886.52376059 16.40  56.727757  65.803345 21.912  269.78  269.85  268.74
 225   101.107 56886.52376118  4.67  56.734065  65.802903  4.039  269.78  269.85  268.74
 226    83.238 56896.43940629  4.87  56.722531  65.802462  6.447 -100.00 -100.00 -100.00
 226    85.369 56896.43940688  3.59  56.728839  65.802019  5.596 -100.00 -100.00 -100.00
 226    87.756 56896.43940747  2.05  56.735147  65.801577  5.332 -100.00 -100.00 -100.00
 227    92.237 56906.35504994  7.16  56.726924  65.802418  5.852  259.81  259.91  260.36
 227   101.708 56906.35505053  5.16  56.733232  65.801976  4.129  259.81  259.91  260.36
 228   102.486 56916.27069099  7.91  56.727197  65.804218  5.170  258.85  258.44  259.40
 228    91.917 56916.27069158  7.75  56.733506  65.803775  5.084  258.85  258.44  259.40
 229   103.612 56926.18633014  7.57  56.727525  65.806368  4.458 -100.00 -100.00 -100.00
 229    97.458 56926.18633073  8.40  56.733834  65.805925  5.679 -100.00 -100.00 -100.00
 230   109.705 56936.10196621 18.09  56.730109  65.807135 10.570  255.56  256.43  257.43
 230    98.626 56936.10196680 22.90  56.736418  65.806692   -100  255.56  256.43  257.43
 231    83.660 56946.01759630 16.83  56.724818  65.806770 10.443  253.53  251.51  250.86
 231    82.006 56946.01759689 19.87  56.731127  65.806328 13.412  253.53  251.51  250.86
 231    81.409 56946.01759748 26.16  56.737436  65.805885 22.176  253.53  251.51  250.86
 232    34.229 56955.93324877 29.11  56.723921  65.804783 18.524  251.07  248.14  244.13
 232    34.396 56955.93324936 30.14  56.730230  65.804340 20.504  251.07  248.14  244.13
 232    34.414 56955.93324995 30.22  56.736538  65.803898 21.303  251.07  248.14  244.13
 233    85.722 56965.84889836  5.16  56.728446  65.803387  5.841  252.40  253.50  254.09
 233   101.089 56965.84889895  3.41  56.734754  65.802945  3.863  252.40  253.50  254.09
 235   103.303 56985.68018304  0.15  56.725932  65.805531  2.473 -100.00 -100.00 -100.00
 235   103.491 56985.68018363  0.21  56.732240  65.805089  2.828 -100.00 -100.00 -100.00
 237   102.426 57005.51146013  1.17  56.726107  65.803554  2.993 -100.00 -100.00 -100.00
 237   101.931 57005.51146072  0.97  56.732415  65.803111  2.824 -100.00 -100.00 -100.00
 238   102.248 57015.42711523  3.22  56.726540  65.801131  3.485  244.56  239.88  232.11
 238   102.310 57015.42711582  2.62  56.732848  65.800689  3.134  244.56  239.88  232.11
 239   100.849 57025.34276609  1.95  56.727937  65.800620  4.303  238.36  232.32  222.00
 239   100.642 57025.34276668  2.00  56.734245  65.800177  4.151  238.36  232.32  222.00
 240   101.884 57035.25841428  1.92  56.724651  65.802806  5.482 -100.00 -100.00 -100.00
 240   101.512 57035.25841487  1.08  56.730959  65.802364  4.392 -100.00 -100.00 -100.00
 240   102.521 57035.25841546  0.36  56.737268  65.801921  3.802 -100.00 -100.00 -100.00
 241    91.720 57045.17406020  1.50  56.724208  65.804894  3.316 -100.00 -100.00 -100.00
 241   101.797 57045.17406079  0.75  56.730517  65.804451  2.745 -100.00 -100.00 -100.00
 241   101.851 57045.17406138  0.74  56.736826  65.804009  2.737 -100.00 -100.00 -100.00
 242   102.010 57055.08970364  2.35  56.729672  65.805006  2.534  246.74  242.13  232.23
 242   101.956 57055.08970423  1.99  56.735981  65.804563  2.542  246.74  242.13  232.23
 243   104.150 57065.00534108  1.80  56.723067  65.804140  2.783  245.71  239.46  228.06
 243   104.098 57065.00534167  1.62  56.729375  65.803697  3.198  245.71  239.46  228.06
 243   104.017 57065.00534226  1.22  56.735683  65.803255  2.521  245.71  239.46  228.06
 244   103.019 57074.92097494  2.52  56.728790  65.802796  2.529 -100.00 -100.00 -100.00
 244   102.989 57074.92097553  2.09  56.735097  65.802354  3.042 -100.00 -100.00 -100.00
 245   104.019 57084.83660443  6.02  56.723508  65.803865  2.908  243.11  238.63  230.75
 245   104.130 57084.83660502  5.81  56.729816  65.803422  3.243  243.11  238.63  230.75
 245   103.699 57084.83660561  5.65  56.736124  65.802980  3.001  243.11  238.63  230.75
 246    91.441 57094.75225836  7.27  56.725027  65.805693  3.627 -100.00 -100.00 -100.00
 246    91.115 57094.75225896  6.96  56.731336  65.805251  3.330 -100.00 -100.00 -100.00
 246    86.655 57094.75225955  6.48  56.737644  65.804808  3.387 -100.00 -100.00 -100.00
 247    91.864 57104.66791518  6.94  56.728630  65.807132  3.768  224.66  213.76  200.69
 247   102.369 57104.66791577  6.32  56.734939  65.806689  2.845  224.66  213.76  200.69
 248   103.928 57114.58356712  6.84  56.725450  65.807627  3.153  242.76  237.60  231.14
 248   103.828 57114.58356771  6.31  56.731759  65.807184  2.841  242.76  237.60  231.14
 248   103.875 57114.58356830  6.04  56.738068  65.806742  3.183  242.76  237.60  231.14
 249    35.338 57124.49921329  7.47  56.726124  65.806036  4.638  268.53  266.84  265.66
 249    34.632 57124.49921388  8.08  56.732432  65.805593  5.257  268.53  266.84  265.66
 249    35.262 57124.49921447  8.40  56.738741  65.805150  5.453  268.53  266.84  265.66
 250   104.535 57134.41485431  1.13  56.728127  65.804063  2.770  243.05  236.05  224.50
 250   104.273 57134.41485490  1.66  56.734436  65.803621  4.214  243.05  236.05  224.50
 252    94.207 57154.24612410 20.24  56.724596  65.804516  9.581 -100.00 -100.00 -100.00
 252    98.996 57154.24612469  7.50  56.730905  65.804073  4.781 -100.00 -100.00 -100.00
 252    85.993 57154.24612528 12.93  56.737213  65.803631 12.936 -100.00 -100.00 -100.00
 253    92.228 57164.16176122 28.29  56.726660  65.805464 16.989  234.17  235.06  242.14
 253    90.632 57164.16176181 27.42  56.732968  65.805021 14.844  234.17  235.06  242.14
 253    90.199 57164.16176240 16.66  56.739277  65.804579  6.737  234.17  235.06  242.14
 254    86.423 57174.07741838 23.17  56.729798  65.805001 12.064  250.90  255.92  255.55
 254    85.973 57174.07741897 30.12  56.736106  65.804558 28.344  250.90  255.92  255.55
 255    94.533 57183.99307143  7.68  56.724648  65.803626  5.670  255.03  256.36  257.57
 255    94.534 57183.99307202  6.83  56.730956  65.803183  5.736  255.03  256.36  257.57
 255   100.021 57183.99307261  5.03  56.737263  65.802741  3.565  255.03  256.36  257.57
 256    85.797 57193.90872093 16.80  56.723539  65.801675  7.818 -100.00 -100.00 -100.00
 256    84.366 57193.90872152 20.13  56.729846  65.801232  9.972 -100.00 -100.00 -100.00
 256    81.779 57193.90872211 23.83  56.736153  65.800790   -100 -100.00 -100.00 -100.00
 257    89.951 57203.82436819  8.03  56.723887  65.801100  5.475  266.57  268.37  266.97
 257    89.391 57203.82436878  7.83  56.730194  65.800658  6.073  266.57  268.37  266.97
 258    82.238 57213.74000247 18.86  56.728198  65.802287 20.852  265.75  266.61  265.66
 258    80.617 57213.74000306 23.48  56.734505  65.801844 24.298  265.75  266.61  265.66
 259    88.773 57223.65564631  1.49  56.729402  65.804331  3.632 -100.00 -100.00 -100.00
 259    85.833 57223.65564690  9.60  56.735710  65.803889 11.713 -100.00 -100.00 -100.00
 260    85.854 57233.57128830  7.99  56.729039  65.805290  6.390 -100.00 -100.00 -100.00
 260   100.724 57233.57128889  6.59  56.735348  65.804848  4.415 -100.00 -100.00 -100.00
 261    85.128 57243.48692740 17.13  56.729339  65.804595 16.076  270.68  271.13  270.18
 261    83.222 57243.48692799 24.38  56.735648  65.804153 16.189  270.68  271.13  270.18
 262    83.668 57253.40256354 13.29  56.724670  65.803783 10.131 -100.00 -100.00 -100.00
 262    83.184 57253.40256413 12.18  56.730979  65.803341  9.428 -100.00 -100.00 -100.00
 262    83.673 57253.40256472 16.92  56.737288  65.802898 16.345 -100.00 -100.00 -100.00
 263    84.138 57263.31819846  9.55  56.723333  65.804183  6.069  261.58  261.97  262.33
 263    86.074 57263.31819905  8.73  56.729642  65.803741  5.821  261.58  261.97  262.33
 263   100.873 57263.31819964  6.28  56.735950  65.803298  3.858  261.58  261.97  262.33
 264   101.101 57273.23383628  2.88  56.728299  65.805728  3.502  265.45  266.99  266.52
 264   101.467 57273.23383687  3.03  56.734609  65.805285  4.433  265.45  266.99  266.52
