# NaN NaN NaN ;Mean Elev.(m), Avg Gradient(m/km), RMS Gradient(m/km) - SRTM1     
#   41.967   1.463   8.942 ;Mean Elev.(m), Avg Gradient(m/km), RMS Gradient(m/km) - ASTER GDEM
#   41.928   1.154   8.241 ;Mean Elev.(m), Avg Gradient(m/km), RMS Gradient(m/km) - GMTED2010 
   1  56.732559  65.808359    74.708    85.488  3 54666.35480830 16.087
   2  56.731729  65.809430    42.051    42.051  2 54676.27045283 21.432
   3  56.735065  65.811437     3.529     3.529  2 54686.18609638  7.175
   5  56.734054  65.811262     8.811     8.811  2 54706.01737732 12.123
   6  56.733706  65.808862    89.070    89.070  2 54715.93302955 21.787
   7  56.731329  65.806396    11.810    11.813  3 54725.84867913 11.274
   8  56.733226  65.806209   104.271   104.271  2 54735.76432733  9.152
   9  56.732115  65.807897    77.812    76.745  3 54745.67997451 24.888
  10  56.733273  65.809702   103.198   103.198  2 54755.59562146 16.725
  11  56.735331  65.809616    96.951    96.951  2 54765.51126704 14.025
  12  56.730619  65.807053    83.264    83.264  2 54775.42690896 18.741
  13  56.731886  65.805116    80.769    78.113  3 54785.34254896 12.953
  14  56.730916  65.805092    35.492    35.522  3 54795.25818730 40.151
  15  56.734148  65.807362    84.361    84.361  2 54805.17382541 11.333
  17  56.731405  65.809525    35.364    35.364  2 54825.00510846 16.919
  20  56.735748  65.810307    35.360    35.360  2 54854.75204728 13.421
  22  56.733970  65.812519   106.187   106.187  2 54874.58334457  2.228
  24  56.731169  65.808835    97.713    97.713  2 54894.41463256  2.972
  25  56.731032  65.806747   104.845   104.775  3 54904.33027226  3.612
  26  56.733272  65.806630    86.614    86.547  3 54914.24591108  4.503
  27  56.731985  65.807770   105.220   105.179  3 54924.16154905  4.736
  28  56.731465  65.808909   105.582   105.582  2 54934.07718631  6.360
  29  56.733185  65.808691   105.294   105.251  3 54943.99282178  1.325
  30  56.733291  65.806755   104.832   104.832  2 54953.90845489  4.036
  32  56.730609  65.805100    41.114    41.124  3 54973.73974802 46.510
  33  56.732025  65.807068   102.774   103.306  3 54983.65539593 20.928
  34  56.733525  65.809186    88.770    88.770  2 54993.57104367 17.463
  35  56.734237  65.810111    99.188    99.188  2 55003.48669020  9.223
  36  56.734467  65.809967   104.220   104.220  2 55013.40233463  8.227
  37  56.733691  65.809488   103.988   103.988  2 55023.31797756  9.182
  38  56.735609  65.810209   104.394   104.394  2 55033.23362006  4.652
  41  56.733342  65.809650    43.270    48.163  3 55062.98053919 20.604
  42  56.730966  65.807516    67.392    67.392  2 55072.89618349 15.243
  43  56.731391  65.806168    72.678    72.678  2 55082.81183176 10.377
  44  56.732804  65.806430   104.065   104.065  2 55092.72747861  6.113
  45  56.732170  65.807485    86.957    75.975  3 55102.64312508 25.905
  46  56.732236  65.808561    94.525    94.525  2 55112.55877131 12.926
  47  56.730543  65.808161   103.198   103.198  2 55122.47441499  9.026
  48  56.731874  65.806930    81.252    81.252  2 55132.39005600 21.109
  49  56.733210  65.805726    85.281    80.693  3 55142.30569496 16.704
  50  56.731998  65.805846    33.733    33.733  2 55152.22133313 32.115
  51  56.731650  65.807181    34.370    34.369  3 55162.13697167 26.966
  52  56.734602  65.808860    34.408    34.408  2 55172.05261015 23.470
  53  56.733680  65.809398    34.524    34.524  2 55181.96824665 18.511
  54  56.734732  65.809629    34.491    34.491  2 55191.88389694 16.850
  55  56.734046  65.810059    34.350    34.350  2 55201.79954701 16.350
  56  56.735298  65.810845   104.954   104.954  2 55211.71519664  1.079
  58  56.732204  65.810372    34.109    34.109  2 55231.54649325 17.805
  59  56.730902  65.808809    34.074    34.074  2 55241.46213773 19.171
  60  56.731994  65.807397    86.362    86.258  3 55251.37777893  2.557
  62  56.730639  65.807105    95.603    95.603  2 55271.20905562  3.576
  63  56.733286  65.807820   103.792   103.792  2 55281.12469377  1.655
  64  56.733552  65.807771   104.762   104.762  2 55291.04033047  2.754
  66  56.731102  65.805985    80.999    80.999  2 55310.87161126  6.250
  67  56.730111  65.805756    85.267    86.614  3 55320.78725670 27.083
  68  56.731551  65.806652    84.699    84.699  2 55330.70290131 29.262
  69  56.733438  65.808154    85.477    80.084  3 55340.61854591 25.866
  70  56.731942  65.808956   105.058   105.058  2 55350.53418996  5.817
  71  56.730827  65.809238    78.205    78.205  2 55360.44983191 22.478
  72  56.730722  65.809421    99.706    99.706  2 55370.36547177  9.900
  73  56.734173  65.810113   104.184   104.184  2 55380.28111049  6.140
  74  56.733840  65.810680   104.505   104.505  2 55390.19674815  2.877
  75  56.733463  65.810460   100.701   104.560  3 55400.11238466  5.988
  76  56.731019  65.808989    80.111    80.111  2 55410.02803207 15.395
  78  56.731657  65.805919    85.508    77.368  3 55429.85932942 15.863
  79  56.732182  65.806462    94.058   103.107  3 55439.77497410 16.679
  80  56.732323  65.807767    93.760    93.760  2 55449.69061733 10.650
  81  56.734651  65.808495    76.322    76.322  2 55459.60626033 26.149
  82  56.733232  65.807688    90.118    90.118  2 55469.52190204 13.705
  83  56.732209  65.806230    86.494    81.742  3 55479.43754060 15.845
  84  56.731470  65.805341    92.340    96.511  3 55489.35317642 12.937
  85  56.730048  65.805582    88.158    87.379  3 55499.26880995 21.096
  86  56.732782  65.807265    81.767    81.767  2 55509.18445038 22.214
  87  56.732878  65.808628    36.520    36.520  2 55519.10010045 42.317
  88  56.733331  65.809294    35.082    35.082  2 55529.01574960 35.216
  89  56.733052  65.809261    35.175    35.175  2 55538.93139685 27.317
  90  56.732567  65.809370    35.659    35.656  3 55548.84704184 21.610
  91  56.732329  65.810151    35.258    35.258  2 55558.76268516 19.484
  92  56.731292  65.811068    34.856    34.856  2 55568.67832755 18.817
  93  56.730999  65.810826    34.832    34.832  2 55578.59396912 18.433
  94  56.735257  65.809181    34.934    34.934  2 55588.50960867 18.508
  95  56.732726  65.806303    95.208    95.208  2 55598.42524452  2.261
  96  56.731395  65.804800    34.668    34.668  2 55608.34087793 17.737
  97  56.732731  65.805481    34.742    34.837  3 55618.25650979 17.812
  99  56.730666  65.808454    34.365    34.365  2 55638.08780769 17.032
 100  56.730497  65.807519   104.874   104.874  2 55648.00345679  1.453
 102  56.729034  65.804682    86.970    86.970  2 55667.83474488  8.029
 103  56.730421  65.805923    85.360    85.360  2 55677.75038454 12.076
 104  56.732551  65.808194   103.583   103.583  2 55687.66602240 19.929
 105  56.732678  65.809613    96.091    96.091  2 55697.58165878 16.170
 106  56.732941  65.809429   100.874   101.170  3 55707.49729403 13.249
 107  56.733356  65.808823   105.510   105.510  2 55717.41294531  4.294
 108  56.733167  65.808817   103.930   104.001  3 55727.32859381  5.408
 109  56.732795  65.809780    90.109    90.109  2 55737.24424067 21.416
 110  56.731870  65.810845    90.286    90.286  2 55747.15988622 12.842
 111  56.730858  65.810589    43.489    43.489  2 55757.07552962 14.416
 112  56.730604  65.808596    80.554    80.554  2 55766.99117043 12.587
 113  56.733121  65.806108    81.935    81.677  3 55776.90680847 10.396
 114  56.731863  65.804556    88.568    87.468  3 55786.82244353  3.253
 115  56.733101  65.805605    48.265    48.275  3 55796.73807723  9.703
 116  56.731882  65.807511    62.136    48.351  3 55806.65371892 16.942
 117  56.732492  65.808783    84.579    84.579  2 55816.56936811 15.858
 118  56.734386  65.807795   104.347   104.347  2 55826.48501415  2.765
 119  56.731154  65.805652   103.415   103.415  2 55836.40065527  6.876
 120  56.730490  65.804429   102.103   102.439  3 55846.31629338 11.404
 121  56.731015  65.805663    97.344    97.344  2 55856.23192909 10.465
 122  56.730814  65.808082    35.304    35.304  2 55866.14757164 40.676
 123  56.735718  65.810485    34.474    34.474  2 55876.06322472 39.056
 124  56.732160  65.810325    34.727    34.727  2 55885.97887095 29.725
 125  56.734099  65.809551    34.624    34.624  2 55895.89451186 22.165
 127  56.733726  65.809101    93.374    91.941  3 55915.72579049  1.974
 128  56.736104  65.810433   103.203   103.203  2 55925.64144442  2.213
 129  56.731476  65.810372    34.304    34.304  2 55935.55709442 21.112
 131  56.731569  65.806136    34.455    34.455  2 55955.38838105 26.421
 132  56.731292  65.804772    34.410    34.410  2 55965.30401946 16.429
 133  56.732321  65.805839    34.197    34.197  2 55975.21965679 16.839
 134  56.731095  65.807760   105.000   105.000  2 55985.13529300  2.002
 135  56.732336  65.808701   105.238   105.087  3 55995.05092737  2.277
 136  56.731610  65.807789    84.089    84.089  2 56004.96657938  6.953
 137  56.732680  65.805933    86.443    86.443  2 56014.88222763  6.458
 138  56.732409  65.805273   104.299   104.299  2 56024.79787276  0.806
 140  56.732761  65.809229    97.391    99.942  3 56044.62915718  5.140
 141  56.732437  65.810725    86.379    86.379  2 56054.54479554 20.814
 142  56.734117  65.810615   101.530   101.530  2 56064.46043033 17.625
 143  56.732107  65.809407   100.553   100.553  2 56074.37607393 12.455
 144  56.734437  65.809250    85.956    85.956  2 56084.29172381 20.134
 145  56.732908  65.809405    95.245    95.245  2 56094.20737097 15.958
 146  56.734904  65.810055    96.789    96.789  2 56104.12301632 20.534
 147  56.732545  65.809371   101.099   101.741  3 56114.03864671  2.050
 148  56.730957  65.807959   102.146   102.146  2 56123.95428495 17.990
 149  56.731478  65.806085    91.552    97.610  3 56133.86991940 25.260
 150  56.731444  65.805274    86.963    83.657  3 56143.78555864 22.271
 151  56.731907  65.806096    91.100    91.100  2 56153.70120915 13.315
 152  56.734139  65.807822    80.367    80.367  2 56163.61685854 20.589
 153  56.732428  65.808637    80.142    80.090  3 56173.53250547 20.952
 154  56.734412  65.808290   103.880   103.880  2 56183.44814764  8.082
 155  56.730823  65.806668   103.984   103.923  3 56193.36378550  8.806
 156  56.732284  65.806056   103.563   103.213  3 56203.27942109  9.888
 157  56.731305  65.806884    74.407    74.407  2 56213.19505482 22.575
 158  56.732290  65.808825   109.386   109.386  2 56223.11068774 22.596
 159  56.732195  65.810547    84.941    84.941  2 56233.02634403 15.853
 160  56.731184  65.810712    34.956    34.956  2 56242.94199616 24.402
 161  56.731039  65.809975    35.110    35.110  2 56252.85764379 21.136
 162  56.733576  65.809542    35.231    35.231  2 56262.77328718 14.477
 163  56.733363  65.809463    35.045    35.045  2 56272.68892839 14.488
 164  56.731666  65.809331    34.751    34.751  2 56282.60457069 15.007
 165  56.731919  65.808928    34.730    34.730  2 56292.52022258 15.335
 166  56.731985  65.807677    34.453    34.453  2 56302.43586997 15.379
 167  56.733542  65.806636    34.484    34.484  2 56312.35151328 16.572
 168  56.730539  65.806328    34.086    34.086  2 56322.26715404 17.232
 169  56.730964  65.807273    34.199    34.199  2 56332.18279456 16.701
 170  56.731294  65.808034   104.641   104.641  2 56342.09843462  2.744
 171  56.731897  65.808034   105.030   105.032  3 56352.01407237  1.458
 172  56.731877  65.807232   103.985   104.619  3 56361.92971269  2.263
 173  56.732335  65.806919   104.194   104.192  3 56371.84536204  2.187
 174  56.731945  65.807548   104.773   104.773  2 56381.76100870  2.044
 175  56.733184  65.809173   102.981   103.073  3 56391.67665342  2.244
 177  56.731296  65.810589    90.005    90.005  2 56411.50793642 15.029
 178  56.733135  65.810199    97.068   102.763  3 56421.42357180 18.969
 179  56.731055  65.809635    83.366    83.366  2 56431.33921090 24.240
 180  56.732586  65.809994   103.964   103.964  2 56441.25486388 11.245
 181  56.730708  65.810047   105.549   105.549  2 56451.17051404  5.527
 182  56.735050  65.809760   109.423   109.423  2 56461.08616241 15.174
 183  56.734119  65.808358    48.517    48.517  2 56471.00180696 20.461
 184  56.731399  65.806932    48.500    48.480  3 56480.91744772 16.848
 185  56.730493  65.806442    89.167    89.167  2 56490.83308480 15.888
 186  56.733127  65.807072    85.540    85.540  2 56500.74871975 20.719
 187  56.733030  65.807683    78.691    78.691  2 56510.66435302 17.960
 189  56.731191  65.807629   104.235   104.235  2 56530.49565014  3.661
 191  56.732187  65.807304    80.567    80.567  2 56550.32694484  7.327
 192  56.732341  65.808482   103.885   103.885  2 56560.24258773  7.312
 193  56.730814  65.809881   104.291   104.291  2 56570.15822944  8.236
 194  56.736467  65.811318    78.336    78.336  2 56580.07387042 16.660
 195  56.736066  65.810824    35.086    35.086  2 56589.98950680 32.598
 196  56.732473  65.809662    35.428    35.428  2 56599.90515251 30.393
 197  56.732624  65.809262    87.341    83.263  3 56609.82080301 18.683
 198  56.733050  65.809920    81.036    81.041  3 56619.73644877 17.526
 199  56.734409  65.810569    34.471    34.471  2 56629.65209147 36.074
 200  56.731302  65.809638    34.915    34.915  2 56639.56773042 27.001
 201  56.733788  65.807859    35.186    35.186  2 56649.48337601 25.502
 202  56.730789  65.805962   103.641   103.641  2 56659.39902681  0.425
 203  56.732311  65.805994   104.447   104.433  3 56669.31467424  1.283
 204  56.732388  65.807750   104.302   104.302  2 56679.23031923  1.900
 205  56.734004  65.809472   103.248   103.248  2 56689.14596280  0.070
 206  56.734604  65.809466   103.268   103.268  2 56699.06160349  2.065
 207  56.733425  65.807826   103.310   103.310  2 56708.97723932  0.932
 208  56.732847  65.806624   103.485   103.865  3 56718.89287856  4.596
 209  56.733537  65.807412    96.020    96.020  3 56728.80853109  0.853
 210  56.735322  65.809741   105.550   105.550  2 56738.72417984  1.186
 211  56.733382  65.811685   106.136   106.136  2 56748.63982443  1.993
 212  56.732690  65.811965   106.089   106.089  2 56758.55546445  2.580
 214  56.733720  65.809388    84.296    83.751  3 56778.38674564  8.690
 215  56.733446  65.809286    89.126    89.126  2 56788.30240149 15.572
 216  56.733463  65.810171   104.236   104.357  3 56798.21805390 18.818
 217  56.734138  65.811110   107.673   107.673  2 56808.13370064 12.037
 218  56.734001  65.810430   103.954   103.954  2 56818.04934142  9.374
 219  56.734681  65.808441    84.945    84.945  2 56827.96497863 20.664
 220  56.733091  65.806052    91.522    92.069  3 56837.88061241 20.984
 221  56.730228  65.805402    97.438   100.677  3 56847.79624333  3.089
 222  56.733288  65.807384    48.427    48.427  2 56857.71189643 20.289
 223  56.735088  65.809664    48.373    48.373  2 56867.62755014 14.388
 224  56.733298  65.810034    42.120    42.120  2 56877.54320173 18.277
 225  56.732111  65.808967   104.381   104.381  2 56887.45885015  4.175
 226  56.730587  65.807494    97.378    97.378  2 56897.37449581  1.019
 227  56.731876  65.807906   103.712   103.712  2 56907.29013906  6.661
 228  56.733978  65.810070   104.363   104.363  2 56917.20578032  6.897
 229  56.734383  65.812207   104.772   104.772  2 56927.12141946  6.378
 230  56.736245  65.812775    99.372    99.372  2 56937.03705496 19.471
 231  56.734381  65.810951    80.999    80.999  2 56946.95268512 20.701
 232  56.732925  65.809035    34.174    34.163  3 56956.86833906 30.962
 234  56.733414  65.809212    34.882    34.816  3 56976.69963223 22.957
 236  56.730711  65.809675    34.770    34.770  2 56996.53090621 15.405
 238  56.731869  65.805907   104.177   104.198  3 57016.36220520  1.331
 239  56.731005  65.805704   103.876   104.455  3 57026.27785558  1.849
 241  56.734711  65.809885   105.053   105.053  2 57046.10915041  0.882
 242  56.734455  65.810316   103.528   103.528  2 57056.02479287  3.144
 243  56.732358  65.808734   105.595   105.595  2 57065.94042991  1.062
 244  56.732233  65.807578   104.566   104.566  2 57075.85606264  3.684
 245  56.730999  65.807540   105.390   105.390  2 57085.77169226  4.996
 246  56.733510  65.810014    91.092    91.092  2 57095.68734936  6.362
 247  56.735345  65.812230   103.030   103.030  2 57105.60300593  6.222
 248  56.737357  65.812894   105.873   105.873  2 57115.51865793  5.987
 250  56.731530  65.809311   105.930   105.930  2 57135.34994303  0.734
 251  56.732489  65.808319    34.624    34.624  2 57145.26557901 17.948
 252  56.732252  65.808543    88.377    88.377  2 57155.18121245 25.123
 253  56.733566  65.809300    88.653    88.255  3 57165.09685212 27.057
 254  56.732766  65.809579    83.251    83.251  2 57175.01250871 22.942
 255  56.733602  65.808475    97.749    98.068  3 57184.92816178  6.055
 256  56.733801  65.806905   100.033   100.033  2 57194.84381077  3.345
 257  56.730772  65.806290   100.726   103.131  3 57204.75944579  5.497
 258  56.733296  65.807793    81.298    82.320  3 57214.67509149 25.141
 259  56.731093  65.809343   104.495   104.495  2 57224.59073525  5.950
 260  56.731185  65.810033    83.403    83.403  2 57234.50637731 18.817
 261  56.731499  65.809349   103.135   103.135  2 57244.42201610  3.987
 262  56.732603  65.808394    87.025    87.025  2 57254.33765240 10.092
 263  56.730833  65.808459   102.860   102.860  2 57264.25328709  6.601
 264  56.731898  65.809975   104.429   104.429  2 57274.16892692  4.430
 265  56.735797  65.811880   105.419   105.419  2 57284.08458461  3.681
 266  56.733210  65.811839   104.966   104.966  2 57294.00023885  8.981
 267  56.735011  65.810807   104.427   104.427  2 57303.91588989  3.385
 268  56.732479  65.809202    80.782    80.782  2 57313.83153666 21.055
 269  56.729801  65.808489    82.711    82.711  2 57323.74718024 10.751
 270  56.733185  65.808991    35.442    35.442  2 57333.66282248 27.439
 271  56.733785  65.809449    35.248    35.248  2 57343.57846253 19.965
 272  56.732370  65.809134    35.167    35.105  3 57353.49411558 15.757
 273  56.731905  65.808111   104.705   104.693  3 57363.40975955  1.097
 274  56.732289  65.806964   104.119   104.146  3 57373.32540023  1.684
 276  56.732855  65.807803    35.060    35.060  2 57393.15667760 13.758
 277  56.734547  65.808887    85.980    85.980  2 57403.07231529  3.300
 278  56.733288  65.809202   105.159   105.203  3 57412.98795965  1.714
 279  56.735315  65.809376   103.253   103.253  2 57422.90361147  1.965
 280  56.732868  65.809448   105.301   105.301  2 57432.81926010  2.549
 281  56.732686  65.810293   103.414   103.414  2 57442.73490715  3.640
 282  56.736219  65.811544   103.267   103.267  2 57452.65055387  2.475
 284  56.735917  65.811130   103.201   103.201  2 57472.48183968  4.551
 286  56.733360  65.808527    34.645    34.645  2 57492.31311090 23.185
 287  56.730842  65.808161    81.777    81.777  2 57502.22874285  8.217
 288  56.734307  65.808754    86.029    86.029  2 57512.14439335 20.439
 289  56.734474  65.808855    83.954    83.954  2 57522.06004854 19.386
 290  56.733646  65.808204    93.792    93.792  2 57531.97570122 15.623
 291  56.731082  65.807279    77.862    77.862  2 57541.89135044 20.297
 292  56.733077  65.807210    98.377    98.377  2 57551.80699726  8.241
 293  56.731944  65.807767   103.778   103.778  2 57561.72264238  8.000
 294  56.733611  65.808872    88.741    83.735  3 57571.63828736 10.679
 295  56.731287  65.809213    42.118    42.118  2 57581.55393186 20.105
 296  56.734238  65.809370    41.934    41.934  2 57591.46957504 20.746
 297  56.735272  65.809332    42.033    42.033  2 57601.38521535 20.399
