# NaN NaN NaN ;Mean Elev.(m), Avg Gradient(m/km), RMS Gradient(m/km) - SRTM1     
#   -9.668  -0.053  15.029 ;Mean Elev.(m), Avg Gradient(m/km), RMS Gradient(m/km) - ASTER GDEM
#   32.905   0.235   9.122 ;Mean Elev.(m), Avg Gradient(m/km), RMS Gradient(m/km) - GMTED2010 
   3  56.681805  66.087659     4.551     4.551  2 54680.25284392 12.340
   5  56.685289  66.088978   -23.581   -23.581  2 54700.08412768 27.657
   6  56.680802  66.087682    92.516    92.516  2 54709.99977252  2.470
   7  56.682530  66.086181     4.543    12.157  3 54719.91542398 22.711
   8  56.678337  66.084644    97.185    97.179  3 54729.83107229 20.160
   9  56.679441  66.084479    95.655    96.678  3 54739.74671952 22.330
  10  56.682050  66.085109   100.892   100.463  3 54749.66236690 13.414
  11  56.678859  66.085619   106.153   114.009  3 54759.57801355 17.961
  12  56.679234  66.085498    96.319    96.452  3 54769.49365818 24.484
  13  56.679497  66.084638    98.011    97.987  3 54779.40929943 19.994
  14  56.677116  66.083566    93.664    93.616  4 54789.32493792 11.291
  15  56.676505  66.083530    91.842    92.231  4 54799.24057553 10.614
  16  56.679573  66.084611    99.801    98.876  3 54809.15621356  1.409
  26  56.678904  66.084549   103.988   104.097  4 54908.31266187  0.236
  27  56.680408  66.085210   103.495   103.768  3 54918.22829977  1.444
  28  56.681344  66.085865   103.603   103.726  3 54928.14393745  6.007
  30  56.680314  66.084394   103.631   103.703  4 54947.97520937  0.947
  31  56.678166  66.083348   104.226   104.306  4 54957.89084467  1.304
  33  56.680611  66.084583    98.862    99.759  3 54977.72214089 25.462
  34  56.679685  66.085606    92.913    92.722  3 54987.63778833 25.155
  35  56.679700  66.086095   105.854   104.627  3 54997.55343601 23.600
  36  56.680483  66.086359    97.321    98.240  3 55007.46908200  0.862
  37  56.681456  66.086780    95.162    95.162  2 55017.38472595  4.534
  39  56.681592  66.088773    94.861    94.861  2 55037.21601037  5.396
  41  56.680925  66.087684    30.126    30.126  2 55057.04729028 44.190
  42  56.679864  66.085327    30.848    30.859  3 55066.96292692 25.737
  43  56.682465  66.083901    31.318    29.855  3 55076.87857751 31.948
  45  56.680782  66.085222   104.833   104.822  3 55096.70987131 22.596
  46  56.679018  66.086031    95.105    95.011  3 55106.62551696 22.155
  47  56.677902  66.085475   100.787    99.918  3 55116.54116219  7.685
  48  56.679641  66.084011   103.240   102.178  3 55126.45680534  2.208
  50  56.678211  66.083176    30.598    30.549  4 55146.28808437 40.741
  51  56.680220  66.084822    31.429    31.384  4 55156.20372242 40.533
  52  56.685234  66.086283    30.916    30.916  2 55166.11936084 34.714
  63  56.682201  66.085619   100.410   100.716  3 55275.19144537  1.166
  64  56.682396  66.086727   103.219   103.219  2 55285.10708261  3.320
  65  56.681807  66.085622   103.434   103.560  3 55295.02271795  0.398
  67  56.677768  66.082059    96.330    95.463  4 55314.85400341  7.653
  68  56.678256  66.083090   106.401   106.532  4 55324.76964896 24.753
  69  56.680710  66.085382   101.401   101.403  3 55334.68529345 26.745
  70  56.680626  66.087039    99.783   100.633  3 55344.60093740  3.339
  71  56.680532  66.087096    99.506    99.338  3 55354.51658058  8.974
  72  56.682007  66.086580    97.768    97.768  2 55364.43222183  5.065
  73  56.681098  66.086345   100.334   100.541  3 55374.34786120  3.235
  74  56.681021  66.087161    99.171    99.171  2 55384.26349948 14.786
  76  56.684238  66.088483   102.385   102.385  2 55404.09477509 18.757
  79  56.676822  66.082532   106.722   104.991  4 55433.84172079  8.083
  80  56.676382  66.083000   102.187   101.852  4 55443.75736524  3.371
  81  56.679887  66.084911   100.923   100.880  4 55453.67300878  4.549
  82  56.681356  66.086551    96.225    96.232  3 55463.58865133 23.325
  83  56.679581  66.085876    97.717    97.765  3 55473.50429127 20.052
  84  56.679470  66.083782    99.758   100.129  3 55483.41992847  7.465
  85  56.676710  66.081925   101.190   101.048  3 55493.33556331  6.526
  86  56.676770  66.082555   101.034   101.264  4 55503.25119708  7.177
  87  56.681712  66.085141    95.830    96.829  3 55513.16684478 18.409
  90  56.681276  66.087049    31.682    31.682  2 55542.91378863 24.884
  91  56.681720  66.086447    33.629    33.495  3 55552.82943295 21.822
 103  56.676258  66.082611    95.316    94.888  3 55671.81713413  2.844
 104  56.678593  66.083430    98.038    98.017  4 55681.73277353  6.108
 105  56.680891  66.085534    99.203    99.374  3 55691.64841130 13.798
 106  56.680897  66.087192   101.341   101.147  3 55701.56404722  8.661
 107  56.684863  66.087792    88.019    88.019  2 55711.47968917 25.255
 108  56.680183  66.087228    98.223    98.223  2 55721.39533848  9.367
 109  56.681883  66.087004    99.109    99.372  3 55731.31098630  3.066
 111  56.681919  66.087364    30.043    30.176  3 55751.14227783 29.644
 112  56.681876  66.086969    29.976    29.976  2 55761.05792060 46.487
 113  56.680336  66.085796    29.642    29.642  2 55770.97356038 47.208
 114  56.678243  66.083992    29.551    29.693  3 55780.88919664 43.576
 115  56.676902  66.083008    29.994    29.853  4 55790.80483039 28.591
 116  56.677990  66.083326    29.740    29.591  4 55800.72046321 43.129
 117  56.680057  66.084665    29.198    29.173  4 55810.63611241 44.446
 118  56.677281  66.085465    29.858    29.992  3 55820.55176098 27.730
 119  56.682280  66.085264    90.490    89.510  3 55830.46740557 23.317
 120  56.679501  66.083870   102.042   101.777  4 55840.38304488  1.334
 121  56.678742  66.083053    95.257    95.253  3 55850.29868132 22.214
 123  56.678281  66.085864    30.927    30.832  3 55870.12996683 42.302
 124  56.680599  66.087433    31.042    31.042  2 55880.04561791 35.161
 125  56.683017  66.087825    31.387    31.387  2 55889.96126231 25.986
 126  56.683318  66.087413    30.768    30.768  2 55899.87690064 23.308
 128  56.681547  66.087405    30.012    30.006  3 55919.70818571 20.925
 133  56.679859  66.083849    33.547    33.625  4 55969.28640825 16.785
 134  56.686738  66.084970    34.142    34.142  2 55979.20204534 17.572
 135  56.684657  66.085299    33.953    33.953  2 55989.11768085 17.444
 136  56.681319  66.084915   103.394   103.422  3 55999.03332264  1.005
 137  56.679797  66.084210   103.135   102.958  4 56008.94897343  1.046
 138  56.677172  66.083770   103.267   104.185  4 56018.86461994  3.362
 139  56.679903  66.084397   103.653   103.327  3 56028.78026403  1.015
 142  56.682315  66.087452    92.026    90.851  3 56058.52718390 24.183
 143  56.680422  66.087213   100.822   100.784  3 56068.44281690 10.864
 144  56.681755  66.087258   100.338   100.338  2 56078.35846832  4.939
 145  56.681977  66.087516    97.747    97.204  3 56088.27411692 20.807
 146  56.681477  66.087835    89.800    89.800  2 56098.18976295 18.826
 148  56.679855  66.085622   101.986   102.255  3 56118.02103598  2.396
 149  56.678105  66.083869   105.339   103.854  3 56127.93667310 18.837
 150  56.679030  66.083089    82.166    78.823  3 56137.85230687  6.942
 151  56.676992  66.083953   100.414   100.414  2 56147.76795306  1.912
 155  56.676670  66.083876    95.098    95.347  4 56187.43053684  3.789
 156  56.679313  66.083551    99.382    99.593  3 56197.34617435  7.615
 157  56.680649  66.084746    97.448    97.881  3 56207.26180879 17.674
 158  56.682438  66.086653   101.907   101.907  2 56217.17744172  3.414
 159  56.680025  66.087854   100.055   100.055  2 56227.09308421  3.112
 160  56.681674  66.087781    30.490    30.490  2 56237.00873906 41.641
 161  56.682920  66.087086    30.885    30.854  3 56246.92439001 44.550
 163  56.684231  66.087520    30.646    30.646  2 56266.75567815 30.427
 165  56.684559  66.087675    30.148    30.148  2 56286.58696596 27.301
 170  56.683133  66.086426   101.671   102.815  3 56336.16518511  5.439
 171  56.682941  66.086698   102.494   102.905  3 56346.08082377  2.053
 172  56.677727  66.085097   103.465   102.985  3 56355.99645953  1.293
 173  56.679660  66.083635   103.609   103.738  4 56365.91210647  0.838
 174  56.677755  66.083598   103.960   103.930  3 56375.82775499  0.476
 176  56.682981  66.087932   102.616   102.616  2 56395.65904497  2.930
 178  56.683969  66.088470    99.815    99.815  2 56415.49032494  4.259
 179  56.680946  66.086894    99.933    99.933  2 56425.40595814 24.228
 180  56.680041  66.086314    91.846    86.312  3 56435.32160633 26.020
 181  56.681132  66.086906   100.142   100.441  3 56445.23725837  6.448
 183  56.683421  66.087834   100.267   100.267  2 56465.06855461  3.365
 184  56.681795  66.085899    31.161    31.155  3 56474.98419728 53.299
 185  56.677676  66.083383    30.243    30.250  3 56484.89983626 29.988
 186  56.676659  66.082586    29.605    29.478  3 56494.81547253 32.992
 187  56.679643  66.084108    29.353    29.254  4 56504.73110730 48.357
 188  56.679402  66.086212    29.227    29.089  3 56514.64674023 27.505
 192  56.677585  66.083867    29.804    29.774  4 56554.30933560 44.686
 194  56.684072  66.088418    96.902    96.902  2 56574.14062049 13.020
 195  56.684177  66.089587    30.266    30.266  2 56584.05625936 41.336
 196  56.684012  66.088661    29.960    29.960  2 56593.97189370 32.641
 197  56.680077  66.087043    95.068    95.068  2 56603.88754671 21.673
 198  56.681472  66.086184    97.109    97.194  3 56613.80319542 21.861
 199  56.681864  66.086700    96.338    96.338  2 56623.71884005 10.548
 200  56.679771  66.087332    30.753    30.753  2 56633.63448163 42.065
 202  56.679451  66.085691   100.271   100.095  3 56653.46577035  2.708
 208  56.677391  66.085967   104.200   104.200  2 56712.95962547  0.122
 209  56.679966  66.084840    96.208    96.227  4 56722.87527339  3.068
 210  56.678677  66.084714   103.842   103.938  4 56732.79092423  2.424
 211  56.682523  66.086636   103.205   103.019  3 56742.70657206  3.533
 212  56.685198  66.088839   102.297   102.297  2 56752.62221544  3.710
 213  56.683253  66.089648    29.444    29.444  2 56762.53785312 35.827
 215  56.681412  66.087336    93.476    99.128  3 56782.36914197  7.358
 216  56.681945  66.086541   102.448   102.448  2 56792.28479621 15.057
 217  56.681933  66.086757   100.935   100.849  3 56802.20044755 26.161
 218  56.683529  66.087313    96.410    96.410  2 56812.11609147 23.119
 219  56.682554  66.087051    98.290    98.290  2 56822.03173115 24.748
 220  56.680543  66.085685    88.473    88.473  2 56831.94736654 19.759
 221  56.676898  66.084031    97.284    97.111  4 56841.86299841 23.054
 222  56.679341  66.083720    94.529    94.437  3 56851.77863694 23.921
 223  56.680419  66.084824    30.324    30.280  3 56861.69429136 26.688
 225  56.680131  66.086899    30.311    30.230  3 56881.52559581 45.834
 228  56.682925  66.086272    90.842    90.866  3 56911.27252928 18.441
 229  56.682644  66.087489    94.418    94.418  2 56921.18816978 19.745
 230  56.682777  66.088870   100.627   100.627  2 56931.10380814  4.584
 231  56.683355  66.089087    98.154    98.154  2 56941.01944145  2.245
 233  56.682583  66.087250    30.749    30.749  2 56960.85073309 47.537
 235  56.680197  66.086597   101.893   101.893  2 56980.68202204  5.088
 236  56.681512  66.086577   102.149   101.937  3 56990.59766034  1.284
 238  56.679861  66.085108   103.370   103.413  4 57010.42894765  0.934
 239  56.677868  66.084338   103.999   104.180  3 57020.34459950  1.262
 242  56.681832  66.086408   103.117   103.117  2 57050.09154141  1.030
 243  56.680655  66.086469   103.743   103.561  3 57060.00718238  0.288
 244  56.681375  66.086142   103.695   103.695  2 57069.92281787  0.496
 245  56.681406  66.086041   103.385   103.565  3 57079.83844896  5.186
 246  56.680784  66.086861   103.321   103.471  3 57089.75408764  4.902
 247  56.683965  66.088415   102.586   102.586  2 57099.66974595  4.760
 248  56.684821  66.089298   102.407   102.407  2 57109.58540102  4.945
 250  56.683034  66.087575   102.910   102.910  2 57129.41669400  2.160
 251  56.679849  66.086801   103.583   103.513  3 57139.33233186  2.029
 252  56.681833  66.086999   104.301   104.301  2 57149.24796656  1.209
 253  56.682128  66.087134    99.923   101.084  3 57159.16359830 26.308
 254  56.681216  66.086558    98.914    98.943  3 57169.07924849 12.687
 255  56.679534  66.085373   110.864   110.759  3 57178.99490417  7.077
 256  56.678297  66.084325    98.078    93.408  4 57188.91055581 25.042
 257  56.679391  66.084515   100.834   100.652  3 57198.82620382  5.134
 259  56.682897  66.086609    96.847    99.930  3 57218.65748275  3.734
 260  56.681258  66.086607   101.437   101.437  2 57228.57312596  6.621
 261  56.681666  66.086178   101.835   101.835  2 57238.48876717  4.365
 262  56.679611  66.085810   102.562   102.424  3 57248.40440495  2.283
 263  56.682240  66.086493   102.112   102.125  3 57258.32004069  1.383
 266  56.680834  66.089142    94.614    94.614  2 57288.06697988 24.148
 267  56.685263  66.088151    95.243    95.243  2 57297.98263357 25.349
 269  56.684365  66.086334    29.797    29.797  2 57317.81392916 50.127
 272  56.680420  66.086952    30.410    30.389  3 57347.56086035 30.590
 276  56.684147  66.085639    33.815    33.815  2 57387.22342899 15.047
 280  56.678224  66.085496   103.651   103.748  3 57426.88600483  0.191
 281  56.680576  66.086506   101.723   101.723  2 57436.80165318  4.072
 282  56.682406  66.088636   102.921   102.921  2 57446.71729995  1.888
 283  56.683324  66.090155   102.363   102.363  2 57456.63294568  1.378
 284  56.684507  66.089782   102.519   102.519  2 57466.54858907  4.073
 285  56.681542  66.087540   103.517   103.517  2 57476.46422815  5.405
 287  56.681756  66.085146    29.801    29.749  3 57496.29549789 28.306
 288  56.682075  66.086514    99.610    99.610  2 57506.21113350 15.724
 289  56.680783  66.087616    93.453    93.453  2 57516.12678973 24.400
 290  56.682286  66.087108    94.993    94.993  2 57526.04244354 26.031
 291  56.679965  66.084969   101.080    99.148  4 57535.95809453  9.087
 292  56.678720  66.083361    99.366    98.836  4 57545.87374283 13.449
 293  56.677428  66.083670   101.058   101.022  4 57555.78938929  8.455
 294  56.677721  66.085706   101.275   100.919  3 57565.70503454  4.848
 297  56.680815  66.086684    29.598    29.598  2 57595.45196451 48.170
