-109421.441    66.275     0.00    5.89
-109134.619    66.688     1.44    5.21
-108847.791    67.111     1.47    4.70
-108560.958    68.130     3.56    3.54
-108274.118    68.681     1.92    3.50
-107987.272    68.353    -1.14    4.02
-107700.420    67.942    -1.43    5.09
-107413.562    67.360    -2.03    7.05
-107126.698    66.794    -1.97    8.26
-106839.828    66.538    -0.89    8.82
-106552.952    64.977    -5.44    9.93
-106266.070    64.535    -1.54    9.33
-105979.182    63.328    -4.21    8.86
-105692.288    62.412    -3.19    8.65
-105405.388    60.372    -7.11    9.04
-105118.482    58.726    -5.74    8.64
-104831.569    57.467    -4.39    7.30
-104544.651    57.602     0.47    6.21
-104257.727    58.149     1.91    5.04
-103970.796    59.201     3.67    3.84
-103683.860    60.756     5.42    3.95
-103396.917    62.676     6.69    5.30
-103109.969    64.735     7.18    6.06
-102823.014    66.654     6.68    6.60
-102536.053    69.045     8.33    7.96
-102249.086    70.724     5.85    8.70
-101962.114    71.982     4.38    9.56
-101675.135    72.292     1.08   10.48
-101388.150    71.323    -3.38   10.71
-101101.159    70.777    -1.90   10.12
-100814.162    70.212    -1.97    9.05
-100527.159    71.270     3.68    7.73
-100240.150    72.038     2.68    6.27
 -99953.134    73.391     4.71    5.10
 -99666.113    74.074     2.38    4.24
 -99379.086    73.990    -0.29    4.82
 -99092.052    72.479    -5.26    6.00
 -98805.013    70.110    -8.25    6.54
 -98517.967    68.474    -5.70    5.75
 -98230.916    67.665    -2.82    4.80
 -97943.858    67.813     0.52    4.89
 -97656.795    69.188     4.79    5.96
 -97369.725    71.524     8.14    6.26
 -97082.649    74.588    10.67    5.62
 -96795.567    77.227     9.19    4.57
 -96508.479    79.423     7.65    4.55
 -96221.385    81.567     7.47    4.98
 -95934.492    83.374     6.30    5.11
 -95648.609    84.942     5.49    4.64
 -95362.721    86.155     4.24    4.11
 -95076.827    87.549     4.88    4.07
 -94790.928    88.379     2.90    4.18
 -94505.023    88.799     1.47    4.02
 -94219.114    89.895     3.84    4.01
 -93933.199    91.045     4.02    3.95
 -93647.279    92.585     5.39    3.46
 -93361.353    93.669     3.79    3.11
 -93075.423    94.290     2.17    3.33
 -92789.487    94.710     1.47    3.70
 -92503.546    95.573     3.02    4.20
 -92217.599    97.075     5.25    5.00
 -91931.648    99.183     7.37    6.02
 -91645.691   101.620     8.52    7.03
 -91359.728   104.101     8.68    6.94
 -91073.761   106.461     8.25    5.88
 -90787.788   108.153     5.92    4.53
 -90501.810   109.556     4.91    3.22
 -90215.827   110.490     3.26    2.84
 -89929.838   111.038     1.92    3.25
 -89643.845   111.757     2.51    3.99
 -89357.846   112.707     3.32    4.12
 -89071.841   113.938     4.30    3.80
 -88785.832   115.419     5.18    4.03
 -88499.817   115.827     1.43    3.91
 -88213.797   115.628    -0.70    3.99
 -87927.772   114.722    -3.17    4.33
 -87641.741   114.566    -0.54    3.97
 -87355.705   114.583     0.06    4.12
 -87069.664   115.156     2.00    5.00
 -86783.617   116.880     6.03    5.98
 -86497.566   118.331     5.07    6.08
 -86211.509   119.764     5.01    5.06
 -85925.447   120.712     3.31    4.95
 -85639.379   121.365     2.28    5.91
 -85353.306   121.647     0.99    6.64
 -85067.228   121.599    -0.17    7.03
 -84781.145   121.031    -1.99    7.21
 -84495.056   120.815    -0.76    7.61
 -84208.962   120.905     0.32    7.66
 -83922.863   120.790    -0.40    6.84
 -83636.759   120.499    -1.02    6.01
 -83350.649   120.171    -1.14    4.73
 -83064.534   119.753    -1.46    3.79
 -82778.414   118.897    -2.99    3.16
 -82492.289   118.117    -2.73    3.02
 -82206.158   116.988    -3.95    4.04
 -81920.022   115.052    -6.76    5.28
 -81633.881   113.365    -5.90    5.65
 -81347.734   111.513    -6.47    6.22
 -81061.582   108.729    -9.73    8.15
 -80775.425   105.235   -12.21    9.22
 -80489.263   101.302   -13.74    9.05
 -80203.095    98.388   -10.18    8.50
 -79916.922    94.924   -12.10    7.27
 -79630.744    91.882   -10.63    5.45
 -79344.560    89.472    -8.42    4.69
 -79058.371    87.919    -5.42    4.58
 -78772.177    87.346    -2.00    5.11
 -78485.978    85.917    -4.99    5.50
 -78199.773    83.717    -7.69    6.46
 -77913.563    81.116    -9.09    7.57
 -77627.348    78.395    -9.51    8.33
 -77341.128    76.122    -7.94    7.99
 -77054.902    73.953    -7.58    5.68
 -76768.671    72.405    -5.41    2.94
 -76482.435    71.870    -1.87    3.25
 -76196.193    71.025    -2.95    4.32
 -75909.946    69.257    -6.18    6.05
 -75623.694    66.182   -10.74    8.08
 -75337.437    62.190   -13.94    9.35
 -75051.174    58.223   -13.86    9.19
 -74764.906    54.514   -12.96    8.19
 -74478.633    52.379    -7.46    5.99
 -74192.354    50.736    -5.74    4.02
 -73906.070    50.194    -1.89    3.69
 -73619.781    49.788    -1.42    3.34
 -73333.487    48.234    -5.43    5.11
 -73047.187    44.617   -12.63    9.96
 -72760.882    38.224   -22.33   15.38
 -72474.572    31.341   -24.04   17.48
 -72188.256    24.339   -24.46   16.77
 -71901.935    18.626   -19.95   13.03
 -71615.609    15.801    -9.87    8.90
 -71329.278    15.873     0.25    7.54
 -71042.941    18.193     8.10    8.48
 -70756.599    21.717    12.30    9.01
 -70470.252    25.122    11.89    7.99
 -70183.899    27.471     8.20    5.95
 -69897.541    28.427     3.34    4.57
 -69611.178    27.961    -1.63    4.99
 -69324.810    26.614    -4.71    6.07
 -69038.436    24.897    -5.99    6.22
 -68752.057    24.081    -2.85    6.38
 -68465.673    24.074    -0.03    7.32
 -68179.283    23.732    -1.19    9.47
 -67892.888    24.623     3.11   13.06
 -67606.488    24.167    -1.59   16.54
 -67320.082    24.542     1.31   19.24
 -67033.672    24.896     1.24   21.54
 -66747.255    23.888    -3.52   23.19
 -66460.834    22.712    -4.10   22.44
 -66174.407    21.384    -4.64   19.88
 -65887.975    22.095     2.49   18.98
 -65601.538    21.193    -3.15   17.67
 -65315.096    19.493    -5.94   16.28
 -65028.648    16.982    -8.76   15.01
 -64742.195    15.138    -6.44   13.57
 -64455.736    15.647     1.78   13.36
 -64169.272    17.724     7.25   15.32
 -63882.803    21.052    11.62   16.95
 -63596.329    25.869    16.81   17.61
 -63309.849    30.386    15.77   16.05
 -63023.364    34.931    15.87   11.48
 -62736.874    36.927     6.97    8.51
 -62450.379    35.968    -3.35    8.49
 -62163.878    34.250    -6.00    7.99
 -61877.372    34.003    -0.86    7.74
 -61590.860    34.499     1.73    7.64
 -61304.343    35.668     4.08    8.52
 -61017.821    37.229     5.45    9.70
 -60731.294    39.671     8.52   10.21
 -60444.761    42.324     9.26   10.36
 -60158.223    45.383    10.68   12.30
 -59871.680    48.419    10.59   14.40
 -59585.132    52.693    14.92   14.84
 -59298.578    56.492    13.25   14.22
 -59012.019    59.010     8.79   12.80
 -58725.454    59.842     2.91   13.08
 -58438.884    60.406     1.97   12.84
 -58152.309    59.781    -2.18   12.63
 -57865.729    57.524    -7.88   13.66
 -57579.143    55.285    -7.81   14.10
 -57292.552    54.109    -4.10   13.53
 -57005.956    54.318     0.73   12.17
 -56719.354    54.220    -0.34   11.36
 -56432.747    54.640     1.46   10.56
 -56146.135    56.117     5.15   10.16
 -55859.518    58.802     9.37    9.30
 -55572.895    62.214    11.90    7.59
 -55286.267    64.712     8.71    7.39
 -54999.633    67.138     8.46    7.33
 -54712.994    69.910     9.67    7.24
 -54426.350    73.472    12.43    7.19
 -54139.701    77.321    13.43    7.58
 -53853.046    82.125    16.76    8.89
 -53566.386    86.960    16.87   10.31
 -53279.721    91.045    14.25    9.93
 -52993.050    94.555    12.24    9.01
 -52706.374    97.252     9.41    7.91
 -52419.693   100.053     9.77    6.77
 -52133.006   102.046     6.95    7.07
 -51846.314   103.884     6.41    8.07
 -51559.617   105.245     4.75    8.57
 -51272.915   106.761     5.29    9.30
 -50986.207   108.333     5.49   10.01
 -50699.494   110.492     7.53   10.09
 -50412.775   111.703     4.22    9.97
 -50126.051   113.668     6.86    9.99
 -49839.322   115.794     7.41    9.17
 -49552.588   117.549     6.12    7.91
 -49265.848   118.053     1.76    7.23
 -48979.103   117.353    -2.44    7.29
 -48692.353   116.962    -1.36    6.78
 -48405.597   117.655     2.42    6.93
 -48118.836   118.838     4.13    7.61
 -47832.070   120.384     5.39    8.52
 -47545.298   122.967     9.01    8.10
 -47258.521   125.367     8.37    7.03
 -46971.739   126.710     4.68    5.82
 -46684.951   127.067     1.25    6.20
 -46398.158   125.771    -4.52    6.64
 -46111.360   123.416    -8.21    6.87
 -45824.556   121.080    -8.14    6.91
 -45537.747   118.875    -7.69    7.68
 -45250.933   116.797    -7.25    8.50
 -44964.114   113.975    -9.84    8.60
 -44677.289   112.680    -4.52    8.84
 -44390.459   113.919     4.32   10.71
 -44103.623   116.542     9.14   12.34
 -43816.782   119.671    10.91   12.34
 -43529.936   121.783     7.36   10.89
 -43243.085   122.909     3.93    9.16
 -42956.228   122.941     0.11    7.69
 -42669.366   121.751    -4.15    7.18
 -42382.498   119.441    -8.05    6.61
 -42095.625   117.751    -5.89    6.02
 -41808.747   117.338    -1.44    6.13
 -41521.864   118.253     3.19    6.67
 -41234.975   119.909     5.77    6.71
 -40948.081   121.038     3.94    6.79
 -40661.181   122.477     5.01    6.78
 -40374.277   124.240     6.14    5.76
 -40087.367   124.903     2.31    5.33
 -39800.451   124.882    -0.07    5.14
 -39513.530   123.598    -4.48    5.48
 -39226.604   122.233    -4.76    5.23
 -38939.673   121.199    -3.60    4.73
 -38652.736   119.932    -4.42    4.93
 -38365.794   119.088    -2.94    5.39
 -38078.847   118.517    -1.99    5.86
 -37791.894   117.642    -3.05    6.06
 -37504.936   116.689    -3.32    5.93
 -37217.972   115.785    -3.15    5.76
 -36931.003   115.173    -2.13    6.06
 -36644.029   114.323    -2.96    6.02
 -36357.050   112.904    -4.94    5.87
 -36070.065   111.187    -5.98    5.41
 -35783.075   109.795    -4.85    5.03
 -35496.080   108.567    -4.28    4.39
 -35209.079   108.437    -0.45    4.65
 -34922.073   108.684     0.86    5.07
 -34635.061   109.463     2.71    6.05
 -34348.045   110.460     3.47    6.98
 -34061.294   111.724     4.41    7.17
 -33775.334   113.018     4.53    6.93
 -33489.369   113.623     2.12    6.48
 -33203.400   113.605    -0.07    6.05
 -32917.426   113.297    -1.08    5.90
 -32631.448   112.571    -2.54    5.32
 -32345.465   112.216    -1.24    4.64
 -32059.478   112.100    -0.41    4.22
 -31773.486   112.204     0.36    4.07
 -31487.489   112.197    -0.03    3.96
 -31201.488   112.326     0.45    3.50
 -30915.483   112.453     0.44    3.18
 -30629.472   113.086     2.21    4.38
 -30343.458   114.249     4.07    5.36
 -30057.438   115.556     4.57    5.40
 -29771.415   116.803     4.36    4.89
 -29485.386   117.751     3.31    4.16
 -29199.353   118.441     2.41    3.91
 -28913.316   118.886     1.55    4.01
 -28627.274   118.996     0.39    4.22
 -28341.227   119.384     1.35    4.72
 -28055.176   119.953     1.99    4.92
 -27769.120   120.776     2.88    4.93
 -27483.060   121.815     3.63    4.94
 -27196.995   122.996     4.13    5.22
 -26910.925   124.381     4.84    5.33
 -26624.852   126.204     6.37    5.69
 -26338.773   128.707     8.75    6.71
 -26052.690   131.591    10.08    7.67
 -25766.602   134.094     8.75    7.40
 -25480.510   135.240     4.01    7.35
 -25194.413   133.745    -5.22    9.98
 -24908.312   131.917    -6.39   11.77
 -24622.206   129.103    -9.84   12.73
 -24336.096   125.622   -12.17   12.32
 -24049.981   121.248   -15.29   10.57
 -23763.861   116.311   -17.26    8.99
 -23477.737   112.348   -13.85    9.77
 -23191.609   109.868    -8.67   11.13
 -22905.475   106.521   -11.70   11.99
 -22619.338   103.949    -8.99   12.71
 -22333.195   100.797   -11.01   13.24
 -22047.048    96.245   -15.91   13.43
 -21760.897    92.403   -13.43   13.66
 -21474.741    90.448    -6.83   14.57
 -21188.580    89.907    -1.89   15.71
 -20902.415    89.805    -0.36   16.60
 -20616.245    89.769    -0.13   16.84
 -20330.071    89.902     0.46   16.75
 -20043.892    89.299    -2.11   15.68
 -19757.709    86.759    -8.88   15.40
 -19471.521    83.440   -11.60   15.77
 -19185.328    79.372   -14.21   15.79
 -18899.131    76.995    -8.30   14.85
 -18612.930    73.585   -11.92   13.51
 -18326.723    71.117    -8.62   12.14
 -18040.513    71.038    -0.28   11.54
 -17754.297    71.408     1.29   10.20
 -17468.077    71.913     1.76    8.13
 -17181.853    72.089     0.61    5.39
 -16895.624    71.388    -2.45    4.85
 -16609.390    71.129    -0.91    4.91
 -16323.152    70.397    -2.56    5.17
 -16036.909    68.900    -5.23    5.38
 -15750.662    67.334    -5.47    5.67
 -15464.410    65.467    -6.52    6.55
 -15178.154    62.003   -12.10    8.09
 -14891.893    58.059   -13.78    8.64
 -14605.627    53.919   -14.46    8.63
 -14319.357    49.773   -14.49    8.90
 -14033.082    45.545   -14.77    8.98
 -13746.803    40.904   -16.21    8.66
 -13460.519    36.386   -15.78    8.80
 -13174.231    32.152   -14.79    8.12
 -12887.938    29.031   -10.90    6.40
 -12601.640    26.102   -10.23    5.71
 -12315.338    23.864    -7.82    5.34
 -12029.031    22.634    -4.30    4.49
 -11742.720    22.234    -1.40    4.10
 -11456.404    23.149     3.20    3.71
 -11170.083    23.872     2.52    3.51
 -10883.758    24.460     2.05    2.94
 -10597.429    25.010     1.92    2.59
 -10311.095    25.179     0.59    2.69
 -10024.756    24.360    -2.86    3.25
  -9738.413    22.823    -5.37    4.31
  -9452.065    20.764    -7.19    5.44
  -9165.712    18.606    -7.54    6.00
  -8879.355    15.407   -11.17    6.77
  -8592.994    11.500   -13.64    7.22
  -8306.628     8.231   -11.41    6.85
  -8020.257     4.947   -11.47    5.41
  -7733.882     2.988    -6.84    4.27
  -7447.502     1.367    -5.66    2.83
  -7161.117     0.324    -3.64    1.01
  -6874.728     0.052    -0.95    0.17
  -6588.335     0.038    -0.05    0.00
  -6301.936     0.038     0.00    0.00
  -6015.534     0.038     0.00    0.00
  -5729.126     0.038     0.00    0.00
  -5442.714     0.038     0.00    0.00
  -5156.298     0.038     0.00    0.00
  -4869.877     0.038     0.00    0.00
  -4583.451     0.038     0.00    0.00
  -4297.021     0.038     0.00    0.00
  -4010.586     0.038     0.00    0.00
  -3724.146     0.259     0.77    1.26
  -3437.703     0.317     0.20    1.31
  -3151.254     0.362     0.16    1.28
  -2864.801     0.283    -0.28    1.01
  -2578.343     0.276    -0.03    1.00
  -2291.881     0.332     0.20    1.09
  -2005.414     0.215    -0.41    0.66
  -1718.942     0.141    -0.26    0.38
  -1432.466     0.103    -0.13    0.30
  -1145.986     0.067    -0.12    0.17
   -859.501     0.045    -0.07    0.08
   -573.011     0.122     0.27    0.51
   -286.516     0.038    -0.29    0.26
     -0.017    -0.011    -0.17    0.25
    286.486    -0.047    -0.13    0.28
    572.994    -0.054    -0.02    0.29
    859.507    -0.116    -0.22    0.43
   1146.024    -0.165    -0.17    0.51
   1432.546    -0.198    -0.12    0.55
   1719.073    -0.233    -0.12    0.60
   2005.604    -0.255    -0.07    0.62
   2292.139    -0.288    -0.12    0.65
   2578.680    -0.364    -0.27    0.72
   2865.224    -0.409    -0.16    0.76
   3151.774    -0.462    -0.18    0.79
   3438.328    -0.501    -0.14    0.81
   3724.886    -0.529    -0.10    0.82
   4011.450    -0.577    -0.17    0.92
   4298.017    -0.437     0.49    1.31
   4584.590    -0.465    -0.10    1.44
   4871.167    -0.302     0.57    1.71
   5157.748     0.631     3.26    3.48
   5444.334     2.686     7.17    6.20
   5730.925     4.641     6.82    7.54
   6017.520     6.556     6.68    8.03
   6304.120     7.947     4.86    7.75
   6590.724     9.367     4.95    6.91
   6877.333    11.662     8.01    6.49
   7163.947    14.179     8.78    6.99
   7450.565    16.609     8.48    7.20
   7737.188    18.870     7.89    7.85
   8023.816    21.989    10.88    7.96
   8310.448    26.116    14.40    8.12
   8597.084    30.553    15.48    8.55
   8883.725    34.262    12.94    9.12
   9170.371    37.545    11.45    8.98
   9457.021    40.448    10.13    7.93
   9743.676    42.145     5.92    6.43
  10030.336    42.925     2.72    5.11
  10317.000    41.982    -3.29    4.66
  10603.669    40.737    -4.34    4.73
  10890.342    39.949    -2.75    4.52
  11177.020    39.693    -0.89    4.14
  11463.703    39.762     0.24    3.78
  11750.390    39.824     0.22    3.59
  12037.081    39.823    -0.00    3.55
  12323.778    39.256    -1.98    4.50
  12610.479    38.004    -4.37    5.78
  12897.184    36.153    -6.45    6.22
  13183.894    34.769    -4.83    6.27
  13470.609    34.003    -2.67    6.22
  13757.328    33.249    -2.63    5.95
  14044.052    32.562    -2.40    5.74
  14330.781    31.570    -3.46    5.70
  14617.514    30.653    -3.20    6.53
  14904.251    29.146    -5.25    7.68
  15190.994    25.511   -12.68    8.97
  15477.741    22.045   -12.09    9.61
  15764.492    18.442   -12.56    9.44
  16051.248    14.894   -12.37    8.06
  16338.009    12.751    -7.48    7.10
  16624.774    11.271    -5.16    6.63
  16911.544    10.916    -1.24    6.67
  17198.318    11.031     0.40    6.82
  17485.098    11.220     0.66    7.18
  17771.881    11.169    -0.18    7.37
  18058.669    11.437     0.93    7.67
  18345.462    12.504     3.72    8.32
  18632.260    12.742     0.83    8.29
  18919.062    12.652    -0.31    7.78
  19205.869    12.283    -1.29    7.40
  19492.680    12.484     0.70    6.82
  19779.496    14.038     5.42    7.43
  20066.316    16.372     8.14    8.20
  20353.141    18.657     7.97    9.29
  20639.971    20.649     6.95    9.44
  20926.805    23.081     8.48    9.22
  21213.644    25.729     9.23    8.24
  21500.488    27.742     7.02    7.25
  21787.336    28.751     3.52    6.42
  22074.189    29.142     1.36    5.48
  22361.046    29.024    -0.41    5.29
  22647.908    29.010    -0.05    5.97
  22934.775    29.301     1.01    6.16
  23221.646    30.326     3.57    6.70
  23508.521    30.548     0.78    6.24
  23795.402    31.728     4.11    7.04
  24082.287    34.131     8.38    8.83
  24369.176    36.873     9.56   10.69
  24656.071    41.073    14.64   12.40
  24942.969    46.668    19.50   14.29
  25229.873    51.849    18.06   15.79
  25516.781    58.538    23.31   16.86
  25803.693    65.103    22.88   18.39
  26090.611    73.638    29.75   19.82
  26377.533    82.493    30.86   18.55
  26664.459    90.155    26.70   16.45
  26951.390    95.045    17.04   14.94
  27238.326    96.336     4.50   16.08
  27525.266    93.320   -10.51   19.31
  27811.899    89.136   -14.60   21.82
  28097.934    84.266   -17.03   20.82
  28383.972    81.778    -8.70   18.06
  28670.015    80.905    -3.05   16.02
  28956.061    82.862     6.84   15.70
  29242.111    85.245     8.33   16.33
  29528.165    88.803    12.44   15.77
  29814.223    92.535    13.05   15.99
  30100.285    93.624     3.81   16.60
  30386.350    93.562    -0.22   16.44
  30672.419    93.166    -1.39   15.19
  30958.493    93.603     1.53   15.33
  31244.570    95.172     5.49   15.70
  31530.650    98.325    11.02   16.21
  31816.735   100.642     8.10   16.22
  32102.824   104.323    12.87   15.02
  32388.916   108.402    14.26   13.33
  32675.012   111.840    12.02   11.25
  32961.112   112.581     2.59   10.77
  33247.216   113.478     3.13    9.53
  33533.324   114.220     2.59    8.00
  33819.435   114.668     1.56    6.99
  34105.551   114.358    -1.08    6.55
  34391.670   112.609    -6.11    6.57
  34677.793   109.748   -10.00    6.92
  34963.920   105.883   -13.51    7.88
  35250.051   102.827   -10.68    9.30
  35536.185    99.654   -11.09   10.91
  35822.324    96.402   -11.36   11.52
  36108.466    92.728   -12.84   11.26
  36394.612    89.559   -11.07   10.81
  36680.762    87.172    -8.34   10.92
  36966.916    86.116    -3.69   11.02
  37253.074    85.213    -3.16   11.85
  37539.235    85.330     0.41   11.22
  37825.401    85.465     0.47    9.75
  38111.570    85.570     0.37    8.31
  38397.743    85.303    -0.94    7.96
  38683.920    84.804    -1.74    7.75
  38970.101    83.109    -5.92    7.96
  39256.285    81.473    -5.72    7.73
  39542.474    80.259    -4.24    7.04
  39828.666    79.652    -2.12    6.31
  40114.862    80.531     3.07    7.55
  40401.062    83.228     9.42   11.03
  40687.266    87.684    15.57   13.67
  40973.474    92.948    18.39   13.78
  41259.685    98.794    20.42   12.77
  41545.901   104.644    20.44   10.54
  41832.120   110.351    19.94    8.99
  42118.343   115.635    18.46    9.59
  42404.570   120.210    15.98   11.19
  42690.801   123.820    12.61   10.97
  42977.035   125.648     6.39   10.09
  43263.274   125.552    -0.34   10.94
  43549.516   123.559    -6.96   12.44
  43835.762   119.617   -13.77   13.61
  44122.012   114.995   -16.14   12.68
  44408.266   111.123   -13.53   10.06
  44694.524   108.073   -10.65    7.99
  44980.785   106.919    -4.03    8.52
  45267.051   106.327    -2.07    8.63
  45553.320   105.726    -2.10    8.14
  45839.593   106.538     2.84    7.32
  46125.870   108.655     7.40    7.70
  46412.151   111.295     9.22    8.38
  46698.436   113.627     8.15    7.29
  46984.724   114.319     2.42    6.79
  47271.017   113.511    -2.82    7.36
  47557.313   111.688    -6.37    8.45
  47843.613   108.174   -12.27   10.12
  48129.917   103.231   -17.26   10.31
  48416.225    97.872   -18.72    9.49
  48702.536    93.573   -15.01    8.09
  48988.852    90.095   -12.15    6.77
  49275.171    87.316    -9.70    6.10
  49561.494    84.376   -10.27    6.11
  49847.821    81.811    -8.96    6.66
  50134.152    78.790   -10.55    7.16
  50420.487    75.141   -12.74    7.77
  50706.826    71.271   -13.52    8.21
  50993.168    67.845   -11.96    7.84
  51279.514    65.285    -8.94    6.99
  51565.864    63.510    -6.20    6.37
  51852.219    62.463    -3.66    5.96
  52138.576    61.774    -2.40    6.81
  52424.938    62.193     1.46    7.65
  52711.304    63.281     3.80    7.94
  52997.673    63.441     0.56    7.42
  53284.046    63.482     0.14    6.53
  53570.424    63.059    -1.48    6.02
  53856.805    62.031    -3.59    5.62
  54143.190    60.983    -3.66    4.97
  54429.578    59.747    -4.32    4.34
  54715.971    58.652    -3.82    3.84
  55002.367    57.764    -3.10    3.67
  55288.768    57.031    -2.56    3.37
  55575.172    57.096     0.23    3.54
  55861.580    57.285     0.66    3.49
  56147.992    57.328     0.15    3.27
  56434.407    56.816    -1.79    2.95
  56720.827    55.927    -3.10    2.73
  57007.250    55.299    -2.19    3.04
  57293.678    54.681    -2.16    2.93
  57580.109    54.397    -0.99    2.80
  57866.544    54.323    -0.26    2.75
  58152.983    54.094    -0.80    2.75
  58439.426    53.862    -0.81    2.53
  58725.872    53.906     0.15    2.10
  59012.323    54.310     1.41    2.42
  59298.777    54.974     2.32    4.68
  59585.235    56.419     5.04    8.00
  59871.697    58.197     6.21    9.83
  60158.163    59.874     5.85   10.55
  60444.633    61.155     4.47   10.76
  60731.107    62.130     3.41   10.56
  61017.584    62.186     0.19   10.37
  61304.065    60.726    -5.10    9.78
  61590.551    58.129    -9.07    7.94
  61877.040    55.269    -9.98    4.96
  62163.533    53.339    -6.74    2.61
  62450.029    52.483    -2.99    2.25
  62736.530    51.528    -3.33    2.27
  63023.035    51.031    -1.73    2.25
  63309.543    50.420    -2.13    2.31
  63596.055    49.783    -2.22    2.49
  63882.571    49.252    -1.85    2.49
  64169.091    49.045    -0.72    2.50
  64455.615    49.253     0.72    2.61
  64742.143    49.620     1.28    2.82
  65028.674    50.123     1.76    3.07
  65315.210    50.682     1.95    3.21
  65601.749    51.264     2.03    2.82
  65888.292    51.750     1.70    2.59
  66174.839    51.856     0.37    2.70
  66461.390    50.939    -3.20    4.25
  66747.945    48.705    -7.80    6.77
  67034.504    46.074    -9.18    8.50
  67321.066    45.351    -2.52    9.17
  67607.633    44.926    -1.48    9.15
  67894.203    45.392     1.63    8.95
  68180.777    46.762     4.78    8.96
  68467.355    48.088     4.63    8.54
  68753.937    49.545     5.09    6.77
  69040.522    49.399    -0.51    7.06
  69327.112    47.689    -5.97    7.32
  69613.705    45.580    -7.36    6.66
  69900.303    42.633   -10.28    5.61
  70186.904    40.693    -6.77    4.24
  70473.509    39.903    -2.76    4.03
  70760.118    39.513    -1.36    4.09
  71046.731    39.420    -0.33    3.80
  71333.347    39.356    -0.23    3.67
  71619.968    38.691    -2.32    4.25
  71906.592    37.570    -3.91    4.99
  72193.220    36.496    -3.75    5.38
  72479.852    35.271    -4.28    5.48
  72766.488    34.095    -4.10    5.44
  73053.128    33.024    -3.73    5.12
  73339.772    32.349    -2.36    3.88
  73626.420    32.465     0.41    3.48
  73913.071    33.138     2.35    3.90
  74199.726    33.366     0.80    4.13
  74486.386    33.446     0.28    4.27
  74773.049    33.243    -0.71    4.27
