# NaN NaN NaN ;Mean Elev.(m), Avg Gradient(m/km), RMS Gradient(m/km) - SRTM1     
#   39.893  -0.647   2.289 ;Mean Elev.(m), Avg Gradient(m/km), RMS Gradient(m/km) - ASTER GDEM
#   38.798  -0.915   2.561 ;Mean Elev.(m), Avg Gradient(m/km), RMS Gradient(m/km) - GMTED2010 
   1  52.226540  65.417952    13.320    13.042 14 54666.35438057 29.980
   2  52.201033  65.416486    17.116    17.263  7 54676.27002275 26.572
   3  52.188723  65.417004     9.112     9.051  6 54686.18566482 17.641
   4  52.183427  65.417358    14.750    14.509  6 54696.10130587 28.815
   5  52.191141  65.416976    12.151    12.210  5 54706.01694606 16.832
   6  52.215748  65.417207    14.759    14.727 11 54715.93260065 54.392
   7  52.259731  65.419538    13.805    13.628 21 54725.84825465 51.558
   8  52.258454  65.419206    15.895    16.354 21 54735.76390256 40.770
   9  52.226282  65.417756    17.657    17.637 14 54745.67954679 24.943
  10  52.197767  65.416573    15.584    15.530  7 54755.59519093 46.899
  11  52.198172  65.416348    17.916    17.758  7 54765.51083637 27.359
  12  52.255044  65.419934    15.790    15.796 21 54775.42648419 51.452
  13  52.262643  65.418633    14.139    14.112 20 54785.34212478 56.444
  14  52.262329  65.418615    13.382    13.377 20 54795.25776318 47.554
  15  52.255008  65.419853    13.701    13.671 22 54805.17340030 34.842
  16  52.211732  65.417050    16.031    17.035 10 54815.08903340 19.404
  17  52.200713  65.416495    16.462    16.577  7 54825.00467839 17.686
  18  52.211337  65.417045    17.988    17.927 10 54834.92031901 14.232
  19  52.211327  65.417257    17.934    17.921 10 54844.83596880 13.462
  20  52.195518  65.416755    18.242    18.245  6 54854.75161631 15.604
  21  52.181725  65.417103    17.605    17.635  5 54864.66726392 13.984
  22  52.179593  65.417506    17.630    17.593  5 54874.58291229 13.361
  23  52.188658  65.417385    17.995    18.112  5 54884.49855902 13.717
  24  52.208690  65.416978    18.097    18.038  9 54894.41420331 15.908
  25  52.254777  65.419679    17.463    17.138 21 54904.32984744 16.907
  26  52.256262  65.419555    15.689    15.966 21 54914.24548618 19.493
  27  52.228457  65.417881    16.686    17.276 15 54924.16112159 15.677
  28  52.212481  65.417317    18.668    18.726 10 54934.07675736 11.962
  29  52.217620  65.417362    17.912    17.967 11 54943.99239313 10.600
  30  52.258131  65.419452    12.886    12.380 21 54953.90803008 18.582
  31  52.260421  65.418026    14.247    13.000 19 54963.82367527 36.880
  32  52.262324  65.418535    16.250    16.186 20 54973.73932384 56.008
  33  52.254066  65.419620    19.283    19.201 21 54983.65497087 27.292
  34  52.212219  65.417312    84.499    87.027 10 54993.57061448  9.694
  35  52.197325  65.416661    19.327    19.308  7 55003.48625952 31.513
  36  52.197141  65.416525    18.316    18.342  6 55013.40190393 26.225
  37  52.201438  65.416582    13.770    13.783  7 55023.31754735 49.002
  38  52.195855  65.416613    13.992    14.010  6 55033.23318914 53.472
  39  52.190879  65.417003    12.678    12.881  6 55043.14883028 41.140
  40  52.189863  65.416898    17.035    17.105  6 55053.06447016 25.282
  41  52.203038  65.416690    17.128    17.080  8 55062.98010911 23.393
  42  52.235436  65.418115    14.290    14.295 16 55072.89575672 33.257
  43  52.259429  65.419338    12.272    12.308 21 55082.81140725 52.308
  44  52.257127  65.419370    14.432    15.053 21 55092.72705376 42.300
  45  52.233118  65.418037    13.570    13.556 16 55102.64269801 43.936
  46  52.213818  65.417115    17.274    17.638 11 55112.55834241 26.525
  47  52.220923  65.417525    17.545    17.556 13 55122.47398694 25.433
  48  52.254921  65.419672    13.189    13.185 22 55132.38963110 52.034
  49  52.262104  65.419092    12.498    12.435 20 55142.30527062 48.554
  50  52.259356  65.419008    12.403    12.419 21 55152.22090863 48.045
  51  52.255220  65.419900    14.244    14.285 21 55162.13654681 33.086
  52  52.217595  65.417384    14.048    14.280 11 55172.05218139 25.818
  53  52.210208  65.417110    15.891    15.861  9 55181.96781726 21.366
  54  52.200834  65.416401    17.092    17.179  8 55191.88346654 14.792
  55  52.195517  65.416481    16.959    16.960  7 55201.79911618 14.064
  56  52.189878  65.416702    17.211    17.198  6 55211.71476517 13.459
  57  52.188783  65.417051    17.621    17.555  6 55221.63041414 14.021
  58  52.190632  65.416538    17.832    17.795  6 55231.54606216 13.596
  59  52.209049  65.416937    18.361    18.345 10 55241.46170852 13.172
  60  52.233438  65.417990    17.757    17.739 16 55251.37735196 12.768
  61  52.256755  65.419803    17.028    16.951 22 55261.29299304 13.181
  62  52.237158  65.418214    17.703    17.742 16 55271.20862913 14.139
  63  52.231428  65.418080    17.895    17.963 15 55281.12426646 12.224
  64  52.232858  65.418033    17.189    18.241 16 55291.03990325 19.474
  65  52.255439  65.419425    16.177    16.085 21 55300.95553974 15.774
  66  52.259641  65.419081    15.835    16.133 20 55310.87118679 31.789
  67  52.258716  65.418897    17.333    17.295 21 55320.78683222 56.315
  68  52.256821  65.419571    18.937    18.947 21 55330.70247654 43.946
  69  52.227703  65.417958    19.676    19.688 14 55340.61811819 49.847
  70  52.210698  65.417072    14.771    14.779 10 55350.53376076 42.273
  71  52.203350  65.416626    17.611    17.639  8 55360.44940212 28.998
  72  52.200091  65.416472    14.823    14.821  7 55370.36504169 38.636
  73  52.197244  65.416631    16.076    16.279  7 55380.28067982 31.275
  74  52.193848  65.416844    14.387    14.404  6 55390.19631718 46.361
  75  52.196156  65.416790    15.831    15.754  6 55400.11195393 27.524
  76  52.213089  65.417214    12.548    12.515 11 55410.02760317 49.721
  77  52.255067  65.419673    12.706    12.370 21 55419.94325741 42.418
  78  52.259654  65.419053    14.923    15.730 21 55429.85890489 34.504
  79  52.255901  65.419286    13.125    13.055 21 55439.77454918 49.637
  80  52.232779  65.418252    16.261    16.095 15 55449.69019020 27.386
  81  52.219480  65.417418    14.794    13.986 12 55459.60583172 39.512
  82  52.233050  65.418043    15.587    15.986 16 55469.52147488 32.763
  83  52.256957  65.419038    15.696    15.863 20 55479.43711583 47.842
  84  52.262407  65.418691    17.697    17.875 20 55489.35275224 23.290
  85  52.260958  65.418832    13.996    13.953 20 55499.26838577 53.779
  86  52.256733  65.419920    13.914    13.910 22 55509.18402556 51.199
  87  52.218096  65.417367    13.998    13.949 11 55519.09967191 42.168
  88  52.202016  65.416370    15.090    15.076  8 55529.01531946 34.529
  89  52.203883  65.416572    16.268    16.467  8 55538.93096691 24.067
  90  52.202088  65.416561    17.202    17.135  7 55548.84661177 20.762
  91  52.194524  65.416640    17.312    17.281  7 55558.76225440 18.581
  92  52.189860  65.417178    17.285    17.237  5 55568.67789647 17.685
  93  52.192039  65.417135    17.386    17.350  6 55578.59353828 17.110
  94  52.211298  65.417088    17.771    17.870 11 55588.50917927 16.194
  95  52.256810  65.418976    17.202    17.067 21 55598.42481970 17.704
  96  52.262452  65.418072    17.358    17.354 19 55608.34045376 17.878
  97  52.262802  65.418658    17.016    17.134 20 55618.25608553 16.825
  98  52.238363  65.418386    17.394    17.371 16 55628.17173001 15.585
  99  52.220618  65.417570    17.455    17.549 12 55638.08737958 15.762
 100  52.233091  65.417948    17.339    17.379 16 55648.00302988 15.017
 101  52.261200  65.418942    12.671    12.669 20 55657.91867867 39.779
 102  52.260823  65.418111    15.509    15.975 20 55667.83432070 31.223
 103  52.258876  65.419081    16.330    16.074 20 55677.74996006 34.879
 104  52.226851  65.417868    17.346    17.339 15 55687.66559468 53.629
 105  52.202191  65.416651    17.992    17.956  7 55697.58122870 30.607
 106  52.205155  65.416638    17.268    17.324  8 55707.49686421 40.502
 107  52.217538  65.417360    18.774    18.796 11 55717.41251665 29.350
 108  52.216449  65.417346    17.689    17.666 12 55727.32816507 26.618
 109  52.198354  65.416534    16.895    17.037  6 55737.24381024 27.241
 110  52.189350  65.416779    16.442    16.919  6 55747.15945502 26.491
 111  52.190290  65.416680    15.075    14.760  6 55757.07509859 28.513
 112  52.215544  65.417251    16.586    16.856 12 55766.99074180 24.827
 113  52.257599  65.418862    13.165    12.214 20 55776.90638362 42.794
 114  52.263301  65.417926    11.868    11.844 19 55786.82201931 45.328
 115  52.259715  65.418477    13.458    13.957 20 55796.73765257 39.840
 116  52.243787  65.418842    13.258    12.977 19 55806.65329288 34.748
 117  52.217975  65.417437    16.510    16.679 12 55816.56893956 24.886
 118  52.237950  65.418367    13.016    12.346 16 55826.48458735 39.751
 119  52.259068  65.418604    12.303    12.262 20 55836.40023080 39.779
 120  52.264656  65.417992    16.209    16.224 19 55846.31586949 27.282
 121  52.261604  65.418853    16.432    16.531 20 55856.23150488 30.429
 122  52.230965  65.418152    14.029    14.016 15 55866.14714452 50.667
 123  52.196361  65.416722    12.846    12.867  6 55876.06279384 50.872
 124  52.195580  65.416747    13.531    13.526  6 55885.97844031 30.745
 125  52.202375  65.416512    14.453    14.824  8 55895.89408167 27.959
 126  52.222989  65.417641    13.489    13.389 13 55905.80971916 26.913
 127  52.212342  65.417079    13.491    12.986 11 55915.72536129 26.566
 128  52.195529  65.416633    14.129    14.083  7 55925.64101342 23.974
 129  52.194022  65.416797    14.120    14.224  7 55935.55666373 22.843
 130  52.212804  65.417026    17.424    17.394 11 55945.47231106 17.705
 131  52.259303  65.419297    16.393    16.492 21 55955.38795660 16.888
 132  52.263177  65.418325    16.211    16.263 19 55965.30359539 18.034
 133  52.259079  65.418883    16.403    16.353 20 55975.21923223 18.207
 134  52.234361  65.418260    17.497    17.538 15 55985.13486618 17.805
 135  52.220104  65.417488    17.017    16.955 13 55995.05049905 18.506
 136  52.234816  65.418214    18.342    19.013 15 56004.96615252 17.667
 137  52.256885  65.418639    15.887    16.042 20 56014.88180275 18.212
 138  52.262628  65.418688    18.236    18.034 20 56024.79744844 12.728
 139  52.253964  65.419393    11.781    11.798 21 56034.71309085 31.526
 140  52.204836  65.416668    14.809    15.089  8 56044.62872734 33.635
 141  52.194199  65.417008    17.554    17.517  6 56054.54436474 48.454
 142  52.194135  65.416651    18.679    18.687  6 56064.45999936 47.817
 143  52.204533  65.416677    18.837    18.927  8 56074.37564414 30.743
 144  52.208468  65.416889    17.618    17.609 10 56084.29129419 27.365
 145  52.202238  65.416564    17.746    17.919  7 56094.20694089 27.699
 146  52.197542  65.416583    17.725    17.699  6 56104.12258559 24.997
 147  52.201837  65.416465    17.916    17.954  8 56114.03821659 24.158
 148  52.227833  65.417793    13.311    13.307 15 56123.95385746 49.862
 149  52.257061  65.418822    15.331    15.703 20 56133.86949463 31.876
 150  52.260228  65.418332    12.975    12.957 19 56143.78513417 44.375
 151  52.256762  65.418873    16.288    16.687 20 56153.70078433 25.026
 152  52.234803  65.418228    12.979    12.844 16 56163.61643144 49.750
 153  52.216725  65.417286    12.662    12.650 11 56173.53207682 51.215
 154  52.228290  65.417953    15.730    16.781 15 56183.44771992 34.750
 155  52.254155  65.419233    15.942    16.092 21 56193.36336060 31.531
 156  52.259723  65.419087    14.193    14.147 21 56203.27899658 42.770
 157  52.258732  65.419833    13.741    13.747 21 56213.19463032 42.968
 158  52.217028  65.417261    17.898    17.941 12 56223.11025913 25.516
 159  52.194742  65.416768    13.287    13.335  6 56233.02591331 48.953
 160  52.189652  65.416547    12.057    12.044  6 56242.94156504 46.387
 161  52.197486  65.416712    12.676    12.654  7 56252.85721342 46.531
 162  52.200413  65.416449    13.514    13.480  7 56262.77285685 37.023
 163  52.201865  65.416538    13.203    13.229  7 56272.68849823 25.466
 164  52.203154  65.416626    13.720    13.310  8 56282.60414082 22.586
 165  52.211278  65.417086    14.997    15.310 10 56292.51979349 21.389
 166  52.232036  65.418015    15.752    15.973 16 56302.43544286 20.366
 167  52.258440  65.419632    14.767    15.076 21 56312.35108857 21.381
 168  52.259123  65.419620    15.745    15.850 21 56322.26672967 19.714
 169  52.237580  65.418284    19.183    19.630 16 56332.18236808 19.304
 170  52.228785  65.418034    17.347    17.445 14 56342.09800724 19.278
 171  52.230293  65.418025    17.550    17.588 14 56352.01364506 17.235
 172  52.256910  65.419929    16.852    16.839 21 56361.92928792 16.650
 173  52.255619  65.419568    16.935    16.926 22 56371.84493709 16.675
 174  52.234411  65.418161    17.313    17.211 16 56381.76058176 16.631
 175  52.205195  65.416737    18.237    18.211  8 56391.67622358 15.647
 176  52.193474  65.416643    11.804    11.801  6 56401.59186545 50.264
 177  52.191263  65.416697    17.614    17.630  6 56411.50750545 29.733
 178  52.196174  65.416557    17.429    17.644  6 56421.42314113 31.114
 179  52.202011  65.416720    17.313    17.337  7 56431.33878098 46.621
 180  52.197280  65.416657    17.314    17.237  7 56441.25443337 28.796
 181  52.193233  65.416526    16.862    16.892  6 56451.17008331 53.335
 182  52.198061  65.416439    16.588    16.583  7 56461.08573172 55.828
 183  52.222602  65.417611    14.800    14.781 13 56471.00137869 44.298
 184  52.256455  65.419831    15.035    15.296 22 56480.91702294 43.360
 185  52.254216  65.419130    13.346    12.391 21 56490.83265987 45.008
 186  52.254810  65.419579    13.638    13.683 21 56500.74829464 34.249
 187  52.236270  65.418155    11.456    11.476 16 56510.66392615 51.350
 188  52.233196  65.418059    11.314    11.307 16 56520.57956980 41.355
 189  52.235460  65.418174    14.490    14.219 16 56530.49522339 27.275
 191  52.250542  65.419472    13.128    12.413 21 56550.32651948 35.411
 192  52.216442  65.417186    17.601    17.515 12 56560.24215909 21.026
 193  52.196214  65.416619    17.525    17.568  7 56570.15779901 24.482
 194  52.192477  65.417215    16.877    17.100  6 56580.07343911 24.057
 195  52.194855  65.416827    12.300    12.217  7 56589.98907572 40.303
 196  52.202021  65.416637    12.778    12.777  8 56599.90472244 41.029
 197  52.206252  65.416783    15.855    15.850  8 56609.82037332 51.995
 198  52.197124  65.416555    15.602    15.583  6 56619.73601819 47.680
 199  52.192528  65.416660    14.826    14.836  6 56629.65166034 36.396
 200  52.200565  65.416696    14.377    14.088  7 56639.56730036 25.184
 201  52.234417  65.418198    16.953    16.720 15 56649.48294896 20.506
 202  52.257336  65.418939    16.493    16.307 21 56659.39860224 14.880
 203  52.257958  65.419005    16.006    16.003 21 56669.31424959 15.951
 204  52.232575  65.418186    16.340    16.430 15 56679.22989216 17.073
 205  52.200404  65.416444    16.887    16.848  7 56689.14553247 15.878
 206  52.202819  65.416562    16.929    17.055  8 56699.06117332 16.502
 207  52.235606  65.418271    16.256    16.295 15 56708.97681237 16.504
 208  52.259793  65.419577    13.115    12.446 21 56718.89245397 23.689
 209  52.208002  65.415100    88.730    89.752  4 56728.80810145  2.351
 210  52.200467  65.416661    17.557    17.580  7 56738.72374935 13.088
 211  52.185468  65.417230    17.699    17.784  5 56748.63939273 13.107
 212  52.182932  65.417204    17.431    17.437  5 56758.55503258 12.669
 213  52.195783  65.417048    17.272    17.413  6 56768.47066771 30.772
 214  52.204515  65.416626    16.682    17.107  8 56778.38631571 27.536
 215  52.202550  65.416499    16.597    16.212  7 56788.30197140 36.944
 216  52.196302  65.416894    20.978    20.980  6 56798.21762323 50.528
 217  52.187731  65.416957    20.861    20.875  6 56808.13326908 40.665
 218  52.193479  65.416809    17.823    17.821  7 56818.04891040 33.741
 219  52.220230  65.417414    17.864    17.854 13 56827.96455007 50.018
 220  52.258549  65.418955    88.426    90.284 20 56837.88018764 10.679
 221  52.261711  65.418701    17.692    17.687 20 56847.79581911 27.508
 222  52.255050  65.419916    16.266    16.367 22 56857.71147134 28.847
 223  52.201524  65.416617    16.897    17.496  8 56867.62711976 27.307
 224  52.196313  65.416621    17.578    17.656  6 56877.54277105 25.309
 225  52.209808  65.417071    17.746    17.786  9 56887.45842087 24.132
 226  52.231036  65.417942    14.299    13.940 15 56897.37406872 38.576
 227  52.228694  65.418074    12.377    12.353 14 56907.28971164 40.531
 228  52.196771  65.416806    16.251    17.054  7 56917.20534965 29.322
 229  52.184698  65.417607    13.942    13.687  5 56927.12098761 39.729
 230  52.183247  65.417753    17.128    17.149  5 56937.03662278 25.780
 231  52.194049  65.416960    13.307    13.295  6 56946.95225411 47.691
 232  52.213117  65.417219    12.450    12.452 11 56956.86790999 39.857
 233  52.223231  65.417613    13.063    13.028 14 56966.78355957 38.768
 234  52.202863  65.416443    13.288    13.297  8 56976.69920215 33.326
 235  52.193937  65.416634    14.063    13.329  7 56986.61484135 28.929
 236  52.199324  65.416555    14.218    14.425  7 56996.53047607 28.223
 237  52.234740  65.418214    15.185    15.534 15 57006.44612410 26.005
 238  52.259519  65.418998    14.225    14.683 21 57016.36178073 26.208
 239  52.258538  65.418847    16.586    16.556 21 57026.27743110 18.135
 240  52.230914  65.418041    17.344    17.253 15 57036.19307700 16.491
 241  52.197705  65.416524    18.080    18.027  6 57046.10871975 15.397
 242  52.195810  65.416713    18.288    18.321  7 57056.02436204 14.621
 243  52.216658  65.417354    19.724    19.792 11 57065.94000125 12.796
 244  52.239216  65.418471    20.194    20.279 16 57075.85563613 13.993
 245  52.239451  65.418437    20.163    20.494 17 57085.77126588 13.018
 246  52.198505  65.416654    26.806    29.963  7 57095.68691885 12.589
 247  52.185706  65.417545    23.167    23.714  5 57105.60257407 11.740
 248  52.181426  65.417655    15.930    14.606  5 57115.51822549 18.954
 249  52.190316  65.417178    15.504    14.891  6 57125.43387181 19.096
 250  52.200766  65.416442    18.326    18.274  8 57135.34951296 12.415
 251  52.225174  65.417850    17.500    17.619 13 57145.26515118 27.284
 252  52.220119  65.417463    17.057    17.072 13 57155.18078413 46.480
 253  52.209229  65.416937    21.244    21.209 10 57165.09642263 52.780
 254  52.202384  65.416672    21.956    21.938  7 57175.01207863 41.599
 255  52.221294  65.417541    20.537    20.517 13 57184.92773342 53.690
 256  52.255698  65.419569    17.765    17.686 21 57194.84338568 36.129
 257  52.259222  65.419574    16.854    16.785 21 57204.75902132 34.428
 258  52.230735  65.417969    15.392    15.628 15 57214.67466406 30.302
 259  52.200650  65.416510    17.071    17.282  7 57224.59030516 27.442
 260  52.197442  65.416794    17.215    17.087  6 57234.50594694 24.932
 261  52.203875  65.416699    14.943    14.946  8 57244.42158631 47.031
 262  52.222831  65.417597    16.507    17.503 14 57254.33722432 26.244
 263  52.221128  65.417568    16.909    17.516 13 57264.25285902 24.988
 264  52.198085  65.416580    13.294    13.245  6 57274.16849654 51.314
 265  52.188851  65.417348    13.949    13.914  5 57284.08415300 49.559
 266  52.186642  65.417316    17.355    17.440  5 57293.99980727 24.864
 267  52.194729  65.417055    17.404    17.568  6 57303.91545889 26.700
 268  52.202362  65.416484    13.145    13.120  8 57313.83110661 50.344
 269  52.215519  65.417392    12.487    12.450 11 57323.74675171 39.231
 270  52.209709  65.417048    11.993    11.991  9 57333.66239309 41.083
 271  52.201526  65.416533    12.707    12.744  7 57343.57803232 36.291
 272  52.203503  65.416582    12.636    12.668  7 57353.49368571 27.738
 273  52.224853  65.417777    15.418    15.666 14 57363.40933178 23.819
 274  52.256981  65.419897    14.698    14.902 21 57373.32497550 23.643
 275  52.255585  65.419712    15.367    15.657 21 57383.24061423 18.790
 276  52.233477  65.418148    16.062    16.452 16 57393.15625055 18.449
 277  52.217172  65.417301    17.628    17.605 12 57403.07188650 14.994
 278  52.213058  65.417237    17.384    17.368 10 57412.98753057 13.860
 279  52.209702  65.417020    18.812    18.622 10 57422.90318187 17.685
 280  52.200918  65.416486    18.317    18.349  8 57432.81882989 18.581
 281  52.196199  65.416957    17.927    17.918  6 57442.73447652 17.118
 282  52.187372  65.417060    17.892    17.916  5 57452.65012208 15.880
 283  52.185888  65.417286    18.263    18.228  5 57462.56576668 13.332
 284  52.189016  65.416662    18.532    18.474  6 57472.48140809 13.964
 285  52.202636  65.416676    14.076    13.633  7 57482.39704663 14.795
 286  52.223828  65.417713    16.804    17.280 14 57492.31268287 22.231
 287  52.227520  65.417833    16.405    16.657 15 57502.22831539 30.713
 288  52.219004  65.417377    19.693    19.658 12 57512.14396474 55.942
 289  52.215085  65.417144    17.332    17.320 12 57522.05961953 54.222
 290  52.227574  65.417887    16.990    16.968 14 57531.97527347 56.522
 291  52.240625  65.418533    17.683    17.663 17 57541.89092416 27.289
 292  52.255185  65.419880    14.387    14.329 22 57551.80657220 47.177
 293  52.232491  65.418202    16.467    16.399 15 57561.72221525 52.085
 294  52.213271  65.417205    14.384    14.376 11 57571.63785824 43.937
 295  52.201776  65.416480    15.043    15.041  8 57581.55350188 37.797
 296  52.205470  65.416758    17.444    17.462  8 57591.46914515 23.431
 297  52.208906  65.416978    17.269    17.386 10 57601.38478570 23.010
