# NaN NaN NaN ;Mean Elev.(m), Avg Gradient(m/km), RMS Gradient(m/km) - SRTM1     
#   -9.621  -1.905   6.182 ;Mean Elev.(m), Avg Gradient(m/km), RMS Gradient(m/km) - ASTER GDEM
#   34.000  -2.612   3.905 ;Mean Elev.(m), Avg Gradient(m/km), RMS Gradient(m/km) - GMTED2010 
   1  52.130933  65.472286    13.300    13.342  4 54666.43507622 40.637
   2  52.129677  65.473321    12.686    12.671  4 54676.35072060 43.032
   3  52.130883  65.474992     5.332     5.404  4 54686.26636382 13.601
   4  52.128411  65.476582    12.943    12.907  4 54696.18200507 27.727
   5  52.128204  65.476026     9.041     9.150  4 54706.09764477 17.235
   6  52.131195  65.472949    14.586    14.619  4 54716.01329756 50.660
   7  52.129884  65.470282    14.037    14.090  4 54725.92894745 33.673
   8  52.127807  65.469532    13.148    13.140  4 54735.84459531 42.722
   9  52.129460  65.470645    18.446    18.835  3 54745.76024256 27.571
  10  52.130004  65.472159    15.152    15.128  4 54755.67588924 43.976
  11  52.130530  65.472082    16.108    16.082  4 54765.59153457 35.380
  12  52.129378  65.470264    15.385    15.373  4 54775.50717688 47.386
  13  52.129655  65.468384    13.889    13.903  4 54785.42281687 41.907
  14  52.128266  65.468707    13.139    13.156  4 54795.33845514 40.276
  15  52.129108  65.471063    13.491    13.491  3 54805.25409289 37.543
  16  52.129618  65.473350    13.623    13.647  4 54815.16973008 24.292
  17  52.129783  65.473899    13.356    13.338  3 54825.08537629 19.512
  18  52.127260  65.472958    13.136    13.141  4 54835.00101579 15.448
  19  52.129886  65.472148    12.926    12.911  3 54844.91666587 13.495
  20  52.129375  65.472821    13.243    13.190  4 54854.83231476 15.598
  21  52.131756  65.474131    13.069    13.036  4 54864.74796371 13.814
  22  52.129870  65.474891    12.739    12.614  3 54874.66361198 13.024
  23  52.130356  65.473925    12.918    12.967  4 54884.57925788 12.928
  24  52.127905  65.471714    13.288    13.152  4 54894.49490017 13.198
  25  52.129586  65.469348    13.710    13.579  4 54904.41054020 13.080
  26  52.128979  65.469126    13.520    13.389  4 54914.32617879 13.997
  27  52.128735  65.470545    12.522    12.105  4 54924.24181682 12.267
  28  52.128273  65.472238    13.629    13.628  4 54934.15745405 11.703
  29  52.128694  65.472598    13.719    14.605  3 54944.07308948 11.280
  30  52.129492  65.471331    12.013    12.000  4 54953.98872284 17.045
  31  52.127841  65.469581    14.271    12.636  4 54963.90436801 36.765
  32  52.129646  65.469121    16.084    16.128  3 54973.82001654 52.310
  33  52.129156  65.470798    18.773    18.801  4 54983.73566408 29.632
  34  52.131430  65.472602    87.031    86.477  4 54993.65131167 19.082
  35  52.129819  65.473589    19.091    19.060  4 55003.56695782 29.972
  36  52.129982  65.473198    17.935    18.654  4 55013.48260221 27.896
  37  52.128393  65.472728    14.626    13.256  4 55023.39824506 32.975
  38  52.127524  65.473320    13.751    13.784  4 55033.31388725 42.849
  39  52.127653  65.474460    12.888    12.899  4 55043.22952882 30.103
  40  52.130152  65.474897    12.223    12.227  3 55053.14516906 28.102
  41  52.128565  65.474083    12.157    12.250  4 55063.06080678 32.120
  42  52.128671  65.471856    12.007    12.103  3 55072.97645166 30.709
  43  52.130658  65.469638    12.107    12.179  4 55082.89210021 30.375
  44  52.129147  65.469439    12.152    12.113  3 55092.80774674 30.956
  45  52.130161  65.470200    12.901    12.992  4 55102.72339319 35.373
  46  52.128810  65.471400    17.585    18.710  4 55112.63903911 27.392
  47  52.129548  65.471261    16.443    16.420  4 55122.55468292 33.715
  48  52.126683  65.470462    12.986    13.094  4 55132.47032355 45.159
  49  52.128203  65.469101    12.069    12.050  4 55142.38596258 27.386
  50  52.129979  65.469168    12.258    12.268  4 55152.30160101 38.192
  51  52.127558  65.471041    13.000    13.009  4 55162.21723927 33.554
  52  52.129360  65.472842    12.917    12.924  4 55172.13287757 30.222
  53  52.128133  65.474147    12.715    12.657  4 55182.04851403 27.325
  54  52.128708  65.473727    12.392    12.366  4 55191.96416445 23.524
  55  52.131246  65.473217    13.068    12.917  4 55201.87981484 14.056
  56  52.128897  65.473658    13.552    13.912  3 55211.79546406 13.366
  57  52.131057  65.473758    12.904    12.635  4 55221.71111323 13.693
  58  52.129111  65.473258    12.902    12.928  3 55231.62676086 12.752
  59  52.131476  65.471659    13.418    13.491  4 55241.54240574 13.171
  60  52.129195  65.470273    13.382    13.223  3 55251.45804670 12.623
  61  52.128659  65.469464    12.977    12.865  4 55261.37368556 12.545
  62  52.128396  65.470006    12.693    12.713  3 55271.28932353 13.079
  63  52.128604  65.470903    12.967    12.847  3 55281.20496144 12.698
  64  52.131023  65.471192    12.443    12.506  4 55291.12059841 29.033
  65  52.128916  65.471277    12.470    12.625  3 55301.03623268 21.643
  66  52.129146  65.470204    12.498    12.521  3 55310.95187964 30.310
  67  52.128834  65.469729    16.844    16.846  4 55320.86752518 50.788
  68  52.129865  65.470124    18.268    18.276  4 55330.78316966 47.138
  69  52.127265  65.471657    19.068    19.082  4 55340.69881365 45.111
  70  52.130495  65.472393    16.469    16.278  4 55350.61445800 31.300
  71  52.131418  65.472879    18.633    18.673  4 55360.53010002 23.975
  72  52.129762  65.473277    14.663    14.611  3 55370.44573967 39.692
  73  52.128984  65.473849    14.064    14.067  4 55380.36137794 34.138
  74  52.129844  65.474527    13.961    13.897  3 55390.27701567 36.235
  75  52.130405  65.474760    12.705    12.691  4 55400.19265229 33.724
  76  52.131716  65.473382    12.482    12.323  4 55410.10830035 47.830
  77  52.127317  65.471536    12.245    12.207  4 55420.02395037 40.809
  78  52.128121  65.469768    12.058    12.066  3 55429.93959766 31.472
  79  52.128856  65.469679    12.960    12.950  4 55439.85524232 41.790
  80  52.127234  65.470907    14.119    12.525  4 55449.77088521 26.802
  81  52.127903  65.471556    13.677    13.596  4 55459.68652790 43.247
  82  52.126975  65.471261    18.829    18.749  4 55469.60216957 25.513
  83  52.129347  65.470015    13.119    13.184  3 55479.51780844 34.487
  84  52.127887  65.469646    18.166    18.341  4 55489.43344417 29.451
  85  52.129687  65.470120    13.674    13.696  4 55499.34907794 45.894
  86  52.127967  65.471741    13.655    13.728  4 55509.26471799 44.800
  87  52.128445  65.472637    13.787    13.830  4 55519.18036803 43.121
  88  52.127195  65.473208    14.724    14.757  4 55529.09601702 31.937
  89  52.128287  65.472952    14.346    14.345  4 55539.01166445 22.657
  90  52.130305  65.472723    14.021    14.079  4 55548.92730970 19.847
  91  52.127863  65.473489    13.771    13.769  4 55558.84295275 18.419
  92  52.129041  65.474297    13.453    13.428  4 55568.75859522 17.677
  93  52.130917  65.474131    13.164    13.085  4 55578.67423693 16.577
  94  52.127177  65.472971    13.511    13.506  4 55588.58987578 15.816
  95  52.129067  65.470562    13.641    13.482  4 55598.50551216 14.584
  96  52.130684  65.469276    13.702    13.872  4 55608.42114592 14.467
  97  52.130800  65.470104    13.613    13.671  4 55618.33677764 14.132
  98  52.129811  65.472009    13.275    13.118  4 55628.25242443 13.874
  99  52.129209  65.472757    13.320    13.433  4 55638.16807566 13.306
 100  52.127755  65.471861    13.387    13.313  4 55648.08372479 12.321
 101  52.130641  65.469463    12.608    12.508  4 55657.99937142 38.223
 102  52.130178  65.468509    13.689    13.627  4 55667.91501357 26.209
 103  52.128161  65.469823    17.099    17.093  4 55677.83065281 36.501
 104  52.129846  65.472027    17.185    17.173  3 55687.74629039 52.201
 105  52.130368  65.473824    18.594    18.516  4 55697.66192659 29.153
 106  52.129242  65.474305    18.166    18.369  4 55707.57756175 33.879
 107  52.130649  65.473121    18.575    18.548  4 55717.49321313 28.654
 108  52.130167  65.472696    18.691    18.657  3 55727.40886158 20.293
 109  52.130081  65.473343    15.004    14.306  3 55737.32450841 27.131
 110  52.130083  65.474288    12.804    12.803  4 55747.24015400 31.393
 111  52.129249  65.474230    12.200    12.188  4 55757.15579747 31.237
 112  52.128308  65.472615    12.052    11.972  4 55767.07143840 29.984
 113  52.130710  65.469985    12.133    12.113  4 55776.98707668 27.993
 114  52.128361  65.468958    12.150    12.242  4 55786.90271173 42.438
 115  52.128672  65.470153    11.976    12.124  3 55796.81834521 30.227
 116  52.128718  65.472150    12.010    12.107  3 55806.73398692 29.411
 117  52.130259  65.473109    11.816    11.920  3 55816.64963600 35.203
 118  52.127247  65.472362    12.184    12.243  4 55826.56528152 27.055
 119  52.126697  65.470546    12.215    12.225  4 55836.48092294 29.647
 120  52.128821  65.469127    15.440    15.340  4 55846.39656134 27.676
 121  52.127138  65.470671    18.398    18.552  4 55856.31219672 24.998
 122  52.128532  65.472920    13.765    13.855  4 55866.22783943 45.677
 123  52.130616  65.474386    12.365    12.330  3 55876.14349212 45.809
 124  52.130142  65.474450    13.177    13.189  3 55886.05913864 35.911
 125  52.130961  65.473544    13.248    13.270  4 55895.97477952 27.171
 126  52.129547  65.473084    12.870    12.900  4 55905.89041494 24.396
 127  52.128813  65.473513    12.865    12.812  4 55915.80605813 19.698
 128  52.128591  65.474091    12.454    12.490  4 55925.72171169 22.691
 129  52.131401  65.473809    12.242    12.240  4 55935.63736229 23.346
 130  52.127188  65.472421    12.752    12.336  4 55945.55300748 17.238
 131  52.128035  65.469832    12.895    13.202  3 55955.46864878 16.558
 132  52.129543  65.468382    13.137    13.043  4 55965.38428744 15.533
 133  52.130936  65.469373    12.532    12.379  4 55975.29992476 16.090
 134  52.126932  65.472234    12.627    12.451  4 55985.21556059 16.049
 135  52.130641  65.473501    12.270    12.360  4 55995.13119535 16.308
 136  52.130783  65.472278    12.233    12.122  4 56005.04684759 16.284
 137  52.127220  65.470234    12.944    12.897  4 56014.96249562 15.350
 138  52.129315  65.468859    14.446    14.607  4 56024.87814106  9.727
 139  52.131071  65.469964    12.414    12.402  4 56034.79378429 35.810
 140  52.130389  65.472684    12.780    12.806  4 56044.70942513 35.735
 141  52.128562  65.474862    17.175    17.147  4 56054.62506311 46.023
 142  52.129095  65.475198    18.246    18.244  4 56064.54069769 48.903
 143  52.130482  65.473877    18.717    18.721  4 56074.45634181 34.278
 144  52.128837  65.473084    18.804    18.826  3 56084.37199134 23.702
 145  52.129844  65.472925    17.222    17.206  4 56094.28763875 29.619
 146  52.129409  65.473503    17.267    17.743  4 56104.20328386 26.687
 147  52.130700  65.473026    15.820    15.538  4 56114.11891468 28.262
 148  52.131468  65.471946    12.897    12.787  4 56124.03455328 44.098
 149  52.128300  65.470717    12.546    12.485  4 56133.95018754 36.171
 150  52.129869  65.469755    12.531    12.423  4 56143.86582714 29.560
 151  52.129185  65.470100    13.880    12.926  4 56153.78147741 26.506
 152  52.130050  65.471353    12.392    12.417  4 56163.69712646 31.232
 153  52.127626  65.472576    12.321    12.310  4 56173.61277313 39.550
 154  52.129618  65.472127    12.082    12.055  4 56183.52841522 41.840
 155  52.131037  65.470709    16.946    17.820  4 56193.44405358 35.100
 156  52.128733  65.470251    13.730    13.730  4 56203.35968880 42.853
 157  52.128825  65.471444    13.302    13.303  3 56213.27532255 45.808
 158  52.129355  65.473953    16.441    17.757  3 56223.19095548 32.721
 159  52.130502  65.475165    12.931    12.999  4 56233.10661180 42.662
 160  52.129650  65.475133    11.963    11.936  4 56243.02226398 37.929
 161  52.130718  65.473875    12.578    12.485  4 56252.93791180 37.991
 162  52.129401  65.473161    13.178    13.185  4 56262.85355485 31.155
 163  52.130597  65.472972    12.940    12.922  4 56272.76919614 25.744
 164  52.128483  65.473315    12.749    12.762  4 56282.68483842 19.596
 165  52.127580  65.472744    12.613    12.609  4 56292.60049015 18.905
 166  52.127808  65.471237    12.885    12.752  4 56302.51613759 17.092
 167  52.128537  65.469830    12.902    12.710  3 56312.43178088 16.632
 168  52.127259  65.469813    13.491    13.662  4 56322.34742180 15.169
 169  52.126869  65.470931    13.389    13.287  4 56332.26306222 14.899
 170  52.130586  65.471692    13.054    12.873  4 56342.17870259 15.891
 171  52.130514  65.472235    12.805    12.764  4 56352.09434033 15.471
 172  52.128642  65.471840    13.149    13.166  3 56362.00998074 15.029
 173  52.129807  65.470779    13.446    13.503  4 56371.92563025 14.142
 174  52.127535  65.471052    13.362    13.188  4 56381.84127669 13.577
 175  52.130388  65.472044    13.026    13.012  4 56391.75692139 13.919
 176  52.130806  65.473433    12.105    11.891  4 56401.67256421 44.045
 177  52.129557  65.474432    14.383    13.157  4 56411.58820414 40.580
 178  52.129698  65.474529    18.139    18.752  4 56421.50383930 33.005
 179  52.128890  65.474305    18.365    18.699  4 56431.41947870 32.831
 180  52.130914  65.473488    18.725    18.701  4 56441.33513175 27.066
 181  52.130629  65.473186    18.114    18.517  4 56451.25078208 30.821
 182  52.129958  65.472601    16.434    16.278  3 56461.16643007 49.448
 183  52.129073  65.471452    14.527    14.572  3 56471.08207476 28.726
 184  52.130273  65.470270    13.017    13.044  4 56480.99771603 29.790
 185  52.129305  65.470132    12.483    12.485  4 56490.91335315 27.248
 186  52.129078  65.470973    12.745    12.707  4 56500.82898773 29.012
 187  52.130967  65.472083    11.799    11.777  4 56510.74462102 47.246
 188  52.127821  65.472855    11.120    11.140  4 56520.66026469 39.873
 189  52.128563  65.472214    11.983    12.003  4 56530.57591803 29.623
 191  52.126853  65.471308    12.051    12.043  4 56550.40721238 34.578
 192  52.131061  65.471736    12.474    12.444  4 56560.32285556 30.059
 193  52.129980  65.473325    12.159    12.233  4 56570.23849720 28.663
 194  52.129506  65.474778    12.451    12.434  4 56580.15413753 32.920
 195  52.129858  65.475060    12.313    12.302  3 56590.06977399 40.810
 196  52.131945  65.473959    12.972    12.976  4 56599.98542052 40.258
 197  52.129670  65.473165    15.737    15.681  3 56609.90107083 48.832
 198  52.128847  65.473477    15.436    15.348  3 56619.81671640 44.467
 199  52.131910  65.473652    14.336    14.336  4 56629.73235915 34.152
 200  52.130038  65.473510    13.775    13.745  4 56639.64799813 22.343
 201  52.128981  65.471834    13.760    13.781  4 56649.56364359 17.348
 202  52.129540  65.469682    13.523    13.565  3 56659.47929480 12.828
 203  52.130675  65.469109    13.414    13.369  4 56669.39494219 12.229
 204  52.130178  65.470746    13.308    13.373  4 56679.31058703 12.421
 205  52.128163  65.472718    13.020    12.981  4 56689.22623016 12.719
 206  52.130114  65.472908    12.981    12.860  3 56699.14187101 12.001
 207  52.130717  65.471866    12.982    12.858  4 56709.05750715 12.403
 208  52.129004  65.470972    12.837    12.779  4 56718.97314663 13.451
 210  52.127491  65.472757    12.911    12.760  4 56738.80444732 12.163
 211  52.130268  65.474481    12.828    12.867  4 56748.72009210 10.683
 212  52.131982  65.475121    12.800    12.494  4 56758.63573220 10.815
 213  52.130515  65.474799    14.193    15.012  3 56768.55136592 27.808
 214  52.128294  65.473500    14.311    14.154  4 56778.46701318 32.145
 215  52.130698  65.472345    16.574    15.917  4 56788.38266931 39.023
 216  52.128389  65.472705    20.263    20.250  4 56798.29832148 33.981
 217  52.128133  65.473384    20.225    20.257  4 56808.21396808 40.140
 218  52.129233  65.472949    18.773    18.908  3 56818.12960906 28.374
 219  52.126937  65.471703    17.266    17.249  4 56828.04524617 45.641
 220  52.127436  65.469993    83.371    83.323  4 56837.96088033 12.604
 221  52.128365  65.470070    16.183    15.356  4 56847.87651160 30.460
 222  52.127280  65.471381    14.342    12.978  4 56857.79216435 27.306
 223  52.131645  65.472744    12.419    12.348  4 56867.70781807 37.315
 224  52.129545  65.473244    12.558    12.563  4 56877.62346949 31.108
 225  52.129588  65.472034    12.368    12.378  4 56887.53911800 29.791
 226  52.127360  65.470611    12.347    12.340  4 56897.45476363 30.050
 227  52.126727  65.470734    12.292    12.260  4 56907.37040665 30.162
 228  52.127165  65.472706    15.349    14.960  4 56917.28604759 25.790
 229  52.130092  65.474946    18.386    18.477  3 56927.20168681 20.956
 230  52.130437  65.476103    13.111    13.088  4 56937.11732210 36.864
 231  52.130430  65.475401    13.026    13.032  4 56947.03295278 45.069
 232  52.129983  65.473045    12.088    12.057  4 56956.94860698 35.677
 233  52.131386  65.471624    12.647    12.657  4 56966.86425577 35.437
 234  52.127237  65.472713    12.854    12.825  4 56976.77989976 32.334
 235  52.131918  65.473604    12.889    12.918  4 56986.69554004 31.916
 236  52.129304  65.474101    12.658    12.640  3 56996.61117386 28.082
 237  52.127079  65.472500    12.385    12.375  4 57006.52681857 25.455
 238  52.129181  65.469819    12.263    12.235  3 57016.44247311 26.135
 239  52.128502  65.469240    13.249    13.601  3 57026.35812352 17.672
 240  52.128497  65.470987    12.975    13.090  3 57036.27377195 16.638
 241  52.127175  65.473178    12.188    12.222  4 57046.18941766 17.009
 242  52.130024  65.473701    13.049    12.933  4 57056.10506042 14.568
 243  52.128398  65.472810    13.104    13.168  4 57066.02069763 14.356
 244  52.128828  65.471946    13.690    13.637  4 57075.93633052 14.238
 245  52.129494  65.472462    13.833    13.552  3 57085.85196026 13.444
 246  52.129640  65.473990    15.232    15.363  3 57095.76761719 12.093
 247  52.129237  65.475584    14.839    14.660  3 57105.68327332 11.461
 248  52.130573  65.475862    21.059    20.080  3 57115.59892512  8.960
 249  52.130459  65.474520    12.468    12.510  3 57125.51457062 19.164
 250  52.129765  65.472814    14.403    11.689  4 57135.43021080 11.833
 251  52.127045  65.472300    12.156    12.193  4 57145.34584648 34.394
 252  52.131272  65.472633    16.768    16.740  4 57155.26148032 47.003
 253  52.130936  65.473653    20.407    20.414  4 57165.17712006 38.803
 254  52.129655  65.473561    21.513    21.511  4 57175.09277667 52.950
 255  52.128764  65.472089    19.872    19.868  3 57185.00842973 47.759
 256  52.129621  65.470113    17.115    17.065  4 57194.92407894 31.933
 257  52.130333  65.469392    15.821    14.901  4 57204.83971432 31.405
 258  52.127040  65.471014    16.008    15.985  4 57214.75535928 25.797
 259  52.130742  65.472631    13.053    13.080  4 57224.67100336 27.666
 260  52.130308  65.473737    14.039    14.040  4 57234.58664521 31.959
 261  52.128686  65.473464    15.598    14.594  4 57244.50228376 24.244
 262  52.128832  65.472584    13.775    13.763  3 57254.41791997 22.488
 263  52.127348  65.473151    15.489    15.138  4 57264.33355463 22.243
 264  52.130710  65.474497    12.752    12.775  4 57274.24919477 25.403
 265  52.129795  65.475823    14.217    13.277  4 57284.16485193 24.570
 266  52.131845  65.475451    12.818    12.819  4 57294.08050665 30.947
 267  52.130662  65.474067    18.432    18.558  4 57303.99615755 20.082
 268  52.127069  65.472599    12.868    12.906  4 57313.91180434 41.184
 269  52.130264  65.471416    12.395    12.351  4 57323.82744849 42.723
 270  52.129617  65.471784    11.713    11.761  4 57333.74309024 38.843
 271  52.127367  65.472835    12.551    12.513  4 57343.65872986 33.434
 272  52.128697  65.472154    12.521    12.472  3 57353.57438319 32.972
 273  52.128677  65.471294    12.802    12.914  3 57363.49002720 30.110
 274  52.129025  65.470252    12.364    12.342  4 57373.40566790 27.015
 275  52.127941  65.470576    12.276    12.212  4 57383.32130665 23.267
 276  52.128074  65.471768    12.200    12.132  4 57393.23694507 27.688
 277  52.127817  65.473399    11.987    11.992  4 57403.15258253 27.575
 278  52.127949  65.473990    12.079    11.950  4 57413.06822721 26.354
 279  52.128675  65.473459    12.322    12.206  4 57422.98387898 15.926
 280  52.129867  65.472924    13.727    13.394  3 57432.89952798 15.544
 281  52.130184  65.473299    13.324    13.075  4 57442.81517500 14.425
 282  52.127952  65.474513    12.892    12.927  4 57452.73082103 14.152
 283  52.131376  65.474876    14.555    14.803  4 57462.64646595 11.375
 284  52.130437  65.474683    14.572    14.457  4 57472.56210694 12.338
 285  52.129554  65.473859    12.115    12.171  4 57482.47774414 23.491
 286  52.129646  65.472923    12.140    12.140  4 57492.39337842 18.809
 287  52.131292  65.472960    13.515    13.502  4 57502.30901078 38.340
 288  52.130022  65.473062    19.226    19.209  3 57512.22466107 51.838
 289  52.129054  65.472784    17.024    16.985  3 57522.14031623 50.425
 290  52.130469  65.471768    16.534    16.533  4 57532.05596925 48.503
 291  52.127372  65.471073    18.703    18.690  4 57541.97161854 22.031
 292  52.128518  65.470538    17.041    18.487  3 57551.88726533 22.313
 293  52.127225  65.471185    15.841    15.852  4 57561.80291034 33.553
 294  52.130945  65.471826    14.263    14.279  4 57571.71855536 42.188
 295  52.130395  65.472550    12.669    12.609  4 57581.63419988 26.576
 296  52.129375  65.472862    12.015    12.045  4 57591.54984259 27.753
 297  52.127450  65.473074    11.911    11.955  4 57601.46548256 32.504
