# NaN NaN NaN ;Mean Elev.(m), Avg Gradient(m/km), RMS Gradient(m/km) - SRTM1     
#   33.119  -0.031   8.180 ;Mean Elev.(m), Avg Gradient(m/km), RMS Gradient(m/km) - ASTER GDEM
#   42.526  -0.174   7.900 ;Mean Elev.(m), Avg Gradient(m/km), RMS Gradient(m/km) - GMTED2010 
   1  56.729936  65.803768    88.736    88.548  3 54665.41971906  2.929
   2  56.732351  65.804593    41.585    38.179  3 54675.33536391 12.825
   3  56.731803  65.806257   -31.635   -30.653  3 54685.25100707 19.533
   4  56.731460  65.807392    48.462    48.462  2 54695.16664875 19.802
   5  56.731377  65.806760   -15.940   -26.744  3 54705.08228801 18.156
   6  56.731501  65.804169    84.041    83.988  3 54714.99793987 23.603
   7  56.730163  65.801743    12.086    12.150  3 54724.91359008 11.442
   8  56.729739  65.800944    94.935   101.719  3 54734.82923825 18.238
   9  56.731828  65.802098    79.553    79.553  2 54744.74488543 26.577
  10  56.731000  65.803604    93.727   100.022  3 54754.66053191 21.180
  11  56.730582  65.803446    88.082    88.765  3 54764.57617747 13.596
  12  56.728670  65.801580    92.955    92.955  2 54774.49182019 20.674
  13  56.729000  65.799789    81.615    81.549  3 54784.40746054 23.332
  14  56.728906  65.800094    83.735    83.735  2 54794.32309896 17.153
  17  56.731529  65.804795    35.783    35.783  2 54824.07001861 16.829
  24  56.728564  65.803027    94.126    94.126  2 54893.47954350  2.590
  25  56.731134  65.800587   102.595   102.595  2 54903.39518389  4.038
  26  56.731006  65.800458    94.622    94.622  2 54913.31082273  3.694
  27  56.731835  65.801968   103.487   103.487  2 54923.22646085  5.856
  28  56.731132  65.803634   104.103   104.103  2 54933.14209804  5.394
  29  56.730308  65.803733   103.619   103.619  2 54943.05773342  3.104
  30  56.731063  65.802171   103.726   103.726  2 54952.97336707  4.052
  32  56.727780  65.800534    41.109    41.109  2 54972.80465910 47.458
  33  56.728843  65.802237   101.393   101.393  2 54982.72030675 20.916
  34  56.732484  65.804022    87.812    87.812  2 54992.63595434 17.982
  35  56.731400  65.804720   100.674   102.640  3 55002.55160071  9.783
  36  56.731180  65.804296    94.078    90.072  3 55012.46724533  7.725
  37  56.730284  65.803693    90.281    90.068  3 55022.38288848 12.063
  38  56.730665  65.804258    98.200   102.170  3 55032.29853088  7.488
  39  56.730651  65.805554    42.155    42.155  2 55042.21417253 20.325
  40  56.733037  65.806239    44.236    48.336  3 55052.12981289 22.478
  41  56.732074  65.805369    41.421    37.902  3 55062.04545082 19.787
  44  56.725127  65.800785    90.854    90.854  2 55091.79238921  1.941
  45  56.727991  65.801794   101.828   101.828  2 55101.70803589  9.997
  46  56.730289  65.803099    79.774    79.774  2 55111.62368212 28.317
  47  56.729769  65.803101   103.557   103.557  2 55121.53932599  8.564
  48  56.729149  65.801631    83.078    83.078  2 55131.45496708 18.368
  49  56.726960  65.800149    83.060    83.060  2 55141.37060604 17.529
  50  56.727350  65.800319    33.788    33.788  2 55151.28624450 32.918
  51  56.729477  65.802117    34.454    34.442  3 55161.20188320 29.142
  52  56.730171  65.804227    34.576    34.576  2 55171.11752136 23.004
  56  56.730749  65.804615    96.924   101.923  3 55210.78010677  2.755
  59  56.730103  65.803691    98.319   101.884  3 55240.52704874  1.924
  60  56.728214  65.802021    93.698    93.698  2 55250.44268990  2.280
  61  56.729196  65.800772    88.978    88.869  3 55260.35832903  1.881
  62  56.729526  65.800944    86.235    86.235  2 55270.27396727  3.312
  63  56.730606  65.801888   102.068   102.068  2 55280.18960547  1.775
  64  56.729053  65.802824   103.291   103.280  3 55290.10524221  1.735
  66  56.728731  65.801789    82.594    82.594  2 55309.93652209 13.005
  67  56.727373  65.800942    89.555    89.555  2 55319.85216774 31.261
  68  56.731318  65.800876    90.368    90.368  2 55329.76781278 19.065
  69  56.730735  65.802343   100.406   102.260  3 55339.68345709 10.522
  70  56.732108  65.803720   103.180   103.180  2 55349.59910130  6.692
  71  56.730155  65.804654    91.371    89.795  3 55359.51474320 14.771
  72  56.731587  65.804639    99.746    99.746  2 55369.43038329  8.138
  73  56.731602  65.804745   102.884   102.884  2 55379.34602178  6.917
  74  56.731688  65.805234   100.807   100.807  2 55389.26165956  2.533
  75  56.732407  65.805536    82.045    81.671  3 55399.17729641 18.766
  76  56.731433  65.804827   100.939   100.939  2 55409.09294262  2.553
  77  56.730502  65.803026    93.384    92.272  3 55419.00859328  1.798
  78  56.730328  65.801314   101.830   101.830  2 55428.92424061  5.752
  79  56.728926  65.801009    97.331   101.221  3 55438.83988513  9.335
  80  56.728747  65.801765    91.704    88.904  3 55448.75552830 11.393
  81  56.728386  65.802490    80.629    80.629  2 55458.67117114 24.704
  82  56.730514  65.802361    81.955    82.080  3 55468.58681348 14.872
  83  56.730064  65.801663   102.314   102.314  2 55478.50245235  9.445
  84  56.727311  65.801282    91.409    91.409  2 55488.41808802 10.208
  85  56.729650  65.801235    94.066    94.790  3 55498.33372190  7.900
  86  56.729585  65.802380    81.888    81.888  2 55508.24936045 17.954
  87  56.728961  65.803400    82.667    82.667  2 55518.16501062 20.679
  88  56.731539  65.804008    35.417    35.417  2 55528.08066019 36.868
  89  56.731359  65.804213    35.397    35.498  3 55537.99630761 28.260
  90  56.731346  65.804283    36.057    36.103  3 55547.91195277 23.535
  93  56.731113  65.805233   102.590   102.590  2 55577.65888029  0.110
  94  56.730272  65.803883   101.712   101.712  2 55587.57451982  1.431
  96  56.729619  65.800990   102.175   102.205  3 55607.40579007  1.262
  99  56.729386  65.803485    96.923   102.126  3 55637.15271801  1.077
 100  56.730486  65.802650   103.067   103.067  2 55647.06836770  1.569
 101  56.731099  65.801007   103.162   103.162  2 55656.98401455  2.488
 103  56.728731  65.801223    84.440    83.900  3 55676.81529627 13.602
 104  56.729478  65.803027    88.825    88.825  2 55686.73093393 20.228
 105  56.730610  65.804508    87.444    87.444  2 55696.64657045 26.334
 106  56.732646  65.804878    82.416    82.416  2 55706.56220581 22.185
 107  56.732331  65.804294    86.352    86.366  3 55716.47785583 19.735
 108  56.729908  65.804206    95.948    98.610  3 55726.39350429  3.537
 109  56.728952  65.804904    86.288    86.288  2 55736.30915110 16.796
 110  56.731891  65.805540    44.737    47.913  3 55746.22479702 20.019
 111  56.731741  65.805305    87.464    87.464  2 55756.14044079 21.804
 113  56.728988  65.801395    85.157    85.157  2 55775.97172037  3.626
 116  56.731804  65.803227    85.150    85.150  2 55805.71862946 16.965
 117  56.732099  65.804049    74.496    85.146  3 55815.63427861  4.122
 119  56.729621  65.801258    77.700    77.700  2 55835.46556684 22.650
 120  56.729495  65.800377    97.986    97.986  2 55845.38120530  6.524
 121  56.727615  65.801909    92.979    92.979  2 55855.29684076 12.293
 122  56.730269  65.804000    35.082    35.074  3 55865.21248143 41.221
 123  56.732848  65.805242    34.706    34.656  3 55875.12813465 36.109
 133  56.727252  65.801010    93.802    93.802  2 55974.28456833  1.180
 134  56.731014  65.803243   102.742   102.750  3 55984.20020484  1.578
 135  56.731462  65.804658   104.211   104.211  2 55994.11583880  1.921
 136  56.730534  65.803471    88.028    88.028  2 56004.03148977  5.351
 137  56.729597  65.801088    86.309    86.350  3 56013.94713858  6.469
 141  56.731166  65.805958    85.763    85.613  3 56053.60970696 22.244
 142  56.730544  65.806120    83.930    83.930  2 56063.52534198 28.351
 143  56.730423  65.804863    88.300    90.605  3 56073.44098415 14.595
 144  56.730015  65.803995    90.644    90.644  2 56083.35663410 24.096
 145  56.729937  65.804224   101.514   101.514  2 56093.27228164  6.577
 146  56.731672  65.804945    95.489    94.406  3 56103.18792714  7.046
 147  56.730342  65.804790    84.085    83.222  3 56113.10355795  4.115
 148  56.730225  65.803473    79.555    79.555  2 56123.01919676 18.847
 149  56.729612  65.801554    80.792    81.500  3 56132.93483164 19.502
 150  56.728177  65.800722    84.729    84.729  2 56142.85046925  8.127
 151  56.727528  65.801365    81.897    81.897  2 56152.76611982 15.367
 152  56.731042  65.802832    82.167    82.167  2 56162.68176921 20.539
 153  56.731935  65.803858    88.913    88.913  2 56172.59741639  3.152
 154  56.731414  65.803337    97.769   100.896  3 56182.51305865  9.698
 155  56.730803  65.801813    77.024    77.024  2 56192.42869720 20.941
 156  56.728481  65.801122    92.212    92.212  2 56202.34433287 12.026
 157  56.728994  65.802394    96.221    96.161  3 56212.25996688 10.830
 158  56.730179  65.804938   108.298   108.298  2 56222.17559900 21.901
 159  56.733733  65.806292    83.618    83.618  2 56232.09125409 23.102
 160  56.731835  65.806278    35.222    35.284  3 56242.00690645 30.048
 162  56.730251  65.804130    35.245    35.245  2 56261.83819817 15.225
 163  56.731512  65.804014    35.086    34.964  3 56271.75383972 14.915
 164  56.732519  65.804338    34.920    34.818  3 56281.66948097 15.546
 165  56.732330  65.804099    35.007    35.027  3 56291.58513309 15.421
 166  56.731325  65.802778    34.760    34.755  3 56301.50078069 16.086
 167  56.728431  65.801272    34.766    34.766  2 56311.41642394 16.091
 168  56.728375  65.800632    34.537    34.537  2 56321.33206524 17.188
 170  56.730681  65.802968   103.473   103.473  2 56341.16334626  3.031
 171  56.732029  65.803797   103.725   103.833  3 56351.07898428  1.441
 172  56.729262  65.803421   103.929   103.929  2 56360.99462290  1.861
 173  56.729036  65.802105   102.801   102.801  2 56370.91027259  2.541
 174  56.729816  65.801715   102.977   103.089  3 56380.82591968  1.569
 175  56.729022  65.803093   102.087   102.087  2 56390.74156435  2.760
 177  56.733073  65.805738    81.724    81.719  3 56410.57284817 16.945
 178  56.731653  65.805871    93.740    93.740  2 56420.48848364 19.385
 179  56.731485  65.805319    81.733    81.927  3 56430.40412082 11.319
 180  56.733020  65.804488    81.559    81.559  2 56440.31977410 26.069
 181  56.729457  65.804392   103.369   103.369  2 56450.23542444  7.015
 182  56.730253  65.803996    78.482    77.398  3 56460.15107296 22.585
 184  56.728953  65.802201    83.411    83.454  3 56479.98235935 17.235
 185  56.729315  65.801618    82.873    82.873  2 56489.89799676 19.862
 188  56.731709  65.803427    85.559    85.559  2 56519.64490713 16.921
 189  56.729559  65.803478   101.643   101.506  3 56529.56056057  2.401
 190  56.730313  65.802985    96.987    96.816  3 56539.47621025  4.504
 191  56.730536  65.802507    90.152    89.190  3 56549.39185564  6.705
 192  56.731927  65.802833   102.290   102.290  2 56559.30749873  7.325
 193  56.731772  65.804015   100.635   100.635  2 56569.22314073  1.880
 194  56.732206  65.805474   102.766   103.847  3 56579.13878147 12.835
 196  56.732242  65.805610    35.496    35.496  2 56598.97006267 24.345
 197  56.732532  65.804575    86.662    86.662  2 56608.88571366 17.669
 198  56.730808  65.804578    86.716    80.648  3 56618.80135952 19.225
 199  56.732084  65.804669    34.647    34.647  2 56628.71700238 33.622
 200  56.730422  65.804488    35.116    35.090  3 56638.63264196 23.439
 203  56.729925  65.800922   102.485   102.386  3 56668.37958490  0.523
 206  56.731536  65.803768   101.857   101.857  2 56698.12651478  2.630
 207  56.731738  65.803100   101.812   101.812  2 56708.04215148  1.300
 208  56.729844  65.802449    97.757   100.970  3 56717.95778870  4.469
 211  56.732049  65.805451   104.569   104.595  3 56747.70473533  2.762
 212  56.731927  65.806188   104.737   104.737  2 56757.62037590  3.015
 213  56.730470  65.805910    84.630    84.630  2 56767.53601045  9.209
 214  56.729665  65.804805    92.748    92.748  2 56777.45165504  2.301
 215  56.730957  65.804076    93.646    94.397  3 56787.36731134 11.001
 216  56.731099  65.804232    95.516   100.624  3 56797.28296396 19.865
 217  56.730029  65.804691    82.049    82.049  2 56807.19861126 15.261
 219  56.729818  65.802613    95.451    95.451  2 56827.02989035 13.032
 220  56.730157  65.801143    90.479    90.479  2 56836.94552486 26.927
 221  56.729394  65.801485    90.863    90.863  2 56846.86115617 20.717
 223  56.726511  65.804362    90.462    90.462  2 56866.69245951 13.700
 224  56.731312  65.804080    75.767    75.767  2 56876.60811198  4.635
 225  56.730911  65.803124    88.853    88.853  2 56886.52376088 13.672
 226  56.728839  65.802019    85.454    85.369  3 56896.43940688  3.654
 227  56.730078  65.802197    96.973    96.973  2 56906.35505024  6.274
 228  56.730351  65.803996    97.202    97.202  2 56916.27069128  7.831
 229  56.730679  65.806146   100.535   100.535  2 56926.18633044  8.005
 230  56.733263  65.806914   104.165   104.165  2 56936.10196651 21.129
 231  56.731127  65.806328    82.358    82.006  3 56946.01759689 22.697
 232  56.730230  65.804340    34.347    34.396  3 56955.93324936 29.852
 233  56.731600  65.803166    93.406    93.406  2 56965.84889865  4.373
 235  56.729086  65.805310   103.397   103.397  2 56985.68018333  0.180
 237  56.729261  65.803332   102.179   102.179  2 57005.51146043  1.071
 238  56.729694  65.800910   102.279   102.279  2 57015.42711553  2.930
 239  56.731091  65.800399   100.746   100.746  2 57025.34276639  1.975
 240  56.730959  65.802364   101.972   101.884  3 57035.25841487  1.167
 241  56.730517  65.804451    98.456   101.797  3 57045.17406079  1.012
 242  56.732827  65.804784   101.983   101.983  2 57055.08970393  2.174
 243  56.729375  65.803697   104.088   104.098  3 57065.00534167  1.553
 244  56.731943  65.802575   103.004   103.004  2 57074.92097523  2.310
 245  56.729816  65.803422   103.949   104.019  3 57084.83660502  5.829
 246  56.731336  65.805251    89.737    91.115  3 57094.75225896  6.915
 247  56.731784  65.806910    97.117    97.117  2 57104.66791547  6.641
 248  56.731759  65.807184   103.877   103.875  3 57114.58356771  6.409
 249  56.732432  65.805593    35.077    35.262  3 57124.49921388  8.000
 250  56.731281  65.803842   104.404   104.404  2 57134.41485461  1.403
 252  56.730905  65.804073    93.065    94.207  3 57154.24612469 16.399
 253  56.732968  65.805021    91.020    90.632  3 57164.16176181 26.277
 254  56.732952  65.804779    86.198    86.198  2 57174.07741867 27.908
 255  56.730956  65.803183    96.362    94.534  3 57183.99307202  6.648
 256  56.729846  65.801232    83.981    84.366  3 57193.90872152 21.167
 257  56.727041  65.800879    89.671    89.671  2 57203.82436849  7.931
 258  56.731352  65.802065    81.428    81.428  2 57213.74000277 21.757
 259  56.732556  65.804110    87.303    87.303  2 57223.65564660  7.214
 260  56.732193  65.805069    93.289    93.289  2 57233.57128859  7.346
 261  56.732493  65.804374    84.175    84.175  2 57243.48692770 22.119
 262  56.730979  65.803341    83.508    83.668  3 57253.40256413 14.627
 263  56.729642  65.803741    90.361    86.074  3 57263.31819905  8.394
 264  56.731454  65.805507   101.284   101.284  2 57273.23383658  2.956
