# NaN NaN NaN ;Mean Elev.(m), Avg Gradient(m/km), RMS Gradient(m/km) - SRTM1     
#    4.135     NaN     NaN ;Mean Elev.(m), Avg Gradient(m/km), RMS Gradient(m/km) - ASTER GDEM
#   39.972   0.336   3.838 ;Mean Elev.(m), Avg Gradient(m/km), RMS Gradient(m/km) - GMTED2010 
   1  54.454280  65.630310    20.095    20.032  4 54666.35459370 45.403
   2  54.456456  65.631657    19.213    19.163  4 54676.27023852 30.625
   3  54.456506  65.633448     5.959     5.969  3 54686.18588178  9.133
   4  54.457350  65.634457    64.391    75.317  3 54696.10152342 19.131
   5  54.455674  65.633184     8.287     7.360  3 54706.01716273 17.621
   6  54.455576  65.630823    21.313    21.243  3 54715.93281495 42.700
   7  54.453443  65.628369    12.558    12.570  4 54725.84846453 19.383
   8  54.452179  65.628000    36.885    40.139  4 54735.76411244 26.244
   9  54.453942  65.629980    46.095    46.506  4 54745.67975991 31.803
  10  54.456310  65.631938    55.923    45.169  3 54755.59540701 20.348
  11  54.456788  65.631731    41.236    43.969  3 54765.51105244 27.427
  12  54.455380  65.629331    22.340    22.341  4 54775.42669466 47.589
  13  54.450535  65.626855    38.054    46.432  3 54785.34233407 22.460
  14  54.450221  65.626857    67.153    64.019  3 54795.25797247 17.938
  15  54.452221  65.629051    56.628    52.878  4 54805.17361048  5.558
  16  54.455772  65.631092    22.034    22.678  3 54815.08924808 22.976
  17  54.454502  65.631567    20.788    20.348  4 54825.00489401 22.384
  18  54.455450  65.631044    20.554    20.444  3 54834.92053371 21.463
  19  54.455458  65.631194    20.719    20.141  3 54844.83618349 19.766
  20  54.457232  65.632442    30.794    23.777  3 54854.75183269 13.672
  21  54.457371  65.634209    43.246    43.689  3 54864.66748162 13.488
  22  54.458260  65.634903    43.543    43.543  2 54874.58313027 14.487
  23  54.457281  65.633770    43.930    43.980  3 54884.49877604 14.877
  24  54.455705  65.631159    33.982    33.970  4 54894.41441825 16.891
  25  54.452625  65.628812    41.217    46.860  4 54904.33005766 16.301
  26  54.454900  65.628733    29.689    24.141  4 54914.24569648 18.830
  27  54.453609  65.629841    39.696    45.344  4 54924.16133445 16.152
  28  54.456217  65.631203    46.808    46.830  4 54934.07697201 12.396
  29  54.454961  65.630681    45.286    45.144  4 54943.99260718  9.712
  30  54.452246  65.628416    46.431    46.403  4 54953.90823999  9.987
  31  54.450866  65.626624    46.370    46.570  3 54963.82388485 19.161
  32  54.449745  65.626790    30.765    24.575  3 54973.73953313 37.691
  33  54.454020  65.629065    40.354    43.802  4 54983.65518134 32.669
  34  54.455257  65.631199    72.158    71.621  3 54993.57082907 20.832
  35  54.455811  65.632134    34.361    34.363  3 55003.48647560 28.491
  36  54.455996  65.632011    31.596    34.364  3 55013.40212004 24.088
  37  54.455237  65.631537    41.241    44.083  3 55023.31776297 22.259
  38  54.457506  65.632334    38.381    35.140  3 55033.23340551 19.363
  39  54.458690  65.633361    37.652    35.362  3 55043.14904724 17.402
  40  54.456673  65.633246    28.897    18.606  3 55053.06468703 27.836
  41  54.455184  65.631598    30.438    33.851  4 55062.98032459 22.269
  42  54.453707  65.629514    55.452    45.599  3 55072.89596896 15.098
  43  54.453131  65.628142    43.750    46.423  4 55082.81161712 13.313
  44  54.451713  65.628236    37.793    39.284  4 55092.72726372 21.438
  45  54.454660  65.629620    72.428    73.474  4 55102.64291054 21.759
  46  54.453885  65.630630    41.689    44.765  3 55112.55855671 25.813
  47  54.455269  65.630444    42.265    44.297  4 55122.47420068 25.673
  48  54.453756  65.628962    72.393    72.337  3 55132.38984143 15.422
  49  54.454319  65.627699    45.628    45.277  4 55142.30548031 20.268
  50  54.453806  65.627857    23.819    24.107  4 55152.22111854 25.450
  51  54.454625  65.629268    23.185    23.328  4 55162.13675719 26.216
  52  54.454058  65.630650    24.656    24.510  3 55172.05239534 19.872
  53  54.454731  65.631258    24.822    24.863  3 55181.96803200 18.490
  54  54.454769  65.631474    24.708    24.635  3 55191.88368219 17.118
  55  54.455630  65.632103    24.580    24.481  3 55201.79933241 16.781
  56  54.456747  65.632952    24.350    24.400  3 55211.71498204 17.823
  57  54.458344  65.633539    20.655    18.843  3 55221.63063126 20.671
  58  54.456111  65.632647    27.494    22.488  4 55231.54627889 17.054
  59  54.455501  65.631099    29.243    23.660  4 55241.46192342 16.710
  60  54.453552  65.629446    28.575    22.812  4 55251.37756433 18.991
  61  54.454063  65.628866    38.692    45.669  3 55261.29320322 16.145
  62  54.455415  65.629427    34.748    34.302  4 55271.20884132 17.079
  63  54.454974  65.629885    38.553    45.926  3 55281.12447917 16.069
  64  54.455367  65.629788    29.527    22.656  3 55291.04011587 14.305
  65  54.454419  65.628829    20.057    18.376  4 55300.95575012 13.472
  66  54.456398  65.628205    44.940    45.023  4 55310.87139696 33.636
  67  54.452332  65.627728    34.511    33.736  4 55320.78704210 35.268
  68  54.453636  65.628674    26.003    25.851  3 55330.70268671 50.082
  69  54.455315  65.630208    26.895    26.870  4 55340.61833131 45.561
  70  54.453705  65.630964    21.867    21.821  3 55350.53397536 40.713
  71  54.455638  65.631470    25.203    25.192  4 55360.44961760 44.625
  72  54.455483  65.631644    42.238    44.179  4 55370.36525747 24.626
  73  54.455736  65.632120    30.230    34.336  3 55380.28089590 26.311
  74  54.455399  65.632669    34.816    34.756  3 55390.19653355 22.192
  75  54.458233  65.632671    34.546    34.503  3 55400.11217035 27.150
  76  54.456010  65.631159    42.597    44.250  4 55410.02781776 19.492
  77  54.454936  65.629146    43.638    45.993  4 55419.94346788 14.995
  78  54.453864  65.627918    32.787    29.659  4 55429.85911482 26.814
  79  54.455774  65.628647    50.166    45.817  4 55439.77475964 17.923
  80  54.454236  65.629844    34.377    34.267  3 55449.69040273 25.500
  81  54.453286  65.630318    20.972    20.912  4 55459.60604544 42.069
  82  54.454979  65.629719    45.272    45.368  3 55469.52168744 24.142
  83  54.454020  65.628199    46.453    46.668  4 55479.43732600 20.269
  84  54.450202  65.626994    46.362    46.405  3 55489.35296153 25.244
  85  54.451873  65.627454    62.043    64.423  4 55499.26859535 21.723
  86  54.454464  65.629188    61.339    59.940  3 55509.18423578 20.300
  87  54.456159  65.630742    20.750    20.685  4 55519.09988601 40.487
  88  54.455985  65.631383    22.165    22.358  3 55529.01553510 30.798
  89  54.456206  65.631399    21.587    21.578  4 55538.93118239 25.486
  90  54.455322  65.631481    23.240    23.232  3 55548.84682734 21.861
  91  54.457510  65.632502    23.584    23.743  3 55558.76247090 21.284
  92  54.458955  65.633633    23.867    23.857  3 55568.67811354 18.419
  93  54.458035  65.633308    43.254    43.282  3 55578.59375505 17.836
  94  54.456724  65.631199    30.352    23.473  3 55588.50939408 17.284
  95  54.453843  65.628180    45.035    44.658  3 55598.42502986 16.241
  96  54.453240  65.626678    38.183    45.185  3 55608.34066333 17.106
  97  54.451437  65.627090    45.813    46.032  3 55618.25629490 15.905
  98  54.453956  65.629520    39.769    44.574  4 55628.17194196 14.764
  99  54.454886  65.630593    34.328    34.125  4 55638.08759333 15.159
 100  54.455488  65.629724    34.312    33.918  4 55648.00324249 15.485
 101  54.453073  65.627592    35.397    35.368  4 55657.91888837 19.109
 102  54.451304  65.626637    46.394    46.444  3 55667.83453028 21.594
 103  54.455678  65.628174    23.728    22.922  4 55677.75017024 34.463
 104  54.454439  65.630183    24.374    24.299  3 55687.66580780 38.480
 105  54.454402  65.631559    41.541    44.334  3 55697.58144418 26.766
 106  54.454641  65.631319    39.997    39.854  4 55707.49707943 24.691
 107  54.455042  65.630753    27.214    27.176  3 55717.41273071 44.252
 108  54.454813  65.630786    29.316    29.607  4 55727.32837921 25.546
 109  54.453771  65.631725    21.164    21.131  3 55737.24402602 44.855
 110  54.454160  65.632914    37.662    34.392  3 55747.15967170 21.343
 111  54.457989  65.633055    41.116    43.064  3 55757.07531555 14.413
 112  54.454527  65.630739    46.773    50.494  4 55766.99095602 31.099
 113  54.454324  65.628012    69.786    71.473  4 55776.90659379 23.367
 114  54.450635  65.626196    24.030    25.653  4 55786.82222859 29.898
 115  54.453312  65.627372    25.613    25.702  3 55796.73786244 26.233
 116  54.456031  65.629611    20.654    20.544  4 55806.65350453 29.827
 117  54.454881  65.630764    22.389    22.500  3 55816.56915357 25.675
 118  54.453409  65.629503    43.361    45.641  4 55826.48479929 13.811
 119  54.456123  65.627803    19.002    19.030  4 55836.40044097 40.663
 120  54.449305  65.626028    25.585    25.609  3 55846.31607848 26.601
 121  54.455949  65.627792    35.030    33.987  4 55856.23171479 24.710
 122  54.455072  65.630171    71.276    71.353  3 55866.14735729 13.698
 123  54.456977  65.632451    66.769    68.197  3 55876.06301011 22.864
 124  54.457198  65.632568    19.835    19.845  3 55885.97865668 39.017
 125  54.455149  65.631465    31.063    23.664  3 55895.89429720 23.037
 126  54.455019  65.630478    26.349    19.681  4 55905.80993270 19.362
 127  54.455411  65.631040    21.594    22.192  4 55915.72557589 21.975
 128  54.457565  65.632462    20.394    19.543  3 55925.64122983 22.427
 129  54.456002  65.632617    20.564    19.538  4 55935.55688012 23.420
 130  54.455675  65.630865    21.162    22.072  3 55945.47252562 24.560
 131  54.456353  65.628385    30.194    23.411  4 55955.38816675 19.418
 132  54.451996  65.626648    23.168    23.196  4 55965.30380476 18.549
 133  54.450966  65.627548    28.767    23.205  4 55975.21944190 17.999
 134  54.455908  65.629950    21.995    22.585  4 55985.13507870 18.666
 135  54.454078  65.630574    28.384    22.974  4 55995.05071277 18.355
 136  54.456628  65.629963    28.934    22.999  4 56004.96636508 19.752
 137  54.451687  65.627637    28.656    23.319  4 56014.88201274 19.645
 138  54.451487  65.627026    35.275    35.059  4 56024.79765786 16.448
 140  54.454520  65.631245    40.204    39.914  4 56044.62894258 29.218
 141  54.454028  65.632685    40.034    42.458  3 56054.54458094 33.731
 142  54.455677  65.632541    26.370    26.401  3 56064.46021573 44.011
 143  54.453753  65.631311    27.129    27.211  3 56074.37585933 42.550
 144  54.456050  65.631252    41.325    44.308  3 56084.29150921 24.003
 145  54.454544  65.631413    44.512    44.479  3 56094.20715637 27.505
 146  54.456530  65.632095    29.738    33.948  3 56104.12280172 26.003
 147  54.454336  65.631362    42.368    44.193  4 56114.03843211 25.273
 148  54.455660  65.630139    63.477    68.968  4 56123.95407061 20.908
 149  54.453712  65.628013    51.533    46.972  4 56133.86970480 23.797
 150  54.450641  65.626933    19.354    19.349  3 56143.78534375 47.434
 151  54.454056  65.628074    34.947    33.881  3 56153.70099455 23.266
 152  54.456642  65.629899    62.971    68.357  4 56163.61664400 15.755
 153  54.453953  65.630602    61.083    56.316  3 56173.53229086 20.898
 154  54.456084  65.630277    45.558    45.526  3 56183.44793304 21.989
 155  54.452605  65.628587    45.832    45.909  4 56193.36357090 23.861
 156  54.454083  65.627996    36.905    40.092  4 56203.27920649 29.462
 157  54.456189  65.629051    45.192    45.128  4 56213.19484052 24.027
 158  54.453967  65.630675    42.018    45.176  3 56223.11047314 28.534
 159  54.453761  65.632434    45.261    46.316  3 56233.02612944 23.037
 160  54.456335  65.632930    20.260    19.681  3 56242.94178190 32.916
 161  54.454135  65.632049    22.161    23.506  3 56252.85742933 28.589
 162  54.455751  65.631600    22.305    22.921  4 56262.77307263 20.627
 163  54.454163  65.631400    20.301    19.256  3 56272.68871371 21.930
 164  54.455536  65.631488    19.877    19.002  4 56282.60435631 21.477
 165  54.454521  65.630998    21.176    22.088  3 56292.52000808 20.640
 166  54.453822  65.629694    21.094    21.644  4 56302.43565539 19.581
 167  54.454548  65.628622    30.576    23.424  3 56312.35129863 17.874
 168  54.454720  65.628546    28.716    23.222  4 56322.26693968 18.525
 169  54.455131  65.629488    34.153    34.056  4 56332.18258020 18.762
 170  54.456093  65.630273    34.147    33.934  4 56342.09822031 18.946
 171  54.453700  65.629961    33.472    33.899  4 56352.01385777 18.566
 172  54.453845  65.629145    34.519    34.382  4 56361.92949810 17.319
 173  54.454354  65.628903    34.851    34.554  4 56371.84514744 16.586
 174  54.453887  65.629588    38.309    45.584  3 56381.76079410 15.802
 175  54.454917  65.631252    34.867    34.637  4 56391.67643882 16.736
 176  54.455791  65.632475    61.450    61.191  3 56401.59208189 14.018
 177  54.459056  65.633090    34.469    34.477  3 56411.50772241 33.991
 178  54.457788  65.632396    21.852    21.935  3 56421.42335750 38.611
 179  54.455760  65.631788    42.087    43.780  4 56431.33899660 26.089
 180  54.454115  65.631986    41.532    44.587  3 56441.25464929 23.477
 181  54.455388  65.632333    24.053    24.036  4 56451.17029973 47.309
 182  54.456501  65.631840    78.277    79.368  3 56461.08594779 27.124
 183  54.453263  65.630200    69.692    77.615  4 56471.00159210 20.742
 184  54.453283  65.628938    27.709    25.941  4 56480.91723311 23.201
 185  54.453979  65.628550    29.447    18.723  4 56490.83287033 33.421
 186  54.454687  65.629028    43.631    46.124  4 56500.74850510 13.591
 187  54.454583  65.629579    18.052    18.133  3 56510.66413839 46.473
 188  54.454604  65.629822    24.714    25.244  4 56520.57978233 25.123
 189  54.456109  65.629799    26.669    25.037  4 56530.49543583 26.559
 191  54.453857  65.629273    19.507    19.593  3 56550.32673025 48.359
 192  54.453887  65.630486    31.109    33.982  3 56560.24237313 22.767
 193  54.455396  65.632138    36.251    34.367  4 56570.15801514 23.633
 194  54.457835  65.633364    19.888    19.759  3 56580.07365583 41.779
 195  54.456394  65.632690    18.671    18.430  3 56589.98929209 33.420
 196  54.455912  65.631724    28.898    23.389  4 56599.90493808 24.132
 197  54.454337  65.631235    22.761    22.746  4 56609.82058841 38.459
 198  54.456723  65.632116    21.796    21.847  4 56619.73623437 37.188
 199  54.456880  65.632699    21.371    21.134  3 56629.65187697 31.932
 200  54.453819  65.631676    21.099    20.717  3 56639.56751592 22.742
 201  54.454271  65.629730    21.927    22.032  4 56649.48316131 18.595
 202  54.451381  65.627817    21.212    20.873  4 56659.39881211 14.433
 203  54.453947  65.628004    28.523    22.819  4 56669.31445964 12.771
 204  54.453897  65.629782    22.634    22.890  3 56679.23010464 13.698
 205  54.455430  65.631520    23.071    23.111  3 56689.14574820 13.372
 206  54.456136  65.631491    23.116    23.026  3 56699.06138889 14.241
 207  54.455231  65.629784    44.749    44.303  3 56708.97702472 14.544
 208  54.454844  65.628568    34.904    34.455  4 56718.89266397 13.698
 210  54.456974  65.631847    44.365    44.434  3 56738.72396524 11.389
 211  54.454820  65.633766    45.297    45.026  3 56748.63960983 10.790
 212  54.457185  65.634254    45.259    45.259  2 56758.55525015 10.301
 213  54.455740  65.632729    44.292    44.124  3 56768.47088392 24.094
 214  54.454677  65.631301    21.541    21.545  4 56778.38653098 27.528
 215  54.454972  65.631323    26.070    22.066  3 56788.30218689 36.701
 216  54.458032  65.632552    28.102    28.178  3 56798.21783959 43.119
 217  54.455562  65.633261    27.709    27.708  3 56808.13348604 37.352
 218  54.455585  65.632555    34.489    34.481  3 56818.04912682 25.144
 219  54.453432  65.630262    43.109    45.393  4 56827.96476374 27.602
 220  54.455270  65.628064    67.558    67.511  4 56837.88039781 27.669
 221  54.452528  65.627311    35.046    35.441  4 56847.79602873 29.581
 222  54.455318  65.629390    35.390    34.032  3 56857.71168183 22.060
 223  54.456811  65.631727    41.236    43.825  3 56867.62733554 21.176
 224  54.454910  65.632082    48.732    56.431  3 56877.54298713 27.186
 225  54.453738  65.631011    41.621    44.602  3 56887.45863555 22.568
 226  54.455813  65.629840    52.945    47.012  4 56897.37428154 17.362
 227  54.456606  65.630257    42.563    44.670  4 56907.28992476 24.703
 228  54.455410  65.632188    38.666    34.842  3 56917.20556572 24.715
 229  54.455688  65.634295    41.050    41.691  3 56927.12120486 25.041
 230  54.457579  65.634828    20.120    19.899  3 56937.03684036 36.906
 231  54.455463  65.632839    40.414    42.721  3 56946.95247047 32.881
 232  54.455294  65.631054    53.242    70.218  3 56956.86812451 23.815
 233  54.454708  65.630300    38.841    44.592  4 56966.78377306 19.306
 234  54.455112  65.631255    27.058    21.369  4 56976.69941764 27.695
 235  54.455531  65.632423    19.713    19.753  4 56986.61505772 29.479
 236  54.454787  65.631794    19.557    19.530  4 56996.53069185 27.787
 237  54.455472  65.629856    21.476    22.378  3 57006.44633654 23.659
 238  54.453600  65.627860    35.128    34.901  4 57016.36199061 20.991
 239  54.452739  65.627690    40.560    46.754  4 57026.27764098 18.067
 240  54.455279  65.629933    21.009    22.097  3 57036.19328978 20.132
 241  54.456168  65.631947    20.121    18.888  3 57046.10893581 20.387
 242  54.455980  65.632348    22.334    21.755  3 57056.02457827 18.887
 243  54.454138  65.630707    22.698    22.806  3 57065.94021531 19.473
 244  54.454183  65.629524    22.609    22.530  3 57075.85584804 18.643
 245  54.456104  65.629685    29.059    23.131  4 57085.77147795 19.971
 246  54.455192  65.631993    44.853    44.962  3 57095.68713476 19.007
 247  54.456733  65.634281    44.502    44.276  3 57105.60279133 15.342
 248  54.458601  65.634983    45.718    45.664  3 57115.51844333  9.938
 249  54.454026  65.633194    18.523    18.489  3 57125.43408837 15.087
 250  54.456186  65.631572    40.105    45.053  4 57135.34972873 13.036
 251  54.456076  65.630468    22.227    22.216  4 57145.26536459 24.190
 252  54.453975  65.630475    36.533    43.482  3 57155.18099785 37.509
 253  54.455304  65.631227    29.546    29.597  4 57165.09663752 42.799
 254  54.454544  65.631552    38.235    34.671  3 57175.01229411 32.175
 255  54.455525  65.630506    38.243    39.750  4 57184.92794718 31.886
 256  54.452781  65.628705    43.197    45.703  4 57194.84359588 24.667
 257  54.452919  65.628335    45.701    45.804  4 57204.75923119 22.838
 258  54.455232  65.629874    29.499    29.374  4 57214.67487689 24.922
 259  54.455954  65.631623    42.772    44.825  4 57224.59052094 18.794
 260  54.455920  65.632271    31.396    34.474  4 57234.50616301 24.625
 261  54.456233  65.631563    22.219    22.215  4 57244.42180179 45.619
 262  54.454266  65.630340    45.227    45.186  3 57254.33743780 22.005
 263  54.455622  65.630625    42.609    44.864  4 57264.25307278 22.830
 264  54.456589  65.632135    28.943    29.402  4 57274.16871262 25.308
 265  54.457210  65.633871    20.551    20.314  3 57284.08437001 40.163
 266  54.457807  65.634090    34.548    34.548  2 57294.00002455 27.601
 267  54.456603  65.632856    30.359    23.270  3 57303.91567529 24.846
 268  54.454293  65.631258    60.105    62.186  3 57313.83132207 23.130
 269  54.455534  65.630871    55.574    53.507  4 57323.74696601 20.947
 270  54.454663  65.631060    37.971    44.926  3 57333.66260787 22.192
 271  54.454556  65.631426    19.676    19.658  3 57343.57824786 31.435
 272  54.456364  65.631396    22.850    22.915  3 57353.49390123 23.808
 273  54.453405  65.630132    34.432    34.160  4 57363.40954495 20.077
 274  54.453853  65.628977    34.696    34.254  4 57373.32518563 17.399
 275  54.454422  65.629005    28.029    22.879  4 57383.24082454 15.336
 276  54.453350  65.629678    27.793    22.610  4 57393.15646290 16.434
 277  54.456139  65.630828    30.721    23.114  3 57403.07210069 16.753
 278  54.454951  65.631107    28.208    23.026  4 57412.98774505 19.703
 279  54.456989  65.631367    22.429    22.469  3 57422.90339687 21.904
 280  54.454551  65.631466    37.986    44.530  3 57432.81904550 18.333
 281  54.454258  65.632350    29.882    23.664  3 57442.73469255 18.489
 282  54.457601  65.633653    21.076    22.028  3 57452.65033927 20.427
 283  54.458900  65.634173    44.370    45.125  3 57462.56598412 15.957
 284  54.457258  65.633144    44.848    45.049  3 57472.48162508 16.182
 285  54.456813  65.631750    21.554    19.696  3 57482.39726228 10.070
 286  54.454317  65.630391    45.158    45.051  4 57492.31289624 17.621
 287  54.455647  65.630279    36.398    39.769  4 57502.22852854 24.651
 288  54.455976  65.630698    26.388    26.382  3 57512.14417875 45.342
 289  54.456202  65.630849    23.714    23.633  3 57522.05983394 46.322
 290  54.455510  65.630215    24.976    25.011  3 57531.97548662 47.528
 291  54.456218  65.629549    24.577    24.441  4 57541.89113614 44.396
 292  54.455111  65.629268    21.540    21.668  3 57551.80678266 47.797
 293  54.453903  65.629819    29.868    24.333  3 57561.72242778 46.974
 294  54.455394  65.630942    21.064    20.981  4 57571.63807276 38.765
 295  54.455660  65.631452    34.226    34.126  3 57581.55371751 21.839
 296  54.454724  65.631294    42.222    45.187  3 57591.46936034 15.234
 297  54.455498  65.631237    36.952    39.460  4 57601.38500062 20.438
