# NaN NaN NaN ;Mean Elev.(m), Avg Gradient(m/km), RMS Gradient(m/km) - SRTM1     
#   16.303  -1.187   7.051 ;Mean Elev.(m), Avg Gradient(m/km), RMS Gradient(m/km) - ASTER GDEM
#   30.608  -1.023   6.932 ;Mean Elev.(m), Avg Gradient(m/km), RMS Gradient(m/km) - GMTED2010 
   1  55.178076  66.123982    28.433    28.515  3 54661.43717965 28.927
   2  55.178457  66.124073    28.549    28.549  2 54671.35282503 25.064
   3  55.179131  66.124965   -16.748   -16.748  2 54681.26846889 23.450
   4  55.175875  66.125831    73.873    73.873  2 54691.18411123 15.802
   5  55.181455  66.125715     4.589     4.589  2 54701.09975206 15.117
   6  55.176823  66.124454    28.344    28.344  2 54711.01539833 22.808
   7  55.178765  66.122851    13.122    13.122  2 54720.93104972 16.191
   8  55.177934  66.121626    24.682    24.696  3 54730.84669823 38.354
   9  55.178984  66.121586    28.174    28.174  2 54740.76234527 26.321
  10  55.179403  66.121997    30.740    30.740  2 54750.67799223 23.535
  11  55.180301  66.122243    28.247    28.247  2 54760.59363906 28.303
  12  55.176089  66.121856    26.198    26.198  2 54770.50928305 39.774
  13  55.179415  66.121084    25.657    25.657  2 54780.42492448 46.465
  14  55.177014  66.120559    24.640    24.640  2 54790.34056282 41.074
  15  55.176804  66.121032    24.439    24.429  3 54800.25620026 31.449
  16  55.177702  66.122035    24.555    24.577  3 54810.17183788 30.138
  17  55.179685  66.123127    28.025    28.025  2 54820.08747714 22.566
  18  55.180273  66.123441    28.303    28.303  2 54830.00312946 20.143
  20  55.180636  66.124283    72.745    72.745  2 54849.83441730  1.063
  21  55.181126  66.125293    70.417    70.417  2 54859.75006590  1.401
  22  55.178263  66.125998    72.063    72.063  2 54869.66571433  0.865
  23  55.176735  66.125208    73.073    73.073  2 54879.58136179  1.986
  24  55.179125  66.123190    72.806    72.806  2 54889.49700647  2.255
  25  55.179882  66.121264    74.392    74.392  2 54899.41264784  0.888
  26  55.177209  66.121101    74.583    74.583  2 54909.32828659  1.987
  27  55.178530  66.122152    73.933    73.933  2 54919.24392443  2.971
  28  55.175904  66.123033    72.153    72.153  2 54929.15956164  6.437
  29  55.178564  66.122409    73.965    74.043  3 54939.07519848  1.006
  30  55.179351  66.121083    73.329    73.329  2 54948.99083349  3.286
  31  55.177433  66.120201    27.518    27.843  3 54958.90647063 16.608
  32  55.178359  66.120640    26.910    28.034  3 54968.82211924 24.939
  33  55.176651  66.121975    30.541    30.541  2 54978.73776648 45.642
  34  55.178939  66.122977    80.713    80.713  2 54988.65341402 19.404
  35  55.177524  66.123165    31.133    31.133  2 54998.56906135 33.077
  36  55.179513  66.123109    29.219    29.219  2 55008.48470721 26.612
  37  55.179445  66.123356    24.570    24.570  2 55018.40035099 47.340
  38  55.179657  66.124375    28.693    28.693  2 55028.31599342 25.949
  39  55.176496  66.125655    24.650    24.650  2 55038.23163503 39.209
  40  55.177371  66.126083    25.918    25.918  2 55048.14727586 25.866
  41  55.175441  66.124837    21.891    21.891  2 55058.06291444 35.942
  42  55.178642  66.122402    28.071    28.028  3 55067.97855288 26.337
  43  55.177691  66.120531    23.637    23.319  3 55077.89420292 34.358
  44  55.177578  66.120533    23.134    23.134  2 55087.80985064 40.786
  45  55.177082  66.121929    35.970    24.582  3 55097.72549674 29.824
  46  55.177497  66.123110    24.488    24.471  3 55107.64114246 43.834
  47  55.177749  66.122600    25.821    25.843  3 55117.55678744 40.481
  48  55.179396  66.120745    28.387    28.387  2 55127.47243026 27.870
  49  55.179194  66.119353    23.407    23.407  2 55137.38807067 39.180
  50  55.177479  66.119805    23.997    23.998  3 55147.30370911 35.274
  51  55.177735  66.121852    25.416    25.416  2 55157.21934706 32.651
  52  55.175640  66.123632    27.681    27.681  2 55167.13498474 26.660
  53  55.179434  66.124112    27.941    27.941  2 55177.05062252 27.161
  55  55.177006  66.123112    27.770    27.770  2 55196.88191654 22.153
  57  55.180786  66.125530    75.239    75.239  2 55216.71321582  1.677
  60  55.177083  66.121572    79.484    79.484  2 55246.46015274  0.245
  64  55.178787  66.123480    73.430    73.430  2 55286.12270705  0.819
  66  55.178508  66.120584    28.282    28.186  3 55305.95398205 24.465
  67  55.176933  66.119167    25.229    25.229  2 55315.86962888 32.855
  68  55.177581  66.119924    29.303    29.377  3 55325.78527443 37.290
  69  55.177429  66.122162    32.025    32.025  2 55335.70091872 46.710
  70  55.176046  66.124037    28.919    28.919  2 55345.61656249 27.922
  71  55.180753  66.124220    28.983    28.983  2 55355.53220575 29.553
  72  55.178885  66.123727    28.801    28.801  2 55365.44784641 25.245
  73  55.178252  66.123363    28.569    28.569  2 55375.36348564 25.971
  74  55.177003  66.124038    25.563    25.563  2 55385.27912376 40.379
  75  55.175500  66.125041    57.280    57.280  2 55395.19476099  6.798
  76  55.179617  66.125368    23.310    23.310  2 55405.11040097 40.215
  77  55.180496  66.124013    28.449    28.449  2 55415.02605254 26.007
  78  55.178028  66.121579    28.163    28.284  3 55424.94170068 26.625
  79  55.176244  66.119685    28.238    28.238  2 55434.85734623 21.267
  80  55.178628  66.119809    28.189    28.189  2 55444.77299071 26.262
  81  55.177198  66.121512    25.096    24.977  3 55454.68863378 44.285
  82  55.179224  66.123143    32.788    32.788  2 55464.60427640 20.659
  83  55.179127  66.122864    25.024    25.024  2 55474.51991618 35.686
  84  55.177179  66.121017    31.158    32.278  3 55484.43555283 22.347
  85  55.176164  66.119309    30.039    30.039  2 55494.35118748 23.567
  86  55.178652  66.119854    24.288    24.288  2 55504.26682136 37.303
  87  55.176522  66.122134    25.094    25.094  2 55514.18247025 41.456
  88  55.177679  66.124256    25.497    25.497  2 55524.09811994 41.517
  89  55.178553  66.124839    27.072    27.326  3 55534.01376786 25.999
  90  55.180131  66.124046    28.182    28.182  2 55543.92941398 22.760
  91  55.175932  66.123523    28.042    28.042  2 55553.84505765 20.648
  93  55.179524  66.124649    71.858    71.858  2 55573.67634325  0.812
  94  55.178370  66.124475    28.183    28.183  2 55583.59198408 19.104
  99  55.178875  66.121894    73.843    73.843  2 55633.17017740  0.785
 100  55.179224  66.122562    73.547    73.547  2 55643.08582797  0.551
 102  55.176860  66.120839    25.659    25.659  2 55662.91711885 26.647
 103  55.178768  66.120095    26.934    26.934  2 55672.83275940 26.700
 104  55.177836  66.120711    28.353    28.353  2 55682.74839819 35.787
 105  55.180022  66.122460    29.139    29.139  2 55692.66403577 28.194
 106  55.179958  66.124119    29.039    29.039  2 55702.57967158 25.895
 107  55.177065  66.124789    29.049    29.049  2 55712.49531459 28.144
 108  55.179375  66.124431    29.406    29.406  2 55722.41096426 27.077
 109  55.176459  66.124214    28.805    28.805  2 55732.32661144 25.605
 110  55.179007  66.124172    28.448    28.448  2 55742.24225786 27.841
 111  55.175965  66.124215    23.570    23.570  2 55752.15790248 36.053
 112  55.178036  66.123525    22.741    22.741  2 55762.07354527 43.736
 113  55.176164  66.122393    27.949    27.949  2 55771.98918488 27.740
 114  55.177611  66.120918    22.730    22.730  2 55781.90482128 37.241
 115  55.175578  66.120586    27.910    27.910  2 55791.82045474 26.972
 116  55.178608  66.121150    22.688    22.688  2 55801.73608797 46.031
 117  55.177787  66.122079    22.619    22.404  3 55811.65173801 46.507
 118  55.178796  66.122372    27.592    27.592  2 55821.56738666 26.294
 119  55.176699  66.121876    27.948    27.948  2 55831.48303025 25.680
 120  55.178791  66.120883    27.859    27.859  2 55841.39866969 28.900
 121  55.178483  66.120652    28.322    28.424  3 55851.31430583 25.728
 122  55.177456  66.121840    28.442    28.442  2 55861.22993984 20.880
 123  55.180692  66.123267    23.707    23.707  2 55871.14559318 40.251
 124  55.178722  66.124308    25.686    25.686  2 55881.06124329 29.821
 125  55.176872  66.124494    27.432    27.432  2 55890.97688677 25.982
 126  55.179292  66.124303    27.740    27.740  2 55900.89252480 23.711
 127  55.179930  66.124454    27.906    27.906  2 55910.80815799 19.038
 129  55.178521  66.124318    70.017    70.017  2 55930.63946395  2.476
 134  55.177837  66.122238    74.052    74.052  2 55980.21766913  0.677
 135  55.179776  66.122589    73.838    73.838  2 55990.13330463  0.347
 136  55.176177  66.122059    74.161    74.161  2 56000.04894827  1.486
 137  55.177856  66.120944    74.447    74.537  3 56009.96459911  0.933
 138  55.178086  66.120641    74.702    74.681  3 56019.88024574  1.740
 139  55.178877  66.121411    74.222    74.222  2 56029.79588945  4.040
 140  55.180321  66.122904    25.423    25.423  2 56039.71153131 27.184
 141  55.179067  66.124018    26.110    26.110  2 56049.62717088 35.122
 142  55.177622  66.124574    28.197    28.197  2 56059.54280777 42.405
 143  55.180857  66.124183    30.120    30.120  2 56069.45844313 30.016
 144  55.180411  66.123996    29.113    29.113  2 56079.37409416 27.138
 145  55.176161  66.124375    28.706    28.706  2 56089.28974212 25.350
 146  55.177743  66.124926    28.478    28.478  2 56099.20538811 25.241
 147  55.179178  66.124396    27.052    27.052  2 56109.12102015 29.542
 148  55.180318  66.122621    23.374    23.374  2 56119.03666082 47.270
 149  55.176822  66.120723    28.168    28.119  3 56128.95229741 26.268
 150  55.178309  66.119929    28.230    28.230  2 56138.86793106 25.962
 151  55.179032  66.121060    28.273    28.273  2 56148.78357946 28.748
 152  55.175943  66.122843    23.701    23.701  2 56158.69922824 36.647
 153  55.179314  66.123369    28.055    28.055  2 56168.61487644 26.321
 154  55.176300  66.122255    22.580    22.580  2 56178.53052103 39.512
 155  55.177617  66.120704    28.099    28.099  2 56188.44616160 27.759
 156  55.176687  66.120345    29.248    28.729  3 56198.36179860 23.307
 157  55.178804  66.121870    24.778    24.778  2 56208.27743302 43.135
 158  55.176150  66.124211    27.775    27.775  2 56218.19306534 24.028
 159  55.181426  66.125424    28.213    28.213  2 56228.10871092 25.947
 160  55.177648  66.125026    23.391    23.391  2 56238.02436480 36.476
 161  55.178608  66.123978    23.673    23.673  2 56247.94001525 35.698
 162  55.177608  66.123470    24.328    24.328  2 56257.85566054 30.073
 164  55.176319  66.124936    23.513    23.513  2 56277.68694296 23.252
 170  55.177178  66.123195    39.798    39.798  2 56337.18080960 12.285
 171  55.178433  66.123899    72.021    71.597  3 56347.09644811  1.301
 172  55.178540  66.122627    73.666    73.666  2 56357.01208397  1.750
 173  55.177497  66.120796    73.555    73.555  2 56366.92773218  1.395
 176  55.181020  66.124645    71.637    71.637  2 56396.67467010  6.306
 177  55.178129  66.125995    28.012    28.012  2 56406.59031112 25.145
 178  55.179752  66.125554    25.338    25.338  2 56416.50594898 32.529
 179  55.180190  66.124094    28.920    28.920  2 56426.42158201 46.265
 180  55.178084  66.123249    26.897    26.884  3 56436.33723230 45.423
 181  55.178363  66.123569    28.470    28.466  3 56446.25288405 21.954
 182  55.180148  66.124561    28.687    28.687  2 56456.16853360 21.237
 183  55.176097  66.124471    26.820    26.820  2 56466.08417952 39.719
 184  55.177609  66.122732    24.330    24.293  3 56475.99982209 33.975
 185  55.176915  66.120498    25.660    25.660  2 56485.91546090 29.851
 186  55.178166  66.119733    22.259    22.270  3 56495.83109704 45.691
 187  55.179175  66.121107    25.152    25.152  2 56505.74673155 28.911
 188  55.180298  66.123348    22.314    22.314  2 56515.66236459 38.771
 189  55.175867  66.124216    27.262    27.262  2 56525.57801867 26.471
 190  55.177054  66.123123    28.153    28.153  2 56535.49366951 23.039
 192  55.177682  66.121027    22.816    22.816  2 56555.32496072 38.929
 193  55.179561  66.122630    28.008    28.008  2 56565.24060365 24.306
 194  55.178509  66.125070    23.170    23.170  2 56575.15624497 42.650
 195  55.180903  66.126374    23.706    23.706  2 56585.07188363 40.734
 196  55.178204  66.125898    23.501    23.501  2 56594.98751971 41.227
 197  55.176924  66.124372    25.447    25.447  2 56604.90317245 37.453
 198  55.178279  66.123254    26.595    26.595  2 56614.81882061 43.603
 199  55.176918  66.123456    24.478    24.478  2 56624.73446472 39.672
 200  55.180476  66.123901    24.520    24.520  2 56634.65010649 29.307
 202  55.178389  66.122703    73.941    73.716  3 56654.48139642  0.502
 205  55.176450  66.121336    74.596    74.596  2 56684.22833556  1.301
 206  55.179389  66.122926    73.571    73.571  2 56694.14397852  0.260
 208  55.178428  66.123282    71.572    71.476  3 56713.97524973  6.715
 209  55.178783  66.122109    73.796    73.796  2 56723.89089962  1.464
 210  55.177206  66.121924    73.921    73.921  2 56733.80654991  1.333
 211  55.179274  66.123426    73.273    73.273  2 56743.72219711  3.800
 212  55.178873  66.125357    71.339    71.339  2 56753.63783976  3.460
 213  55.176340  66.126303    23.208    23.208  2 56763.55347682 37.339
 214  55.179385  66.125608    23.840    23.840  2 56773.46911093 19.884
 215  55.177968  66.124343    25.119    25.157  3 56783.38476823 33.762
 216  55.178337  66.123514    30.614    30.526  3 56793.30042204 38.098
 217  55.176203  66.123502    32.458    32.458  2 56803.21607273 33.959
 218  55.175408  66.123652    29.360    29.360  2 56813.13171569 26.270
 219  55.178256  66.123157    28.991    29.072  3 56823.04735548 27.731
 220  55.178391  66.122187    76.712    76.712  2 56832.96299086 23.107
 221  55.177823  66.121367    28.998    28.998  2 56842.87862274 28.138
 222  55.178126  66.121409    28.808    28.808  2 56852.79426338 27.640
 223  55.178013  66.122110    28.437    28.437  2 56862.70991746 25.490
 224  55.177944  66.122998    79.616    79.616  2 56872.62557097  1.459
 225  55.177916  66.123240    26.659    28.003  3 56882.54122140 26.846
 226  55.178099  66.122985    28.331    28.481  3 56892.45686828 25.480
 227  55.176040  66.122646    28.362    28.362  2 56902.37251187 24.572
 228  55.177664  66.123272    28.209    28.361  3 56912.28815385 26.009
 229  55.180642  66.124338    28.525    28.525  2 56922.20379434 26.041
 230  55.178435  66.125540    28.202    28.202  2 56932.11943209 25.696
 231  55.176791  66.125769    24.111    24.111  2 56942.03506468 34.531
 232  55.178131  66.125065    23.173    23.148  3 56951.95070758 40.441
 233  55.175418  66.124157    24.020    24.020  2 56961.86635839 39.317
 234  55.177218  66.123761    24.122    24.122  2 56971.78200467 26.984
 235  55.175579  66.123824    24.231    24.231  2 56981.69764652 39.927
 236  55.179131  66.123563    28.037    28.037  2 56991.61328437 22.721
 237  55.178380  66.122740    77.893    77.893  2 57001.52891649  1.116
 238  55.177621  66.121730    77.611    78.069  3 57011.44457393  1.895
 240  55.176951  66.121882    79.126    79.126  2 57031.27587436  0.090
 241  55.180447  66.122740    70.719    70.719  2 57041.19152158  1.780
 242  55.179299  66.123375    73.720    73.720  2 57051.10716627  1.461
 243  55.175811  66.123147    73.712    73.712  2 57061.02280660  0.425
 244  55.176389  66.122794    73.437    73.437  2 57070.93844175  0.953
 245  55.179064  66.123088    71.982    71.982  2 57080.85407278  6.992
 246  55.180218  66.124356    69.615    69.615  2 57090.76971453  7.463
 247  55.176361  66.125810    70.628    70.628  2 57100.68537182  8.927
 248  55.179892  66.126159    70.655    70.655  2 57110.60102664  5.930
 249  55.180334  66.125216    71.041    71.041  2 57120.51667556  1.836
 251  55.179306  66.123474    73.478    73.478  2 57140.34795636  0.938
 252  55.178289  66.124125    23.626    23.626  2 57150.26359060 23.890
 253  55.179935  66.124595    31.486    31.486  2 57160.17922206 47.896
 254  55.177914  66.123841    34.897    34.897  2 57170.09487481 46.323
 255  55.177605  66.122188    32.809    32.806  3 57180.01053023 46.557
 256  55.177436  66.120871    29.193    29.193  2 57189.92618165 26.753
 257  55.178558  66.121125    26.057    26.057  2 57199.84182959 40.751
 259  55.176227  66.123771    28.510    28.510  2 57219.67310757 25.088
 260  55.179173  66.123691    70.298    70.298  2 57229.58875085  3.776
 261  55.177926  66.123083    28.936    28.936  2 57239.50439150 22.295
 262  55.177757  66.122615    28.634    28.622  3 57249.42002929 22.152
 263  55.177878  66.123401    24.786    24.786  2 57259.33566476 43.323
 264  55.175949  66.125119    28.401    28.401  2 57269.25129876 22.344
 265  55.178328  66.126503    28.087    28.087  2 57279.16695015 25.773
 266  55.179549  66.126378    24.358    24.358  2 57289.08260607 39.922
 267  55.180572  66.124934    28.497    28.497  2 57298.99825912 25.911
 268  55.176875  66.123178    24.328    24.328  2 57308.91390811 42.231
 269  55.177635  66.122608    23.727    23.727  2 57318.82955393 34.495
 270  55.180456  66.123249    24.090    24.090  2 57328.74519685 31.934
 271  55.180172  66.124403    23.929    23.929  2 57338.66083729 29.720
 272  55.180612  66.123963    24.359    24.359  2 57348.57648612 22.800
 273  55.179137  66.122145    28.345    28.345  2 57358.49213209 17.233
 274  55.178259  66.120307    74.850    74.850  2 57368.40777486  0.370
 278  55.175448  66.124764    73.069    73.069  2 57408.07032656  1.115
 279  55.175928  66.123431    73.528    73.528  2 57417.98597975  0.775
 280  55.174212  66.122504    74.351    74.351  2 57427.90163025  0.347
 281  55.177644  66.123219    73.631    73.655  3 57437.81727855  2.424
 282  55.178079  66.125334    72.716    72.716  2 57447.73292516  2.511
 283  55.176219  66.126974    71.329    71.329  2 57457.64857048  9.455
 284  55.175984  66.126675    72.077    72.077  2 57467.56421330  6.130
 285  55.176761  66.124620    73.136    73.136  2 57477.47985227  2.062
 287  55.175686  66.122253    29.975    29.975  2 57497.31112139 17.511
 288  55.176934  66.123582    29.968    29.968  2 57507.22675976 43.454
 289  55.179631  66.124481    28.870    28.870  2 57517.14241624 44.111
 290  55.178199  66.124124    26.721    26.721  2 57527.05806952 44.574
 291  55.179063  66.122113    29.095    29.095  2 57536.97372039 28.058
 292  55.176412  66.120477    26.034    26.034  2 57546.88936825 39.516
 293  55.179784  66.120422    25.713    25.713  2 57556.80501504 47.205
 294  55.175531  66.122409    71.398    71.398  2 57566.72065988  6.387
 295  55.176613  66.124223    27.991    27.991  2 57576.63630446 24.834
 296  55.179721  66.124686    70.437    70.437  2 57586.55194817 19.508
 297  55.179319  66.123877    27.878    27.878  2 57596.46758929 27.240
