-121886.866    30.660     0.00    4.00
-121600.202    31.095     1.52    3.88
-121313.533    30.951    -0.50    3.99
-121026.861    30.366    -2.04    3.98
-120740.185    30.059    -1.07    4.10
-120453.505    30.507     1.56    4.41
-120166.822    31.061     1.93    4.86
-119880.134    32.102     3.63    5.90
-119593.442    34.342     7.81    7.08
-119306.747    37.845    12.22    7.83
-119020.048    41.045    11.16    8.22
-118733.345    42.462     4.94    7.68
-118446.638    44.040     5.50    8.56
-118159.927    44.803     2.66    9.33
-117873.212    45.442     2.23    9.40
-117586.493    46.325     3.08    9.36
-117299.771    46.175    -0.52    9.31
-117013.044    47.464     4.50   10.36
-116726.314    50.445    10.40   11.93
-116439.580    52.730     7.97   12.04
-116152.842    54.157     4.98   11.57
-115866.100    55.592     5.01   11.11
-115579.354    57.053     5.09   10.18
-115292.605    58.996     6.78    8.15
-115005.851    61.088     7.30    8.53
-114719.094    63.053     6.85   10.17
-114432.333    65.225     7.57   11.41
-114145.568    68.980    13.09   12.36
-113858.799    73.732    16.57   13.00
-113572.026    77.145    11.90   12.40
-113285.249    80.631    12.16   11.83
-112998.468    84.267    12.68   13.26
-112711.684    88.366    14.29   15.12
-112424.895    92.130    13.12   14.57
-112138.103    94.429     8.02   13.60
-111851.307    95.767     4.67   12.96
-111564.507    96.729     3.36   13.00
-111277.703    96.905     0.61   12.75
-110990.895    96.257    -2.26   12.00
-110704.083    97.475     4.24   12.10
-110417.268   100.463    10.42   13.04
-110130.448   105.942    19.10   11.97
-109843.625   111.486    19.33   11.60
-109556.798   114.961    12.12   10.80
-109269.967   115.812     2.97    9.82
-108983.132   115.942     0.45    9.39
-108696.293   116.401     1.60    8.63
-108409.450   116.290    -0.39    8.25
-108122.604   115.067    -4.26    7.47
-107835.753   113.322    -6.08    7.14
-107548.899   111.969    -4.72    7.94
-107262.171   109.476    -8.69   10.16
-106976.064   105.875   -12.59   11.42
-106689.953   101.630   -14.84   10.90
-106403.840    98.440   -11.15   10.87
-106117.723    95.408   -10.60   10.99
-105831.603    92.955    -8.57   10.94
-105545.480    91.708    -4.36   11.08
-105259.354    90.173    -5.36   11.69
-104973.225    87.750    -8.47   10.82
-104687.093    85.537    -7.74    9.17
-104400.957    83.695    -6.44    8.33
-104114.819    81.283    -8.43    8.46
-103828.677    77.921   -11.75    8.05
-103542.532    75.624    -8.03    6.82
-103256.384    74.727    -3.13    6.43
-102970.233    74.286    -1.54    5.87
-102684.079    75.215     3.25    7.07
-102397.921    77.137     6.72    8.15
-102111.761    78.957     6.36    8.77
-101825.597    80.241     4.49    9.24
-101539.430    81.480     4.33    9.69
-101253.261    81.471    -0.03    9.65
-100967.088    80.917    -1.94   10.29
-100680.911    79.708    -4.22   10.44
-100394.732    77.969    -6.08    9.73
-100108.550    76.971    -3.49    8.75
 -99822.364    77.328     1.25    7.67
 -99536.175    77.041    -1.01    7.64
 -99249.984    75.865    -4.11    8.01
 -98963.789    73.403    -8.60    8.59
 -98677.591    71.535    -6.52    8.21
 -98391.390    70.166    -4.78    7.79
 -98105.185    69.123    -3.64    7.24
 -97818.978    66.916    -7.71    6.32
 -97532.767    65.623    -4.52    6.19
 -97246.553    65.129    -1.72    6.34
 -96960.337    64.637    -1.72    6.80
 -96674.117    63.750    -3.10    6.73
 -96387.894    63.853     0.36    6.86
 -96101.667    64.052     0.70    6.68
 -95815.438    64.560     1.77    6.66
 -95529.205    64.061    -1.74    7.12
 -95242.970    63.701    -1.26    6.98
 -94956.731    62.136    -5.47    7.41
 -94670.489    60.339    -6.28    7.14
 -94384.244    59.210    -3.94    6.89
 -94097.996    57.745    -5.12    7.25
 -93811.745    56.570    -4.11    7.79
 -93525.490    55.790    -2.72    8.19
 -93239.233    54.808    -3.43    8.68
 -92952.972    53.653    -4.03    9.06
 -92666.708    51.667    -6.94    8.94
 -92380.441    49.458    -7.71    8.15
 -92094.171    47.549    -6.67    6.50
 -91807.898    46.767    -2.73    4.97
 -91521.621    46.901     0.47    4.59
 -91235.342    49.067     7.57    7.04
 -90949.059    52.200    10.94    8.89
 -90662.773    55.789    12.54    9.21
 -90376.484    59.395    12.59    8.68
 -90090.192    62.345    10.31    7.55
 -89803.897    63.553     4.22    6.61
 -89517.599    62.500    -3.68    6.97
 -89231.297    60.400    -7.33    7.35
 -88944.993    58.230    -7.58    6.18
 -88658.685    57.158    -3.75    4.85
 -88372.374    56.909    -0.87    4.43
 -88086.060    55.404    -5.26    5.23
 -87799.743    52.477   -10.22    8.68
 -87513.423    48.961   -12.28   11.64
 -87227.099    47.315    -5.75   12.23
 -86940.773    48.011     2.43   13.64
 -86654.443    49.237     4.28   15.19
 -86368.110    51.130     6.61   15.69
 -86081.774    55.672    15.86   15.34
 -85795.435    61.227    19.40   11.84
 -85509.093    65.242    14.02    7.23
 -85222.748    66.103     3.00    5.94
 -84936.399    65.549    -1.93    5.52
 -84650.048    65.025    -1.83    4.70
 -84363.693    64.238    -2.75    4.00
 -84077.335    62.887    -4.72    4.21
 -83790.974    62.704    -0.64    4.58
 -83504.610    63.683     3.42    5.97
 -83218.242    65.727     7.14    7.31
 -82931.872    68.358     9.19    7.86
 -82645.498    70.415     7.18    7.89
 -82359.122    72.273     6.49    6.75
 -82072.742    73.010     2.58    6.00
 -81786.359    72.040    -3.39    7.41
 -81499.973    69.686    -8.22    8.34
 -81213.583    66.345   -11.66    8.87
 -80927.191    62.415   -13.72    9.46
 -80640.795    59.308   -10.85    9.07
 -80354.397    56.948    -8.24    8.73
 -80067.995    55.883    -3.72    9.06
 -79781.590    55.188    -2.43    9.43
 -79495.182    56.123     3.27   10.02
 -79208.770    57.878     6.13    9.58
 -78922.356    59.919     7.13    7.86
 -78635.938    60.373     1.59    7.51
 -78349.518    60.074    -1.04    8.04
 -78063.094    58.656    -4.95    8.55
 -77776.667    56.890    -6.17    9.06
 -77490.237    56.203    -2.40    9.97
 -77203.803    55.902    -1.05   10.72
 -76917.367    55.687    -0.75   11.73
 -76630.927    56.660     3.40   12.21
 -76344.485    59.383     9.51   10.95
 -76058.039    62.745    11.74    8.58
 -75771.590    65.038     8.00    8.04
 -75485.138    67.364     8.12    9.40
 -75198.683    71.367    13.98   10.60
 -74912.224    76.408    17.60   10.38
 -74625.763    80.857    15.53    9.31
 -74339.298    83.891    10.59    9.11
 -74052.830    85.842     6.81    9.61
 -73766.359    87.720     6.55   10.78
 -73479.885    88.217     1.74   11.82
 -73193.408    87.649    -1.98   12.43
 -72906.927    86.674    -3.40   12.38
 -72620.444    85.963    -2.48   11.81
 -72333.957    84.708    -4.38   11.06
 -72047.467    82.746    -6.85    9.88
 -71760.974    79.838   -10.15    9.26
 -71474.478    76.315   -12.30    9.46
 -71187.979    72.180   -14.43    9.51
 -70901.477    65.975   -21.66   13.11
 -70614.971    54.117   -41.39   25.04
 -70328.462    42.165   -41.71   30.09
 -70041.951    29.609   -43.82   31.24
 -69755.436    17.054   -43.82   28.20
 -69468.918     8.213   -30.85   21.53
 -69182.396     3.542   -16.30   12.95
 -68895.872     2.962    -2.03    7.98
 -68609.344     5.564     9.08    8.23
 -68322.814     9.279    12.97    8.63
 -68036.280    13.359    14.24    7.87
 -67749.743    16.271    10.16    5.36
 -67463.203    16.908     2.22    4.93
 -67176.659    17.609     2.45    4.70
 -66890.113    18.264     2.29    4.30
 -66603.563    18.271     0.02    4.37
 -66317.011    17.230    -3.63    4.32
 -66030.455    16.344    -3.09    3.59
 -65743.896    16.755     1.44    3.85
 -65457.334    16.707    -0.17    4.54
 -65170.768    16.477    -0.80    4.67
 -64884.200    17.075     2.08    4.85
 -64597.628    17.333     0.90    4.54
 -64311.054    17.687     1.23    3.99
 -64024.476    17.571    -0.41    4.16
 -63737.895    16.705    -3.02    4.45
 -63451.310    16.305    -1.40    4.17
 -63164.723    15.388    -3.20    3.76
 -62878.133    13.219    -7.57    4.39
 -62591.539    11.151    -7.22    4.97
 -62304.942     9.159    -6.95    5.62
 -62018.342     7.218    -6.77    5.76
 -61731.739     5.374    -6.43    5.20
 -61445.133     3.491    -6.57    3.70
 -61158.524     2.306    -4.13    1.05
 -60871.911     2.095    -0.74    0.00
 -60585.295     3.531     5.01    6.40
 -60298.677     6.951    11.93   10.83
 -60012.055    12.222    18.39   14.25
 -59725.429    18.988    23.60   17.17
 -59438.801    26.981    27.89   18.35
 -59152.170    34.988    27.93   16.84
 -58865.535    42.551    26.39   11.59
 -58578.898    45.891    11.65    8.68
 -58292.257    48.020     7.43    6.51
 -58005.613    49.385     4.76    5.27
 -57718.965    49.746     1.26    5.16
 -57432.315    49.649    -0.34    5.03
 -57145.662    50.117     1.63    4.96
 -56859.005    50.989     3.04    5.25
 -56572.345    51.830     2.93    5.78
 -56285.682    52.061     0.81    6.77
 -55999.016    51.633    -1.49    8.83
 -55712.347    50.447    -4.14   11.10
 -55425.675    48.786    -5.80   11.64
 -55138.999    47.504    -4.47   10.85
 -54852.320    47.117    -1.35    9.74
 -54565.639    47.933     2.85    8.82
 -54278.954    49.498     5.46    8.39
 -53992.266    51.914     8.43    7.49
 -53705.574    54.095     7.61    5.60
 -53418.880    55.082     3.44    4.69
 -53132.182    55.194     0.39    4.69
 -52845.481    55.356     0.56    4.61
 -52558.778    55.237    -0.41    4.48
 -52272.071    54.868    -1.29    3.85
 -51985.360    54.866    -0.01    3.35
 -51698.647    55.164     1.04    3.02
 -51411.930    55.089    -0.26    3.10
 -51125.211    54.199    -3.10    3.49
 -50838.488    52.574    -5.67    4.07
 -50551.762    51.595    -3.41    4.70
 -50265.033    50.861    -2.56    4.86
 -49978.301    51.024     0.57    5.25
 -49691.565    51.949     3.22    6.65
 -49404.827    54.286     8.15    7.52
 -49118.085    57.904    12.62    8.60
 -48831.340    62.130    14.74   10.35
 -48544.592    65.832    12.91   11.42
 -48257.841    69.059    11.26   11.41
 -47971.086    71.731     9.32   10.49
 -47684.329    74.145     8.42    9.20
 -47397.568    75.740     5.56    7.45
 -47110.804    76.517     2.71    5.21
 -46824.037    76.510    -0.02    4.06
 -46537.267    76.719     0.73    3.70
 -46250.494    77.311     2.06    3.66
 -45963.718    78.318     3.51    3.86
 -45676.938    79.805     5.18    4.82
 -45390.314    81.460     5.77    5.66
 -45104.130    83.382     6.72    5.91
 -44817.943    85.595     7.73    5.40
 -44531.754    87.170     5.50    5.05
 -44245.563    87.958     2.76    4.92
 -43959.370    87.859    -0.35    5.04
 -43673.174    87.438    -1.47    5.07
 -43386.975    86.549    -3.11    4.94
 -43100.774    85.476    -3.75    5.22
 -42814.571    84.483    -3.47    5.08
 -42528.365    83.757    -2.53    4.80
 -42242.157    83.478    -0.97    4.90
 -41955.946    83.311    -0.59    5.09
 -41669.734    83.828     1.81    4.92
 -41383.518    85.006     4.12    4.62
 -41097.300    85.886     3.07    4.06
 -40811.080    86.254     1.29    3.46
 -40524.858    85.976    -0.97    3.22
 -40238.633    85.180    -2.78    3.17
 -39952.405    84.209    -3.39    3.46
 -39666.175    83.264    -3.30    3.89
 -39379.943    82.500    -2.67    4.14
 -39093.708    82.424    -0.26    4.26
 -38807.471    82.984     1.96    4.63
 -38521.232    84.075     3.81    4.94
 -38234.990    84.726     2.27    4.63
 -37948.746    84.599    -0.44    4.83
 -37662.499    83.124    -5.15    6.76
 -37376.250    80.424    -9.43    8.37
 -37089.998    77.817    -9.11    8.22
 -36803.744    76.281    -5.36    7.23
 -36517.488    75.779    -1.75    6.67
 -36231.229    76.858     3.77    7.61
 -35944.968    79.565     9.46    8.45
 -35658.704    83.000    12.00    7.77
 -35372.438    85.633     9.20    6.21
 -35086.170    86.402     2.68    5.70
 -34799.899    86.390    -0.04    6.44
 -34513.626    85.556    -2.91    7.36
 -34227.350    84.448    -3.87    7.53
 -33941.072    83.592    -2.99    7.63
 -33654.792    83.003    -2.06    7.71
 -33368.509    82.667    -1.17    7.91
 -33082.223    83.144     1.67    7.94
 -32795.935    83.276     0.46    7.67
 -32509.645    82.420    -2.99    8.06
 -32223.353    80.654    -6.17    8.16
 -31937.058    79.206    -5.06    7.99
 -31650.760    78.228    -3.41    7.25
 -31364.461    77.652    -2.01    5.92
 -31078.158    76.932    -2.51    5.24
 -30791.854    76.291    -2.24    5.31
 -30505.547    75.293    -3.49    5.89
 -30219.237    73.511    -6.22    6.18
 -29932.925    71.506    -7.00    5.36
 -29646.611    70.221    -4.49    4.73
 -29360.294    69.157    -3.72    4.57
 -29073.975    68.568    -2.06    4.56
 -28787.653    68.949     1.33    4.45
 -28501.329    69.954     3.51    4.93
 -28215.003    71.222     4.43    5.20
 -27928.674    72.288     3.72    5.17
 -27642.343    73.518     4.29    4.91
 -27356.009    74.895     4.81    4.13
 -27069.673    76.213     4.60    3.56
 -26783.335    76.912     2.44    2.88
 -26496.994    77.006     0.33    2.37
 -26210.651    76.830    -0.62    2.31
 -25924.305    76.869     0.14    3.03
 -25637.957    77.408     1.88    3.97
 -25351.606    78.081     2.35    4.67
 -25065.253    78.717     2.22    4.67
 -24778.898    79.290     2.00    4.45
 -24492.540    79.053    -0.83    4.03
 -24206.180    77.751    -4.55    4.65
 -23919.817    76.054    -5.92    5.34
 -23633.452    74.048    -7.01    5.58
 -23347.085    71.945    -7.34    5.50
 -23060.715    70.592    -4.72    5.14
 -22774.342    69.956    -2.22    4.89
 -22487.968    69.989     0.12    4.96
 -22201.591    71.483     5.22    5.79
 -21915.211    72.874     4.86    5.80
 -21628.829    74.314     5.03    5.04
 -21342.445    75.786     5.14    3.60
 -21056.058    76.693     3.17    2.81
 -20769.669    76.832     0.48    3.21
 -20483.277    75.671    -4.05    4.21
 -20196.883    74.165    -5.26    5.23
 -19910.486    72.359    -6.31    5.75
 -19624.088    70.795    -5.46    5.67
 -19337.686    69.259    -5.36    4.99
 -19051.282    68.088    -4.09    4.08
 -18764.876    68.018    -0.25    4.57
 -18478.468    68.677     2.30    5.20
 -18192.057    68.809     0.46    5.50
 -17905.643    68.852     0.15    4.73
 -17619.228    68.753    -0.35    3.82
 -17332.809    68.388    -1.27    3.36
 -17046.389    68.047    -1.19    3.41
 -16759.966    67.781    -0.93    3.25
 -16473.540    66.938    -2.94    3.04
 -16187.112    65.918    -3.56    3.19
 -15900.682    64.924    -3.47    3.24
 -15614.249    64.145    -2.72    3.38
 -15327.814    63.970    -0.61    3.57
 -15041.376    64.061     0.32    3.89
 -14754.936    64.354     1.02    4.17
 -14468.494    65.041     2.40    4.31
 -14182.049    65.891     2.97    4.30
 -13895.602    66.330     1.53    4.33
 -13609.152    66.574     0.85    4.12
 -13322.700    66.805     0.81    4.04
 -13036.245    67.253     1.56    4.03
 -12749.788    67.898     2.25    4.14
 -12463.329    68.997     3.84    4.91
 -12176.867    70.515     5.30    5.05
 -11890.403    72.269     6.12    4.93
 -11603.936    74.856     9.03    6.48
 -11317.467    77.137     7.96    6.46
 -11030.996    78.575     5.02    5.91
 -10744.522    79.487     3.18    5.51
 -10458.046    80.333     2.95    5.23
 -10171.567    80.936     2.10    5.18
  -9885.086    80.863    -0.25    5.63
  -9598.602    80.172    -2.41    5.02
  -9312.116    79.984    -0.66    4.97
  -9025.628    79.958    -0.09    4.88
  -8739.137    79.889    -0.24    4.67
  -8452.644    79.849    -0.14    4.27
  -8166.148    79.700    -0.52    3.91
  -7879.650    79.543    -0.55    3.66
  -7593.149    79.317    -0.79    4.00
  -7306.646    79.464     0.51    4.11
  -7020.141    80.131     2.33    4.24
  -6733.633    80.851     2.51    4.26
  -6447.123    81.194     1.20    3.96
  -6160.610    80.864    -1.15    3.99
  -5874.095    80.402    -1.61    3.70
  -5587.578    79.882    -1.81    3.28
  -5301.058    78.993    -3.10    3.46
  -5014.535    77.712    -4.47    3.90
  -4728.011    76.250    -5.10    4.57
  -4441.484    74.369    -6.57    5.09
  -4154.954    71.897    -8.63    6.65
  -3868.422    69.131    -9.65    8.15
  -3581.888    66.395    -9.55    9.34
  -3295.351    63.389   -10.49   10.44
  -3008.811    59.915   -12.12   11.28
  -2722.270    56.123   -13.23   11.25
  -2435.726    52.337   -13.21   10.45
  -2149.179    48.668   -12.80   10.57
  -1862.630    43.255   -18.89   12.83
  -1576.079    35.116   -28.40   17.81
  -1289.525    26.431   -30.31   20.54
  -1002.969    18.088   -29.11   20.60
   -716.410    10.242   -27.38   18.00
   -429.849     4.298   -20.74   12.53
   -143.285     1.554    -9.58    7.65
    143.281     2.130     2.01    7.05
    429.849     3.082     3.32    6.94
    716.420     3.461     1.32    6.93
   1002.993     3.466     0.02    6.85
   1289.569     2.701    -2.67    6.74
   1576.147     1.891    -2.83    6.25
   1862.727     0.531    -4.75    4.90
   2149.310     0.324    -0.72    4.70
   2435.895     1.167     2.94    5.14
   2722.483     2.767     5.58    5.56
   3009.073     3.925     4.04    5.33
   3295.666     4.452     1.84    4.89
   3582.261     4.803     1.23    4.33
   3868.858     5.184     1.33    3.99
   4155.458     5.512     1.14    3.64
   4442.061     5.678     0.58    3.23
   4728.665     5.904     0.79    3.02
   5015.272     6.223     1.11    3.23
   5301.882     6.684     1.61    3.39
   5588.494     6.757     0.26    3.53
   5875.108     7.144     1.35    3.84
   6161.725     8.027     3.08    4.33
   6448.345     9.164     3.97    5.14
   6734.966     9.909     2.60    5.24
   7021.590    10.985     3.75    4.84
   7308.217    11.891     3.16    4.60
   7594.846    12.786     3.12    4.34
   7881.477    14.047     4.40    4.46
   8168.111    16.396     8.20    6.65
   8454.747    19.095     9.42    9.70
   8741.386    21.287     7.65   11.09
   9028.027    22.978     5.90   11.39
   9314.671    24.192     4.23   11.29
   9601.317    25.495     4.55   10.84
   9887.965    26.748     4.37   10.06
  10174.616    27.750     3.50    7.97
  10461.269    28.152     1.40    5.32
  10747.925    28.663     1.78    4.39
  11034.583    30.074     4.92    4.76
  11321.243    32.159     7.27    5.29
  11607.906    34.830     9.32    5.76
  11894.572    38.164    11.63    6.25
  12181.240    41.592    11.96    7.13
  12467.910    45.163    12.46    7.75
  12754.582    49.246    14.24    8.45
  13041.258    53.875    16.15    9.74
  13327.935    59.124    18.31   11.35
  13614.615    64.209    17.74   12.41
  13901.297    68.407    14.65   12.88
  14187.982    71.840    11.97   13.37
  14474.669    73.398     5.43   14.52
  14761.359    72.762    -2.22   16.62
  15048.051    71.075    -5.89   17.86
  15334.746    67.178   -13.59   17.55
  15621.442    62.578   -16.04   15.91
  15908.142    56.297   -21.91   12.91
  16194.844    50.503   -20.21   11.77
  16481.389    45.384   -17.86   12.60
  16767.651    40.574   -16.80   12.67
  17053.914    35.634   -17.26   11.38
  17340.180    31.067   -15.95    9.45
  17626.447    27.393   -12.83    7.14
  17912.715    24.851    -8.88    5.32
  18198.985    23.207    -5.74    4.68
  18485.257    22.075    -3.95    4.21
  18771.531    21.531    -1.90    3.92
  19057.807    21.123    -1.43    3.57
  19344.084    20.857    -0.93    3.28
  19630.362    20.993     0.47    3.16
  19916.643    21.237     0.85    3.12
  20202.925    21.554     1.11    3.27
  20489.209    22.803     4.36    4.46
  20775.495    24.944     7.48    5.74
  21061.782    26.666     6.01    5.82
  21348.071    27.237     2.00    5.59
  21634.361    27.196    -0.14    5.72
  21920.654    26.388    -2.82    5.95
  22206.948    25.201    -4.15    5.94
  22493.244    23.922    -4.47    5.17
  22779.541    23.192    -2.55    4.10
  23065.840    23.184    -0.03    3.49
  23352.141    23.383     0.69    3.00
  23638.444    23.595     0.74    2.79
  23924.748    23.726     0.45    2.63
  24211.054    23.873     0.52    2.66
  24497.361    23.842    -0.11    2.97
  24783.671    23.277    -1.97    3.88
  25069.982    22.209    -3.73    5.05
  25356.294    21.405    -2.81    5.72
  25642.609    21.279    -0.44    6.73
  25928.925    21.201    -0.27    6.91
  26215.243    20.890    -1.09    6.78
  26501.562    20.172    -2.51    6.10
  26787.883    20.199     0.09    4.58
  27074.206    20.575     1.31    4.12
  27360.531    20.513    -0.22    4.45
  27646.857    20.490    -0.08    4.83
  27933.185    21.334     2.95    5.60
  28219.515    22.178     2.95    6.48
  28505.846    22.650     1.65    6.95
  28792.179    23.173     1.83    6.40
  29078.514    24.959     6.24    7.82
  29364.850    27.202     7.83    9.56
  29651.188    29.613     8.42   10.97
  29937.528    32.486    10.03   11.77
  30223.870    35.564    10.75   11.63
  30510.213    39.242    12.85   10.83
  30796.558    42.739    12.21    9.79
  31082.904    46.240    12.23    9.13
  31369.253    49.682    12.02    8.96
  31655.603    53.390    12.95    9.12
  31941.954    56.842    12.06    9.15
  32228.308    59.568     9.52    8.72
  32514.663    60.755     4.15    9.50
  32801.020    61.502     2.61   10.29
  33087.378    61.982     1.67   10.49
  33373.738    61.004    -3.42   10.65
  33660.100    59.645    -4.75    9.94
  33946.464    59.138    -1.77    9.04
  34232.829    59.814     2.36    8.81
  34519.196    61.301     5.19    8.72
  34805.565    63.620     8.10    9.11
  35091.935    66.406     9.73    9.53
  35378.307    69.363    10.32    9.31
  35664.681    71.987     9.16    8.70
  35951.057    73.792     6.30    7.68
  36237.434    74.252     1.61    6.91
  36523.813    73.842    -1.43    6.69
  36810.193    73.592    -0.87    6.37
  37096.575    73.702     0.39    5.87
  37382.959    74.053     1.22    5.28
  37669.345    74.673     2.17    5.35
  37955.732    76.010     4.67    5.24
  38242.122    77.904     6.61    4.46
  38528.512    79.286     4.82    3.76
  38814.905    80.592     4.56    3.33
  39101.299    81.704     3.88    2.77
  39387.695    81.902     0.69    2.35
  39674.092    81.842    -0.21    2.45
  39960.491    81.686    -0.55    2.97
  40246.892    81.643    -0.15    3.55
  40533.295    81.844     0.70    3.92
  40819.699    82.082     0.83    4.30
  41106.105    82.026    -0.19    4.74
  41392.513    81.396    -2.20    5.14
  41678.923    79.727    -5.83    6.46
  41965.334    76.631   -10.81    8.71
  42251.747    72.386   -14.82   11.20
  42538.161    67.280   -17.83   12.96
  42824.577    61.678   -19.56   13.32
  43110.995    57.322   -15.21   12.45
  43397.415    54.413   -10.16   11.29
  43683.836    53.660    -2.63   11.36
  43970.259    54.245     2.04   12.28
  44256.684    56.395     7.51   14.24
  44543.110    60.513    14.38   15.50
  44829.538    65.157    16.21   15.11
  45115.968    69.609    15.54   14.11
  45402.400    73.438    13.37   13.31
  45688.833    76.264     9.87   12.10
  45975.268    78.017     6.12   10.65
  46261.704    79.750     6.05   10.30
  46548.143    81.734     6.92   10.14
  46834.583    82.748     3.54    9.72
  47121.024    84.005     4.39    8.37
  47407.468    85.514     5.27    7.19
  47693.913    87.443     6.73    7.03
  47980.360    89.500     7.18    7.30
  48266.808    91.165     5.81    7.20
  48553.258    92.640     5.15    7.00
  48839.710    93.721     3.77    6.67
  49126.164    93.958     0.82    5.90
  49412.619    93.255    -2.45    6.50
  49699.076    91.263    -6.95    7.43
  49985.535    88.095   -11.06    7.87
  50271.995    84.779   -11.58    8.26
  50558.457    81.074   -12.93    8.23
  50844.921    77.912   -11.04    7.90
  51131.387    75.174    -9.56    7.50
  51417.854    72.910    -7.90    7.46
  51704.323    70.257    -9.26    7.55
  51990.793    67.664    -9.05    7.42
  52277.266    66.486    -4.11    7.25
  52563.739    66.572     0.30    6.92
  52850.215    67.075     1.76    6.14
  53136.693    67.452     1.31    5.81
  53423.172    67.654     0.71    5.82
  53709.652    67.894     0.84    6.47
  53996.135    66.655    -4.33    7.59
  54282.619    64.497    -7.53    7.42
  54569.105    62.969    -5.33    6.64
  54855.593    62.227    -2.59    6.26
  55142.082    62.582     1.24    6.06
  55428.573    63.340     2.65    5.80
  55715.066    64.173     2.91    5.48
  56001.560    64.926     2.63    5.13
  56288.056    65.557     2.20    4.93
  56574.554    65.811     0.89    5.24
  56861.053    65.251    -1.95    5.91
  57147.554    63.919    -4.65    7.26
  57434.057    61.871    -7.15    8.63
  57720.562    59.640    -7.79    9.12
  58007.068    56.980    -9.28    9.27
  58293.576    53.748   -11.28    9.94
  58580.086    50.103   -12.72   11.76
  58866.597    46.303   -13.26   12.67
  59153.110    43.040   -11.39   12.71
  59439.625    40.210    -9.88   11.95
  59726.142    36.713   -12.21   10.47
