# NaN NaN NaN ;Mean Elev.(m), Avg Gradient(m/km), RMS Gradient(m/km) - SRTM1     
#  -11.914  -0.709   2.616 ;Mean Elev.(m), Avg Gradient(m/km), RMS Gradient(m/km) - ASTER GDEM
#   31.761  -3.539   8.140 ;Mean Elev.(m), Avg Gradient(m/km), RMS Gradient(m/km) - GMTED2010 
   2  52.195692  65.680518    14.308    14.308  2 54673.30340700 27.182
   3  52.195374  65.681859     6.099     6.099  2 54683.21905051 18.368
   4  52.199660  65.682755    61.120    61.120  2 54693.13469312  8.243
   5  52.196778  65.681546     8.627     8.627  2 54703.05033250 22.976
   7  52.197423  65.678064    13.773    13.977  3 54722.88163245 25.792
   8  52.195756  65.677604    12.382    12.557  3 54732.79728068 42.518
  13  52.193703  65.676414    85.997    87.841  3 54782.37550505 20.721
  14  52.195897  65.676527    12.093    12.094  3 54792.29114369 44.505
  15  52.197182  65.678020    13.434    12.241  3 54802.20678121 28.218
  16  52.195375  65.679075    12.425    12.375  3 54812.12241828 29.550
  17  52.195074  65.679461    12.503    12.503  2 54822.03806019 21.318
  18  52.197135  65.679307    15.034    15.034  2 54831.95371239 17.060
  19  52.197553  65.679635    15.924    15.960  3 54841.86935105 15.501
  20  52.196342  65.680971    15.809    15.809  2 54851.78499994 14.900
  21  52.197262  65.682912    15.849    15.819  3 54861.70064871 15.139
  22  52.195532  65.683610    15.604    15.604  2 54871.61629721 15.011
  23  52.195247  65.682266    16.475    16.475  2 54881.53194407 15.242
  24  52.197707  65.679706    16.891    17.088  3 54891.44758785 15.934
  25  52.195710  65.677377    13.946    13.674  3 54901.36322832 17.097
  26  52.195429  65.677581    15.826    15.633  3 54911.27886729 17.975
  27  52.195372  65.679243    17.483    17.483  2 54921.19450520 14.181
  29  52.197897  65.679262    16.151    16.264  3 54941.02577852 13.718
  30  52.194247  65.676654    14.117    15.790  3 54950.94141226 21.355
  31  52.196282  65.675324    10.723    10.723  3 54960.85705294 26.259
  32  52.192237  65.675894    16.258    16.242  3 54970.77270124 34.337
  33  52.196012  65.678185    67.859    67.859  2 54980.68834917 10.128
  34  52.196155  65.679878    18.500    18.413  3 54990.60399648 35.999
  35  52.196912  65.680174    18.254    18.298  3 55000.51964356 36.754
  36  52.198012  65.680040    16.617    16.617  2 55010.43528887 27.696
  37  52.197376  65.679749    16.375    16.484  3 55020.35093244 23.999
  38  52.198664  65.680862    16.773    16.773  2 55030.26657505 24.236
  39  52.196134  65.682006    14.096    14.096  2 55040.18221665 27.072
  40  52.196992  65.682622    11.447    11.447  2 55050.09785714 29.759
  41  52.198363  65.681232    10.615    10.615  2 55060.01349546 44.187
  42  52.193826  65.678143    10.241    10.243  3 55069.92913553 42.266
  43  52.191982  65.675973    10.564    10.450  3 55079.84478466 34.792
  44  52.194505  65.676366    13.408    13.282  4 55089.76043238 32.778
  45  52.194904  65.678340    16.097    16.086  3 55099.67607887 24.587
  46  52.195866  65.680198    16.137    16.137  2 55109.59172491 24.613
  47  52.195712  65.679767    16.496    16.428  3 55119.50736931 23.041
  48  52.194839  65.677426    16.150    16.150  2 55129.42301103 32.607
  49  52.193575  65.675346    11.126    11.075  3 55139.33865069 41.031
  50  52.192715  65.675614    10.813    10.753  3 55149.25428924 39.882
  51  52.195093  65.678008    11.426    11.426  2 55159.16992781 37.634
  52  52.196450  65.680066    13.540    13.540  2 55169.08556595 26.339
  53  52.196265  65.680424    15.933    16.006  3 55179.00120287 20.719
  54  52.195621  65.679575    15.771    15.858  3 55188.91684872 18.579
  55  52.196797  65.679634    15.992    15.992  2 55198.83249943 17.928
  56  52.197885  65.680782    16.044    16.044  2 55208.74814933 17.157
  57  52.197458  65.682214    15.918    15.825  3 55218.66379860 17.866
  58  52.199596  65.682590    16.140    16.140  2 55228.57944728 18.255
  59  52.196939  65.680983    15.807    15.995  3 55238.49509237 18.180
  60  52.193237  65.678213    15.863    15.749  3 55248.41073375 18.308
  61  52.192592  65.676507    14.738    15.317  3 55258.32637304 16.606
  62  52.193023  65.676706    15.645    16.067  3 55268.24201171 17.589
  63  52.197102  65.678575    15.625    15.857  3 55278.15765043 15.650
  64  52.196083  65.679390    16.360    16.434  3 55288.07328738 11.401
  65  52.196644  65.678811     9.859     9.859  2 55297.98892203 28.183
  66  52.194356  65.676793    14.365    13.570  3 55307.90456408 24.691
  67  52.196322  65.675768    14.782    13.982  3 55317.82021053 35.542
  68  52.195229  65.676199    74.480    74.376  3 55327.73585570 28.999
  69  52.197758  65.678402    17.762    17.832  3 55337.65150054 34.368
  70  52.196260  65.680158    16.056    16.056  2 55347.56714454 27.214
  71  52.199002  65.681048    16.126    16.126  2 55357.48278725 28.127
  72  52.198317  65.680719    14.205    14.205  2 55367.39842754 50.542
  73  52.198123  65.680266    16.453    16.453  2 55377.31406640 23.120
  74  52.195358  65.680208    12.858    12.858  2 55387.22970418 42.502
  75  52.195304  65.680593    11.583    11.583  2 55397.14534131 48.326
  76  52.197720  65.680634    10.802    10.802  2 55407.06098443 30.946
  77  52.196805  65.679518    10.665    10.631  3 55416.97663541 35.199
  78  52.197151  65.677741    12.246    10.244  3 55426.89228306 30.495
  79  52.194184  65.676434    14.660    16.229  3 55436.80792775 32.593
  80  52.196232  65.676970    12.823    11.037  3 55446.72357168 34.977
  81  52.196623  65.678221    14.983    16.120  3 55456.63921504 27.085
  82  52.197449  65.679210    17.873    18.460  3 55466.55485774 22.802
  83  52.195577  65.678499    16.875    16.838  3 55476.47049697 24.634
  84  52.192535  65.676717    14.969    15.982  3 55486.38613286 31.311
  85  52.194761  65.675670    11.812    11.813  4 55496.30176707 40.165
  86  52.193071  65.676130    12.313    12.197  3 55506.21740231 42.744
  87  52.197084  65.678353    12.280    12.423  3 55516.13305327 44.951
  88  52.195254  65.679928    13.518    13.520  3 55526.04870274 31.784
  89  52.197953  65.680842    13.135    13.135  2 55535.96435059 26.764
  90  52.198265  65.680817    16.142    16.142  2 55545.87999606 20.800
  91  52.195790  65.680728    15.797    15.797  2 55555.79563945 19.701
  92  52.197672  65.681346    15.635    15.635  2 55565.71128239 18.748
  93  52.197651  65.681261    16.208    16.208  2 55575.62692452 17.667
  94  52.197327  65.680019    16.000    16.007  3 55585.54256485 17.283
  95  52.195900  65.678090    15.432    15.432  2 55595.45820177 16.621
  96  52.194427  65.676627    15.579    15.653  3 55605.37383549 16.456
  97  52.193487  65.676214    15.990    16.130  3 55615.28946720 16.451
  98  52.196572  65.677216    16.054    15.948  3 55625.20510795 15.289
  99  52.197250  65.678059    14.389    13.511  3 55635.12076030 15.434
 100  52.193266  65.677810    13.900    13.161  3 55645.03641001 16.831
 101  52.198473  65.677669    27.309    27.309  2 55654.95205777 15.982
 102  52.193422  65.676618    15.665    16.357  3 55664.86770003 24.430
 103  52.195825  65.676884    15.421    16.426  3 55674.78334010 33.723
 104  52.196268  65.677831    15.601    15.586  3 55684.69897839 39.346
 105  52.196475  65.678977    16.772    16.772  2 55694.61461549 33.529
 106  52.194679  65.679516    14.806    14.822  3 55704.53025105 49.936
 107  52.197338  65.679997    16.316    16.295  3 55714.44589799 41.110
 108  52.194887  65.680077    16.807    16.807  2 55724.36154683 31.616
 109  52.197429  65.680867    12.412    12.412  2 55734.27719420 34.982
 110  52.195567  65.681271    12.541    12.541  2 55744.19283987 26.409
 111  52.194977  65.680915    10.678    10.678  2 55754.10848410 38.439
 112  52.197249  65.679447    10.502    10.497  3 55764.02412624 47.849
 113  52.197426  65.677433    12.211    10.192  3 55773.93976537 30.658
 114  52.192361  65.675772    10.039    10.069  3 55783.85540070 27.835
 115  52.193606  65.676449    14.168    15.912  3 55793.77103432 31.816
 116  52.195405  65.677836    14.753    15.882  3 55803.68667079 27.890
 117  52.196362  65.678658    10.215    10.149  3 55813.60232063 48.431
 118  52.193191  65.677637    12.586    11.332  3 55823.51796807 33.261
 119  52.195410  65.676488    12.269    10.100  3 55833.43361127 34.352
 120  52.196897  65.675986    16.322    16.336  3 55843.34925026 28.748
 121  52.191826  65.676373    12.611    12.611  3 55853.26488562 36.999
 122  52.195112  65.678394    12.889    12.889  2 55863.18052219 46.711
 123  52.197526  65.680161    10.308    10.308  2 55873.09617648 42.070
 124  52.198147  65.680439    11.917    11.917  2 55883.01182545 39.360
 125  52.195583  65.679835    11.929    11.986  3 55892.92746771 26.369
 126  52.196878  65.679684    15.044    16.097  3 55902.84310477 19.613
 127  52.196525  65.680242    16.148    16.148  2 55912.75874134 15.571
 128  52.195775  65.681280    13.143    13.143  2 55922.67439559 19.070
 129  52.197064  65.681198    13.741    12.507  3 55932.59004712 18.303
 130  52.195145  65.679068    15.987    15.987  2 55942.50569399 17.477
 131  52.194112  65.676587    14.953    15.875  3 55952.42133659 16.447
 132  52.194728  65.675785    13.588    12.547  3 55962.33697600 16.825
 133  52.192577  65.676770    15.622    15.600  3 55972.25261317 17.036
 134  52.195579  65.678836    15.376    15.347  3 55982.16824958 16.795
 135  52.195196  65.679027    14.516    14.681  3 55992.08388403 17.956
 136  52.197290  65.678103    15.828    15.892  3 56001.99953153 17.237
 137  52.196477  65.676361    15.652    15.784  3 56011.91518122 16.852
 138  52.196298  65.676075    16.390    16.390  2 56021.83082742 14.824
 139  52.193862  65.677445    12.268    11.276  3 56031.74647066 14.115
 140  52.196986  65.680045    10.355    10.355  2 56041.66211241 36.080
 141  52.198389  65.681411    16.430    16.430  2 56051.57775159 36.538
 142  52.196291  65.680928    80.629    80.629  2 56061.49338758  8.682
 143  52.196243  65.679610    17.205    17.205  2 56071.40902615 36.681
 144  52.197334  65.679503    15.536    15.536  2 56081.32467683 28.182
 145  52.197879  65.680399    18.534    18.534  2 56091.24032485 24.461
 146  52.196739  65.681458    15.924    15.125  3 56101.15597035 25.157
 147  52.195851  65.681055    12.427    12.427  2 56111.07160157 47.157
 148  52.197344  65.679065    11.581    11.588  3 56120.98724119 50.141
 149  52.195778  65.676224    11.435    11.536  3 56130.90287677 44.177
 150  52.192664  65.674804    14.909    16.093  3 56140.81851069 30.564
 151  52.192966  65.676520    11.063    11.027  3 56150.73416179 40.866
 152  52.196445  65.679172    10.916    10.909  3 56160.64981136 39.803
 153  52.196293  65.680066    16.717    16.717  2 56170.56545891 22.150
 154  52.197311  65.678816    12.432    10.553  3 56180.48110248 29.638
 155  52.194082  65.676596    18.813    18.980  3 56190.39674164 23.672
 156  52.192213  65.675730    17.407    16.401  3 56200.31237808 25.635
 157  52.195456  65.677493    12.372    12.386  3 56210.22801266 46.447
 158  52.196264  65.679798    11.375    11.352  3 56220.14364517 36.755
 159  52.197044  65.681621    74.661    74.661  2 56230.05929505 20.255
 160  52.198246  65.681525    10.683    10.683  2 56239.97494839 40.005
 161  52.198129  65.680564    11.136    11.136  2 56249.89059765 41.239
 162  52.195016  65.679466    11.742    11.742  2 56259.80624182 38.090
 163  52.197107  65.680065    11.561    11.561  2 56269.72188394 35.631
 164  52.197776  65.680695    11.217    11.185  3 56279.63752420 33.584
 165  52.194896  65.680704    10.860    10.860  2 56289.55317491 31.871
 166  52.194708  65.679122    10.662    10.682  3 56299.46882319 24.309
 167  52.192696  65.676810    10.499    10.507  3 56309.38446727 22.863
 168  52.194694  65.675946    10.271    10.279  4 56319.30010936 23.710
 169  52.196056  65.677286    10.184    10.133  3 56329.21575052 24.002
 170  52.197171  65.679271     9.948     9.948  2 56339.13139082 25.623
 171  52.196905  65.680033    12.159    12.159  2 56349.04702887 21.136
 172  52.195915  65.678646    15.058    15.058  2 56358.96266419 18.892
 173  52.197163  65.677253    15.357    15.316  3 56368.87831479 17.340
 176  52.196461  65.681166    12.899    12.899  2 56398.62525142 16.905
 177  52.199611  65.682654    82.965    82.965  2 56408.54089272  5.618
 178  52.198669  65.681952    86.329    86.329  2 56418.45652926  3.722
 179  52.195590  65.680092    16.148    16.148  2 56428.37216171 55.004
 180  52.195586  65.679664    16.632    16.632  2 56438.28781554 24.153
 181  52.197235  65.680173    15.781    15.850  3 56448.20346695 25.665
 183  52.198081  65.680447    14.022    14.022  2 56468.03476183 43.824
 184  52.197214  65.679087    15.062    16.130  3 56477.95040340 26.829
 185  52.195310  65.677213    14.388    16.213  3 56487.86604104 31.231
 186  52.191895  65.676332    14.720    15.935  3 56497.78167605 33.844
 187  52.197296  65.677291    12.789    11.910  3 56507.69731074 31.312
 188  52.194378  65.678273     9.450     9.464  3 56517.61294802 35.654
 189  52.194964  65.679137     9.644     9.641  3 56527.52860243 41.250
 190  52.197751  65.679076    12.011    10.042  3 56537.44425273 31.090
 192  52.196732  65.678270    12.316    10.290  3 56557.27554222 31.238
 193  52.196441  65.679458    13.343    13.343  2 56567.19118478 26.221
 194  52.195257  65.681102     9.974     9.974  2 56577.10682592 30.875
 195  52.196523  65.681935    11.058    11.058  2 56587.02246377 43.066
 196  52.197168  65.681499    10.580    10.599  3 56596.93810397 41.048
 197  52.198053  65.680795    13.735    13.735  2 56606.85375585 48.434
 198  52.195418  65.680091    14.393    14.393  2 56616.76940253 45.649
 199  52.197514  65.680173    14.441    14.441  2 56626.68504623 34.142
 200  52.197967  65.680083    12.823    12.823  2 56636.60068704 27.629
 201  52.195141  65.679127    12.990    13.160  3 56646.51632747 20.547
 202  52.195894  65.678376    12.440    12.405  3 56656.43197976 25.988
 203  52.197091  65.677589    13.406    13.131  3 56666.34762775 13.071
 204  52.196984  65.677728    13.300    13.231  3 56676.26327299 13.159
 205  52.193707  65.678346    13.875    13.164  3 56686.17891685 13.832
 206  52.195506  65.679291    15.166    15.166  2 56696.09455919 13.997
 207  52.196112  65.679218    14.631    14.631  2 56706.01019682 13.899
 208  52.194340  65.678209    11.203    11.226  3 56715.92582934 24.078
 209  52.195166  65.678371    11.733    11.733  2 56725.84148285 23.075
 210  52.195527  65.679405    15.483    15.483  2 56735.75713239 12.864
 211  52.198680  65.681358    17.404    17.404  2 56745.67277888 11.186
 212  52.197404  65.682159    18.231    17.902  3 56755.58842064 12.544
 213  52.196874  65.681761    11.109    11.109  2 56765.50405678 43.145
 214  52.198529  65.680915    12.726    12.726  2 56775.41969599 28.958
 215  52.195704  65.680632    13.587    13.587  2 56785.33535246 31.496
 216  52.197181  65.681157    93.358    93.358  2 56795.25100569 13.849
 217  52.196997  65.681404    18.893    18.994  3 56805.16665475 34.848
 218  52.196253  65.680535    16.331    16.331  2 56815.08229682 53.952
 219  52.196963  65.679048    16.394    16.394  2 56824.99793553 27.510
 220  52.193947  65.677419    16.235    16.216  3 56834.91357012 31.470
 221  52.197663  65.677390    16.269    16.392  3 56844.82920204 28.156
 222  52.196043  65.678186    15.082    16.181  3 56854.74484721 29.031
 223  52.195711  65.679290    14.405    14.405  2 56864.66050091 26.495
 224  52.197570  65.679734    13.908    12.845  3 56874.57615405 27.914
 225  52.196004  65.679326    14.947    16.020  3 56884.49180369 26.421
 226  52.196926  65.679051    11.020    11.079  3 56894.40745044 43.291
 227  52.196314  65.679478    14.794    15.823  3 56904.32309388 27.128
 228  52.196761  65.680931    13.071    12.633  3 56914.23873537 26.897
 229  52.198662  65.682380    12.788    12.788  2 56924.15437523 26.330
 230  52.195161  65.682377    17.094    17.094  2 56934.07001187 21.176
 231  52.198549  65.681562    11.485    11.485  2 56943.98564382 51.655
 232  52.197434  65.680258    10.697    10.697  2 56953.90129128 42.687
 233  52.195074  65.679670    10.992    10.962  3 56963.81694115 39.704
 234  52.198709  65.680609    11.403    11.403  2 56973.73258691 46.635
 235  52.195503  65.680951    11.223    11.223  2 56983.64822769 38.373
 236  52.196640  65.680253    11.140    11.140  2 56993.56386399 31.325
 237  52.194094  65.677914    11.063    11.070  3 57003.47950090 26.440
 238  52.197132  65.676831    10.738    10.608  3 57013.39515761 28.433
 239  52.197156  65.676991    10.817    10.725  3 57023.31080878 26.874
 240  52.196932  65.678892    14.073    13.569  3 57033.22645741 20.773
 241  52.198442  65.680625    15.915    15.915  2 57043.14210387 19.060
 242  52.197165  65.680600    15.687    15.687  2 57053.05774764 18.111
 243  52.194378  65.678907    15.733    15.666  3 57062.97338672 18.002
 244  52.195193  65.677871    15.918    16.129  3 57072.88902099 17.569
 247  52.199495  65.683237    25.715    25.715  2 57102.63595668 10.728
 249  52.195515  65.681498    14.851    14.851  2 57122.46725722 15.877
 250  52.197407  65.679845    16.328    16.328  2 57132.38289932 13.279
 251  52.195665  65.679198    10.357    10.357  2 57142.29853627 30.401
 252  52.198256  65.680260    13.350    13.350  2 57152.21417064 37.738
 253  52.197933  65.680710    64.253    53.501  3 57162.12980190  9.457
 254  52.195266  65.680208    20.562    20.562  2 57172.04545896 49.384
 255  52.197641  65.678647    19.031    18.981  3 57181.96111351 35.096
 256  52.192995  65.676653    15.502    15.070  3 57191.87676352 36.454
 257  52.194792  65.677024    16.372    16.318  3 57201.79241140 24.822
 258  52.196426  65.678949    12.283    12.283  2 57211.70804575 34.093
 259  52.197360  65.680754    12.259    12.410  3 57221.62368975 48.991
 260  52.198763  65.680987    16.263    16.263  2 57231.53933236 24.805
 261  52.196959  65.679796    12.882    12.905  3 57241.45497211 38.000
 262  52.195561  65.678441    14.338    14.338  2 57251.37060926 25.315
 263  52.195533  65.678793    12.400    12.400  2 57261.28624467 27.709
 264  52.196305  65.680554    11.572    11.495  3 57271.20187896 52.515
 265  52.196174  65.682736    12.039    12.039  2 57281.11753478 50.926
 266  52.197457  65.683203    11.861    11.868  3 57291.03319008 33.949
 267  52.198033  65.681730    17.023    17.023  2 57300.94884217 21.075
 268  52.197143  65.679527    11.739    11.739  2 57310.86449039 43.299
 269  52.196086  65.678703    10.866    10.926  3 57320.78013531 39.982
 270  52.197272  65.679782    10.962    11.261  3 57330.69577796 39.117
 271  52.197502  65.681207    10.974    10.974  2 57340.61141843 41.014
 272  52.195303  65.681013    10.989    10.989  2 57350.52706870 32.837
 273  52.197024  65.679191    16.086    16.024  3 57360.44271389 21.510
 274  52.194577  65.676718    12.162    10.915  4 57370.35835551 20.132
 275  52.193680  65.676415    12.605    10.929  3 57380.27399506 18.650
 276  52.196206  65.678414    15.657    15.657  2 57390.18963396 17.131
 277  52.195540  65.680209    15.080    15.781  3 57400.10527159 17.176
 278  52.197379  65.680658    14.690    16.116  3 57410.02091085 17.852
 279  52.196894  65.679749    19.440    19.440  2 57419.93656320 12.295
 280  52.196228  65.679097    19.631    19.725  3 57429.85221297 20.462
 281  52.197691  65.680048    16.018    16.018  2 57439.76786085 19.585
 282  52.195774  65.681782    10.186    10.186  2 57449.68350743 20.178
 283  52.200334  65.683475    17.833    17.833  2 57459.59915321 15.860
 285  52.199132  65.681098    15.378    15.378  2 57479.43043323 11.590
 286  52.195963  65.678886    10.081    10.081  2 57489.34606786 27.701
 287  52.195877  65.677970    13.431    11.874  3 57499.26170081 24.494
 288  52.196280  65.678772    16.925    16.930  3 57509.17734408 45.652
 291  52.194857  65.678717    16.043    16.043  2 57538.92430294 30.675
 292  52.193500  65.677266    12.881    12.921  3 57548.83995012 37.591
 293  52.196335  65.677270    13.702    12.669  3 57558.75559640 35.888
 294  52.195673  65.678609    14.254    13.326  3 57568.67124165 26.476
 295  52.197671  65.680393    14.128    14.128  2 57578.58688663 26.182
 296  52.195205  65.680917    12.075    12.075  2 57588.50252967 27.533
 297  52.198049  65.680711    14.192    14.192  2 57598.41817057 26.404
