-103417.977    93.307     0.00    6.37
-103131.344    95.063     6.13    8.89
-102844.702    97.291     7.77   11.92
-102558.054    99.429     7.46   13.77
-102271.398   101.133     5.95   14.94
-101984.734   100.978    -0.54   15.81
-101698.064    98.275    -9.43   15.69
-101411.385    95.224   -10.64   15.94
-101124.699    90.025   -18.14   14.74
-100838.006    85.403   -16.12   12.32
-100551.305    81.985   -11.92   10.04
-100264.597    79.239    -9.58    8.57
 -99977.882    77.622    -5.64    7.84
 -99691.159    76.143    -5.16    6.73
 -99404.428    75.253    -3.10    5.69
 -99117.690    74.281    -3.39    4.05
 -98830.945    73.610    -2.34    3.53
 -98544.192    72.978    -2.20    3.04
 -98257.432    72.683    -1.03    3.10
 -97970.664    72.260    -1.47    3.05
 -97683.889    71.918    -1.19    2.82
 -97397.106    72.196     0.97    3.11
 -97110.316    72.805     2.13    3.66
 -96823.518    74.005     4.18    4.06
 -96536.713    75.464     5.08    3.92
 -96249.900    77.239     6.19    3.70
 -95963.080    79.042     6.29    3.64
 -95676.253    81.007     6.85    3.53
 -95389.418    82.126     3.90    3.33
 -95102.576    82.803     2.36    2.82
 -94815.726    82.565    -0.83    2.91
 -94528.868    82.151    -1.44    3.51
 -94242.004    80.643    -5.26    4.34
 -93955.131    79.372    -4.43    4.39
 -93668.252    78.275    -3.82    4.16
 -93381.365    77.403    -3.04    4.38
 -93094.470    76.718    -2.39    4.47
 -92807.568    75.521    -4.17    4.44
 -92520.658    74.567    -3.33    4.61
 -92233.741    73.267    -4.53    4.75
 -91946.817    72.054    -4.23    4.34
 -91659.884    70.935    -3.90    3.48
 -91372.945    69.859    -3.75    2.33
 -91085.998    68.899    -3.35    1.43
 -90799.044    68.246    -2.27    1.43
 -90512.082    67.816    -1.50    1.99
 -90225.112    67.781    -0.12    2.52
 -89938.135    67.839     0.20    2.77
 -89651.151    67.991     0.53    3.10
 -89364.159    68.394     1.40    3.35
 -89077.160    68.609     0.75    3.32
 -88790.153    68.534    -0.26    2.98
 -88503.139    68.473    -0.21    2.60
 -88216.117    67.929    -1.90    2.21
 -87929.088    67.348    -2.02    1.81
 -87642.051    67.275    -0.25    1.97
 -87355.007    67.380     0.36    2.80
 -87067.955    67.973     2.07    3.73
 -86780.896    69.107     3.95    4.36
 -86493.829    69.877     2.68    5.06
 -86206.755    70.671     2.77    6.36
 -85919.674    70.724     0.18    7.09
 -85632.584    70.775     0.18    7.97
 -85345.488    69.395    -4.81    8.82
 -85058.384    67.962    -4.99    8.89
 -84771.272    66.616    -4.69    8.26
 -84484.153    65.640    -3.40    7.92
 -84197.026    64.717    -3.21    7.55
 -83909.892    63.579    -3.96    7.18
 -83622.751    62.998    -2.02    7.00
 -83335.602    62.070    -3.23    6.42
 -83048.445    60.593    -5.14    5.69
 -82761.281    58.819    -6.18    5.24
 -82474.109    57.267    -5.40    5.45
 -82186.930    55.843    -4.96    5.13
 -81899.744    54.778    -3.71    4.53
 -81612.550    54.261    -1.80    3.97
 -81325.348    54.457     0.68    4.08
 -81038.139    55.610     4.01    5.44
 -80750.923    57.385     6.18    6.72
 -80463.698    60.113     9.50    8.51
 -80176.467    61.760     5.73    9.56
 -79889.228    62.761     3.48   10.90
 -79602.211    63.082     1.12   12.46
 -79316.488    63.141     0.21   13.69
 -79030.758    62.324    -2.86   14.50
 -78745.021    61.036    -4.51   15.51
 -78459.278    59.239    -6.29   16.63
 -78173.528    57.584    -5.79   17.00
 -77887.772    56.261    -4.63   16.59
 -77602.009    56.081    -0.63   15.66
 -77316.239    58.484     8.41   15.37
 -77030.463    61.584    10.85   14.77
 -76744.680    64.529    10.30   13.75
 -76458.890    67.529    10.50   12.21
 -76173.093    69.852     8.13   10.47
 -75887.290    69.973     0.43    9.19
 -75601.481    67.819    -7.54    8.40
 -75315.664    65.804    -7.05    9.33
 -75029.841    63.445    -8.26   10.69
 -74744.011    61.351    -7.33   11.69
 -74458.175    59.419    -6.76   12.49
 -74172.332    57.440    -6.92   13.56
 -73886.482    54.527   -10.19   14.48
 -73600.626    51.175   -11.73   15.63
 -73314.763    48.050   -10.93   17.61
 -73028.893    45.629    -8.47   18.84
 -72743.017    44.690    -3.29   19.33
 -72457.134    46.403     5.99   19.86
 -72171.244    51.159    16.63   21.80
 -71885.348    58.612    26.07   22.61
 -71599.445    65.267    23.28   20.68
 -71313.535    69.850    16.03   16.55
 -71027.619    73.746    13.63   10.98
 -70741.696    74.337     2.07    8.32
 -70455.766    72.582    -6.14    7.63
 -70169.830    69.072   -12.27    6.63
 -69883.887    66.180   -10.11    6.13
 -69597.937    64.003    -7.61    6.51
 -69311.981    61.985    -7.06    6.49
 -69026.018    60.670    -4.60    6.68
 -68740.048    59.210    -5.10    7.09
 -68454.072    59.085    -0.44    8.53
 -68168.089    58.860    -0.79    8.40
 -67882.099    59.116     0.89    7.68
 -67596.102    60.565     5.07    8.06
 -67310.099    63.225     9.30    9.62
 -67024.090    67.005    13.22   11.02
 -66738.073    71.666    16.30   11.42
 -66452.050    76.253    16.04   10.10
 -66166.020    80.253    13.98    8.02
 -65879.984    82.674     8.46    5.99
 -65593.941    83.939     4.42    4.29
 -65307.891    84.619     2.38    3.47
 -65021.834    84.144    -1.66    3.36
 -64735.771    83.290    -2.99    3.71
 -64449.701    81.843    -5.06    3.80
 -64163.625    80.154    -5.90    3.55
 -63877.541    78.575    -5.52    4.23
 -63591.451    77.036    -5.38    4.76
 -63305.355    75.210    -6.38    5.37
 -63019.252    73.510    -5.94    5.40
 -62733.142    71.393    -7.40    4.90
 -62447.025    69.009    -8.33    4.49
 -62160.902    66.412    -9.08    4.21
 -61874.771    64.839    -5.50    4.32
 -61588.635    64.082    -2.65    5.08
 -61302.491    63.790    -1.02    6.03
 -61016.341    64.006     0.76    6.72
 -60730.184    64.512     1.77    7.18
 -60444.021    65.103     2.07    6.93
 -60157.851    64.954    -0.52    7.03
 -59871.674    63.232    -6.02    7.41
 -59585.490    61.232    -6.99    7.36
 -59299.300    59.123    -7.37    7.03
 -59013.103    56.391    -9.55    5.79
 -58726.899    54.363    -7.09    3.99
 -58440.689    54.121    -0.85    5.82
 -58154.472    55.361     4.33    8.14
 -57868.248    56.144     2.73    9.08
 -57582.018    55.707    -1.53    9.82
 -57295.781    53.767    -6.78   12.82
 -57009.537    48.971   -16.76   19.30
 -56723.286    41.884   -24.76   23.38
 -56437.029    34.819   -24.68   22.27
 -56150.765    28.225   -23.04   18.34
 -55864.494    24.347   -13.55   13.44
 -55578.217    23.532    -2.85   11.57
 -55291.933    27.666    14.44   14.01
 -55005.642    33.608    20.75   15.84
 -54719.345    41.610    27.95   17.09
 -54433.041    48.281    23.30   16.56
 -54146.730    54.572    21.97   14.78
 -53860.412    59.877    18.53   12.03
 -53574.088    62.991    10.88   10.18
 -53287.757    64.063     3.74    8.26
 -53001.420    63.050    -3.54    7.17
 -52715.075    60.891    -7.54    5.50
 -52428.724    59.782    -3.87    5.12
 -52142.366    58.184    -5.58    5.04
 -51856.002    56.999    -4.14    4.98
 -51569.631    56.696    -1.06    5.10
 -51283.253    57.079     1.34    5.25
 -50996.868    56.487    -2.07    5.75
 -50710.477    56.203    -0.99    5.78
 -50424.079    56.695     1.72    6.18
 -50137.674    57.047     1.23    7.18
 -49851.262    56.767    -0.98    7.73
 -49564.844    55.891    -3.06    7.52
 -49278.419    55.376    -1.80    7.16
 -48991.988    54.473    -3.15    6.92
 -48705.549    52.535    -6.76    6.92
 -48419.104    50.901    -5.71    6.44
 -48132.652    51.052     0.53    6.32
 -47846.194    51.718     2.33    6.95
 -47559.729    52.467     2.62    7.24
 -47273.257    53.384     3.20    7.26
 -46986.778    55.717     8.14    6.75
 -46700.293    57.126     4.92    5.44
 -46413.801    57.429     1.06    5.41
 -46127.302    56.869    -1.95    5.78
 -45840.796    55.674    -4.17    5.88
 -45554.284    54.946    -2.54    5.80
 -45267.765    54.350    -2.08    5.98
 -44981.239    53.980    -1.29    6.31
 -44694.707    53.439    -1.89    6.62
 -44408.168    53.049    -1.36    6.77
 -44121.622    52.344    -2.46    6.01
 -43835.069    51.833    -1.78    5.07
 -43548.510    51.436    -1.39    4.24
 -43261.944    51.393    -0.15    4.01
 -42975.371    51.072    -1.12    3.61
 -42688.792    50.746    -1.14    3.87
 -42402.205    49.760    -3.44    4.19
 -42115.613    48.506    -4.37    4.64
 -41829.013    47.491    -3.54    4.75
 -41542.406    46.558    -3.26    4.38
 -41255.793    45.679    -3.06    4.11
 -40969.173    44.732    -3.31    4.63
 -40682.547    44.927     0.68    5.23
 -40395.913    46.341     4.93    6.22
 -40109.273    48.551     7.71    7.94
 -39822.626    51.477    10.21    9.11
 -39535.973    54.239     9.64    9.14
 -39249.313    56.856     9.13    7.31
 -38962.645    58.163     4.56    5.72
 -38675.972    57.906    -0.90    5.84
 -38389.291    56.166    -6.07    6.96
 -38102.604    53.436    -9.52    6.93
 -37815.910    50.422   -10.51    5.76
 -37529.209    48.348    -7.23    4.03
 -37242.502    47.456    -3.11    3.32
 -36955.787    47.830     1.30    3.89
 -36669.067    48.602     2.69    4.10
 -36382.339    49.246     2.24    4.42
 -36095.604    49.742     1.73    4.45
 -35808.863    49.614    -0.45    4.66
 -35522.115    49.646     0.11    4.83
 -35235.361    49.637    -0.03    4.99
 -34948.599    49.246    -1.36    5.81
 -34661.831    48.602    -2.24    6.34
 -34375.056    47.535    -3.72    6.29
 -34088.274    46.855    -2.37    6.72
 -33801.486    47.067     0.74    7.01
 -33514.691    45.781    -4.49    7.69
 -33227.889    43.189    -9.04    9.96
 -32941.080    40.217   -10.36   12.18
 -32654.265    37.127   -10.78   13.11
 -32367.443    34.246   -10.05   12.95
 -32080.614    31.050   -11.14   11.78
 -31793.778    27.565   -12.15   10.65
 -31506.936    25.225    -8.16   10.27
 -31220.087    23.468    -6.12    9.02
 -30933.231    22.195    -4.44    8.14
 -30646.368    23.138     3.29   10.16
 -30359.499    25.260     7.40   12.76
 -30072.622    29.070    13.28   15.21
 -29785.740    34.203    17.89   15.21
 -29498.850    38.174    13.84   14.23
 -29211.953    42.854    16.31   12.51
 -28925.050    46.572    12.96   10.59
 -28638.140    49.419     9.92    8.54
 -28351.223    50.289     3.03    6.94
 -28064.300    49.466    -2.87    7.93
 -27777.370    47.344    -7.40    9.91
 -27490.433    45.649    -5.91   10.66
 -27203.489    44.352    -4.52   10.42
 -26916.538    43.828    -1.83    9.59
 -26629.581    45.014     4.14    8.93
 -26342.617    47.253     7.80    8.56
 -26055.646    50.392    10.94    7.57
 -25768.669    52.197     6.29    6.04
 -25481.684    52.645     1.56    5.34
 -25194.693    51.901    -2.59    5.19
 -24907.695    50.866    -3.60    5.34
 -24620.691    49.577    -4.49    5.22
 -24333.679    47.964    -5.62    4.80
 -24046.661    46.217    -6.08    4.34
 -23759.636    44.057    -7.53    5.03
 -23472.604    42.450    -5.60    5.23
 -23185.566    42.368    -0.28    5.22
 -22898.520    42.875     1.76    5.53
 -22611.468    43.717     2.94    5.41
 -22324.410    44.814     3.82    5.36
 -22037.344    44.367    -1.56    6.33
 -21750.272    43.739    -2.19    7.15
 -21463.192    42.917    -2.86    7.50
 -21176.107    42.455    -1.61    7.02
 -20889.014    41.913    -1.89    6.50
 -20601.914    43.149     4.31    6.91
 -20314.808    45.565     8.42    7.21
 -20027.695    49.268    12.90    6.94
 -19740.575    52.304    10.58    6.09
 -19453.449    54.148     6.42    5.43
 -19166.315    54.896     2.61    5.71
 -18879.175    54.710    -0.65    6.19
 -18592.028    55.181     1.64    7.28
 -18304.875    55.499     1.11    7.85
 -18017.714    54.408    -3.80    7.67
 -17730.851    51.404   -10.47    9.63
 -17445.052    47.310   -14.32   12.50
 -17159.246    42.783   -15.84   15.16
 -16873.435    38.781   -14.00   15.05
 -16587.618    35.927    -9.98   13.28
 -16301.794    35.023    -3.16   12.23
 -16015.965    36.344     4.62   12.85
 -15730.130    40.505    14.56   14.00
 -15444.289    45.563    17.70   13.76
 -15158.441    50.521    17.35   10.92
 -14872.588    54.147    12.68   11.05
 -14586.729    55.473     4.64   11.39
 -14300.864    56.021     1.92   11.73
 -14014.993    55.817    -0.71   11.91
 -13729.116    54.756    -3.71   12.87
 -13443.233    53.787    -3.39   13.99
 -13157.344    51.832    -6.84   14.49
 -12871.449    48.949   -10.08   14.33
 -12585.549    45.332   -12.65   14.01
 -12299.642    41.581   -13.12   13.48
 -12013.729    37.996   -12.54   12.40
 -11727.810    35.796    -7.69   12.24
 -11441.886    32.703   -10.82   12.90
 -11155.955    27.697   -17.51   15.59
 -10870.019    23.324   -15.29   16.60
 -10584.076    19.174   -14.51   17.69
 -10298.128    13.491   -19.87   18.41
 -10012.173     9.001   -15.70   17.17
  -9726.213     5.022   -13.91   13.14
  -9440.246     2.958    -7.22   10.57
  -9154.274     1.210    -6.11    7.45
  -8868.295    -0.123    -4.66    4.50
  -8582.311     0.460     2.04    3.90
  -8296.321     1.246     2.75    2.82
  -8010.325     0.987    -0.91    1.78
  -7724.322     0.439    -1.92    1.03
  -7438.314     0.140    -1.04    0.42
  -7152.300     0.232     0.32    0.08
  -6866.280     0.239     0.02    0.00
  -6580.254     0.239     0.00    0.00
  -6294.222     0.239     0.00    0.00
  -6008.184     0.239     0.00    0.00
  -5722.140     0.239     0.00    0.00
  -5436.090     0.239     0.00    0.00
  -5150.034     0.239     0.00    0.00
  -4863.972     0.239     0.00    0.00
  -4577.904     0.239     0.00    0.00
  -4291.830     0.239     0.00    0.00
  -4005.750     0.239     0.00    0.00
  -3719.664     0.239     0.00    0.00
  -3433.572     0.239     0.00    0.00
  -3147.474     0.239     0.00    0.00
  -2861.371     0.239     0.00    0.00
  -2575.261     0.239     0.00    0.00
  -2289.145     0.239     0.00    0.00
  -2003.023     0.239     0.00    0.00
  -1716.896     0.239     0.00    0.00
  -1430.762     0.232    -0.02    0.08
  -1144.622     0.204    -0.10    0.18
   -858.477     0.174    -0.10    0.25
   -572.325     0.145    -0.10    0.29
   -286.167     0.065    -0.28    0.42
     -0.004    -0.013    -0.27    0.53
    286.166    -0.121    -0.38    0.66
    572.341    -0.178    -0.20    0.78
    858.523    -0.286    -0.37    0.95
   1144.711    -0.495    -0.73    1.15
   1430.904    -0.529    -0.12    1.34
   1717.104    -0.594    -0.23    1.41
   2003.309    -0.624    -0.10    1.64
   2289.521    -1.022    -1.39    2.93
   2575.738    -2.404    -4.83    4.49
   2861.961    -3.640    -4.32    4.53
   3148.191    -4.114    -1.66    4.93
   3434.426    -4.483    -1.29    5.33
   3720.668    -4.343     0.49    5.76
   4006.915    -4.290     0.19    6.19
   4293.169    -4.145     0.51    6.02
   4579.428    -3.460     2.39    5.64
   4865.693    -2.942     1.81    5.16
   5151.965    -1.933     3.53    4.34
   5438.242    -1.290     2.25    3.99
   5724.526    -1.282     0.03    3.99
   6010.815    -1.411    -0.45    4.17
   6297.110    -1.296     0.40    4.10
   6583.412    -1.029     0.93    4.11
   6869.719    -0.934     0.33    4.04
   7156.032    -1.202    -0.94    3.80
   7442.352    -1.115     0.30    3.77
   7728.677    -0.833     0.99    3.31
   8015.008    -0.078     2.64    3.31
   8301.346     0.609     2.40    3.59
   8587.689     1.701     3.82    4.76
   8874.038     3.406     5.95    6.07
   9160.394     6.045     9.22    6.86
   9446.755     8.854     9.81    6.82
   9733.122    11.728    10.04    6.45
  10019.496    14.296     8.97    5.61
  10305.875    16.886     9.04    4.44
  10592.260    18.601     5.99    3.98
  10878.651    20.040     5.03    3.88
  11165.049    21.668     5.68    3.97
  11451.452    23.153     5.18    3.96
  11737.861    24.686     5.35    3.88
  12024.277    26.001     4.59    3.72
  12310.698    27.287     4.49    3.39
  12597.125    28.362     3.75    2.77
  12883.559    29.449     3.79    2.30
  13169.998    30.096     2.26    2.39
  13456.444    30.869     2.70    2.59
  13742.895    31.462     2.07    3.02
  14029.352    32.354     3.11    3.43
  14315.816    33.414     3.70    3.44
  14602.285    34.826     4.93    3.69
  14888.760    35.956     3.94    4.15
  15175.242    36.695     2.58    4.16
  15461.729    37.429     2.56    3.74
  15748.223    38.246     2.85    3.42
  16034.722    39.140     3.12    3.32
  16321.228    40.446     4.56    3.62
  16607.739    41.976     5.34    3.93
  16894.256    44.008     7.09    4.63
  17180.780    46.753     9.58    5.49
  17467.309    49.601     9.94    6.76
  17753.845    53.500    13.61    8.00
  18040.387    57.395    13.60    9.80
  18326.934    63.032    19.67   12.97
  18613.488    70.260    25.23   15.60
  18900.047    77.786    26.26   16.02
  19186.613    84.484    23.37   14.34
  19473.184    90.903    22.40   11.44
  19759.762    95.138    14.78    8.56
  20046.346    98.570    11.97    6.02
  20332.935    99.863     4.51    7.39
  20619.531   101.464     5.59    8.87
  20906.133   103.700     7.80    8.65
  21192.740   104.582     3.08    8.33
  21479.354   103.764    -2.85    9.30
  21765.974   101.029    -9.54   12.32
  22052.600    95.336   -19.86   15.65
  22339.231    89.195   -21.42   16.67
  22625.869    83.728   -19.07   14.24
  22912.513    81.756    -6.88   11.99
  23199.163    81.494    -0.91   12.59
  23485.819    84.915    11.93   15.88
  23772.481    90.045    17.89   18.19
  24059.149    97.246    25.12   18.73
  24345.823   104.365    24.83   17.06
  24632.503   110.500    21.40   14.14
  24919.189   113.539    10.60   12.62
  25205.881   115.760     7.75   12.39
  25492.579   116.929     4.08   12.45
  25779.283   117.517     2.05   12.12
  26065.993   117.810     1.02   11.71
  26352.709   118.012     0.70   11.83
  26639.431   118.868     2.99   11.52
  26926.159   120.637     6.17   10.31
  27212.894   122.403     6.16    8.57
  27499.634   123.519     3.89    6.99
  27786.380   124.538     3.55    5.26
  28073.133   125.335     2.78    4.19
  28359.891   126.362     3.58    4.04
  28646.655   126.822     1.60    4.73
  28933.426   126.503    -1.11    5.36
  29220.202   126.142    -1.26    5.72
  29506.985   125.167    -3.40    6.00
  29793.773   123.338    -6.38    6.92
  30080.568   120.351   -10.42    7.28
  30367.368   116.535   -13.31    7.17
  30654.175   113.660   -10.02    7.48
  30940.988   111.167    -8.69    7.78
  31227.806   109.056    -7.36    7.68
  31514.631   108.393    -2.31    7.65
  31801.462   109.535     3.98    7.74
  32088.299   111.482     6.79    7.56
  32375.141   113.646     7.55    6.36
  32661.990   114.899     4.37    5.60
  32948.845   115.852     3.32    4.90
  33235.706   115.036    -2.84    7.04
  33522.573   114.435    -2.10    7.93
  33809.446   114.205    -0.80    7.57
  34096.325   113.940    -0.92    7.84
  34383.211   113.678    -0.92    8.27
  34670.102   112.965    -2.48    7.83
  34956.999   112.239    -2.53    7.18
  35243.902   110.847    -4.85    7.08
  35530.812   109.203    -5.73    6.80
  35817.727   107.836    -4.76    5.62
  36104.648   106.394    -5.03    4.44
  36391.576   105.924    -1.64    3.82
  36678.509   106.295     1.29    3.65
  36965.449   106.739     1.55    3.37
  37252.394   107.289     1.92    3.09
  37539.346   108.204     3.19    3.16
  37826.304   109.322     3.90    3.59
  38113.267   110.460     3.97    4.43
  38400.237   111.447     3.44    4.87
  38687.213   112.531     3.78    4.73
  38974.195   114.060     5.33    4.48
  39261.183   115.087     3.58    4.90
  39548.177   115.800     2.49    5.38
  39835.177   115.837     0.13    5.68
  40122.183   116.322     1.69    5.56
  40409.195   116.412     0.31    4.74
  40696.213   116.842     1.50    3.95
  40983.237   116.844     0.01    3.08
  41270.268   116.288    -1.94    3.09
  41557.304   115.189    -3.83    4.03
  41844.347   112.996    -7.64    5.64
  42131.395   110.056   -10.24    6.59
  42418.450   107.099   -10.30    6.99
  42705.510   103.697   -11.85    7.54
  42992.577   100.867    -9.86    7.49
  43279.649    97.829   -10.58    6.44
  43566.728    95.818    -7.00    5.98
  43853.813    94.672    -3.99    6.89
  44140.543    95.253     2.03    7.72
  44426.418    97.094     6.44    9.40
  44712.297    99.551     8.60   10.82
  44998.182   100.080     1.85   11.80
  45284.073   101.113     3.61   12.29
  45569.968   102.203     3.81   11.59
  45855.869   101.951    -0.88   11.31
  46141.775   101.379    -2.00   10.87
  46427.686    99.568    -6.33    9.22
  46713.602    96.999    -8.98    9.61
  46999.524    94.803    -7.68   10.51
  47285.451    93.446    -4.75   10.68
  47571.383    94.161     2.50   10.97
  47857.321    96.303     7.49   10.91
  48143.264    99.703    11.89   11.08
  48429.212   103.879    14.61   11.57
  48715.165   108.817    17.27   10.50
  49001.124   111.440     9.17    8.13
  49287.087   111.777     1.18    8.51
  49573.056   111.046    -2.56   10.12
  49859.031   108.882    -7.57   11.48
  50145.010   106.408    -8.65   12.07
  50430.995   104.565    -6.44   11.89
  50716.985   103.542    -3.58   10.99
  51002.980   105.108     5.48   11.97
  51288.981   107.108     6.99   13.20
  51574.987   110.169    10.70   13.66
  51860.998   114.232    14.20   13.72
  52147.014   118.190    13.84   12.18
  52433.036   121.267    10.76    9.20
  52719.063   121.239    -0.10    7.21
  53005.095   120.029    -4.23    6.72
  53291.133   117.781    -7.86    7.72
  53577.175   115.105    -9.36    7.91
  53863.223   113.406    -5.94    7.13
  54149.276   112.253    -4.03    6.36
  54435.335   111.714    -1.88    5.59
  54721.399   111.906     0.67    5.10
  55007.468   112.839     3.26    5.09
  55293.542   114.375     5.37    5.01
  55579.621   115.927     5.43    4.89
  55865.706   117.149     4.27    5.49
  56151.796   117.211     0.22    6.21
  56437.892   117.577     1.28    6.57
  56723.992   116.584    -3.47    7.25
  57010.098   115.190    -4.87    7.66
  57296.209   113.640    -5.42    7.84
  57582.326   111.687    -6.83    7.16
  57868.447   110.304    -4.84    5.46
  58154.574   110.512     0.73    5.87
  58440.707   111.917     4.91    6.88
  58726.844   114.308     8.36    8.56
  59012.987   117.565    11.38   10.80
  59299.135   122.196    16.18   12.10
  59585.288   127.026    16.88   11.38
  59871.447   131.435    15.41    8.85
  60157.610   134.531    10.82    5.92
  60443.780   136.477     6.80    3.73
  60729.954   137.261     2.74    3.07
  61016.134   136.447    -2.84    3.62
  61302.319   135.475    -3.40    4.11
  61588.509   133.647    -6.39    4.28
  61874.704   131.920    -6.04    4.26
  62160.905   129.375    -8.89    5.15
  62447.111   126.181   -11.16    6.59
  62733.322   121.697   -15.67    9.66
  63019.539   117.593   -14.34   10.67
  63305.761   113.584   -14.01   10.80
  63591.988   109.390   -14.65   10.94
  63878.220   106.415   -10.39    9.71
  64164.458   105.423    -3.47    9.56
  64450.701   104.742    -2.38   10.33
  64736.949   105.570     2.89   11.75
  65023.203   107.217     5.76   12.44
  65309.461   108.763     5.40   12.45
  65595.725   109.591     2.89   11.66
  65881.995   109.274    -1.11   11.39
  66168.269   108.381    -3.12    9.84
  66454.549   105.816    -8.96   10.57
  66740.834   102.770   -10.64   10.46
  67027.125   100.057    -9.48   10.21
  67313.421    97.812    -7.84   11.80
  67599.722    94.971    -9.93   14.60
  67886.028    90.560   -15.40   15.82
  68172.340    87.010   -12.40   15.36
  68458.656    84.316    -9.41   13.54
  68744.979    83.896    -1.47   12.43
  69031.306    82.946    -3.32   11.96
  69317.639    79.376   -12.47   14.99
  69603.977    78.010    -4.77   15.79
  69890.320    78.107     0.34   16.43
  70176.669    78.775     2.33   17.77
  70463.023    78.555    -0.77   18.07
  70749.382    77.915    -2.24   18.55
  71035.746    79.225     4.58   17.73
  71322.116    82.722    12.21   12.71
  71608.491    82.384    -1.18   11.91
  71894.871    81.014    -4.78   11.15
  72181.257    81.714     2.44   10.92
  72467.648    84.465     9.60   10.10
  72754.044    87.746    11.46    7.89
  73040.445    90.066     8.10    6.40
  73326.852    90.501     1.52    5.95
  73613.264    89.850    -2.27    7.01
  73899.681    87.980    -6.53    8.10
  74186.104    86.112    -6.52    8.35
  74472.532    84.325    -6.24    8.39
  74758.965    82.104    -7.75    8.62
  75045.403    80.366    -6.07    8.87
  75331.847    76.544   -13.34   11.26
  75618.296    69.515   -24.54   17.59
  75904.751    61.782   -27.00   21.06
  76191.210    54.389   -25.81   19.70
  76477.675    50.393   -13.95   17.30
  76764.145    49.519    -3.05   15.47
  77050.621    50.548     3.59   15.63
  77337.102    54.167    12.63   16.43
  77623.588    59.802    19.67   15.09
  77910.079    64.457    16.25   13.08
  78196.576    66.892     8.50   12.27
  78483.078    68.059     4.07   12.49
  78769.585    68.297     0.83   12.07
  79056.098    69.323     3.58   11.30
  79342.616    71.527     7.69   11.28
  79629.139    72.774     4.35   12.04
  79915.667    75.764    10.44   13.73
  80202.201    81.318    19.38   16.05
  80488.740    87.461    21.44   16.64
  80775.285    96.301    30.85   16.04
  81061.834   103.463    24.99   15.67
  81348.389   108.125    16.27   13.95
  81634.950   110.425     8.02   11.39
  81921.515   111.246     2.87   10.55
  82208.086   110.626    -2.16   11.86
  82494.662   108.530    -7.32   12.26
  82781.244   104.951   -12.49   11.27
  83067.830   101.043   -13.64   10.65
  83354.423    97.946   -10.81   10.05
  83641.020    95.528    -8.43    8.95
  83927.623    93.492    -7.11    8.29
